#define SVG t 1 1 \n_99%svg%
t 2 10 14 1 1 0 0 0 0 -1.35
_00
8 1 0 0 0 200
8 2 0 -6 0 200
14 1 0 2
14 1 200 2
14 1 0 2 8
3 2 2
3 1 2 0 1
1 2 25 5 0 -1 4 0 0 0 99 0 0 2.90104
1 2 25 6 0 -1 4 0 0 0 99 0 0 7.44298
1 2 25 7 0 -1 4 0 0 0 99 0 0 4.03653
1 2 25 7 0 -1 4 0 0 0 99 0 0 7.44298
1 2 25 8 0 -1 4 0 0 0 99 0 0 12.5527
1 2 25 8 0 -1 4 0 0 0 99 0 0 5.73975
1 2 25 9 0 -1 4 0 0 0 99 0 0 15.3914
1 2 25 10 0 -1 4 0 0 0 99 0 0 19.9333
1 2 25 11 0 -1 4 0 0 0 99 0 0 15.9591
1 2 25 11 0 -1 4 0 0 0 99 0 0 2.90104
1 2 25 12 0 -1 4 0 0 0 99 0 0 6.30749
1 2 25 13 0 -1 4 0 0 0 99 0 0 4.60427
t 1 25 -3 1 1 0 0 0 0 -2
_00Canto
1 2 25 5 0 0 4 0 0 -2
1 2 25 13 0 0 4 0 0 -2
1 2 25 109 0 1 4 0 0 -1.66
1 1 97.5 9 0 -1 4 0 0 0 99 0 0 2.82219
1 1 97.5 10 0 -1 4 0 0 0 99 0 0 4.28886
1 1 97.5 11 0 -1 4 0 0 0 99 0 0 7.22219
1 1 97.5 12 0 -1 4 0 0 0 99 0 0 5.75552
1 2 97.5 1 0 -1 4 0 0 0 99 0 0 9.17774
1 2 97.5 1 0 -1 4 0 0 0 99 0 0 5.26663
1 2 97.5 2 0 -1 4 0 0 0 99 0 0 16.5111
1 2 97.5 3 0 -1 4 0 0 0 99 0 0 19.9333
1 2 97.5 4 0 -1 4 0 0 0 99 0 0 13.0889
1 2 97.5 4 0 -1 4 0 0 0 99 0 0 2.82219
1 2 97.5 5 0 -1 4 0 0 0 99 0 0 10.6444
1 2 97.5 6 0 -1 4 0 0 0 99 0 0 2.82219
1 2 97.5 6 0 -1 4 0 0 0 99 0 0 5.75552
t 1 97.5 -3 1 1 0 0 0 0 -2
_00Quinto
1 1 97.5 9 0 0 4 0 0 -2
1 2 97.5 6 0 0 4 0 0 -2
1 2 97.5 103 0 1 4 0 0 -1.66
1 1 170 6 0 -1 4 0 0 0 99 0 0 4.4453
1 1 170 7 0 -1 4 0 0 0 99 0 0 10.0773
1 1 170 8 0 -1 4 0 0 0 99 0 0 8.6693
1 1 170 9 0 -1 4 0 0 0 99 0 0 12.8933
1 1 170 9 0 -1 4 0 0 0 99 0 0 3.0373
1 1 170 10 0 -1 4 0 0 0 99 0 0 10.7813
1 1 170 11 0 -1 4 0 0 0 99 0 0 19.9333
1 1 170 12 0 -1 4 0 0 0 99 0 0 6.5573
1 1 170 12 0 -1 4 0 0 0 99 0 0 5.1493
1 2 170 1 0 -1 4 0 0 0 99 0 0 12.8933
1 2 170 2 0 -1 4 0 0 0 99 0 0 10.0773
1 2 170 4 0 -1 4 0 0 0 99 0 0 3.0373
t 1 170 -3 1 1 0 0 0 0 -2
_00Basso
1 1 170 6 0 0 4 0 0 -2
1 2 170 4 0 0 4 0 0 -2
1 1 170 111 0 1 4 0 0 -1.66
