#define SVG t 1 1 \n_99%svg%
t 2 10 14 1 1 0 0 0 0 -1.35
_00
8 1 0 0 0 200
8 2 0 -6 0 200
14 1 0 2
14 1 200 2
14 1 0 2 8
3 2 2
3 1 2 0 1
1 2 25 2 0 -1 4 0 0 0 99 0 0 2.91997
1 2 25 3 0 -1 4 0 0 0 99 0 0 5.26663
1 2 25 4 0 -1 4 0 0 0 99 0 0 4.67997
1 2 25 5 0 -1 4 0 0 0 99 0 0 3.50663
1 2 25 6 0 -1 4 0 0 0 99 0 0 7.6133
1 2 25 6 0 -1 4 0 0 0 99 0 0 16.4133
1 2 25 7 0 -1 4 0 0 0 99 0 0 2.91997
1 2 25 7 0 -1 4 0 0 0 99 0 0 19.9333
1 2 25 8 0 -1 4 0 0 0 99 0 0 8.19997
1 2 25 8 0 -1 4 0 0 0 99 0 0 5.26663
1 2 25 9 0 -1 4 0 0 0 99 0 0 10.5466
1 2 25 10 0 -1 4 0 0 0 99 0 0 5.26663
1 2 25 10 0 -1 4 0 0 0 99 0 0 15.8266
t 1 25 -3 1 1 0 0 0 0 -2
_00Canto
1 2 25 2 0 0 4 0 0 -2
1 2 25 10 0 0 4 0 0 -2
1 2 25 107 0 1 4 0 0 -1.66
1 2 54 3 0 -1 4 0 0 0 99 0 0 6.13871
1 2 54 4 0 -1 4 0 0 0 99 0 0 2.80898
1 2 54 4 0 -1 4 0 0 0 99 0 0 2.80898
1 2 54 5 0 -1 4 0 0 0 99 0 0 8.51708
1 2 54 6 0 -1 4 0 0 0 99 0 0 8.04141
1 2 54 6 0 -1 4 0 0 0 99 0 0 19.9333
1 2 54 7 0 -1 4 0 0 0 99 0 0 15.6522
1 2 54 8 0 -1 4 0 0 0 99 0 0 5.66303
1 2 54 8 0 -1 4 0 0 0 99 0 0 7.56573
1 2 54 9 0 -1 4 0 0 0 99 0 0 12.7982
1 2 54 10 0 -1 4 0 0 0 99 0 0 3.76033
1 2 54 10 0 -1 4 0 0 0 99 0 0 5.66303
1 2 54 11 0 -1 4 0 0 0 99 0 0 3.76033
t 1 54 -3 1 1 0 0 0 0 -2
_00Quinto
1 2 54 3 0 0 4 0 0 -2
1 2 54 11 0 0 4 0 0 -2
1 2 54 107 0 1 4 0 0 -1.66
1 1 83 11 0 -1 4 0 0 0 99 0 0 2.70777
1 1 83 12 0 -1 4 0 0 0 99 0 0 2.70777
1 2 83 1 0 -1 4 0 0 0 99 0 0 5.32904
1 2 83 1 0 -1 4 0 0 0 99 0 0 2.70777
1 2 83 2 0 -1 4 0 0 0 99 0 0 6.82692
1 2 83 3 0 -1 4 0 0 0 99 0 0 3.4567
1 2 83 3 0 -1 4 0 0 0 99 0 0 19.9333
1 2 83 4 0 -1 4 0 0 0 99 0 0 10.1971
1 2 83 4 0 -1 4 0 0 0 99 0 0 9.82266
1 2 83 5 0 -1 4 0 0 0 99 0 0 8.32479
1 2 83 6 0 -1 4 0 0 0 99 0 0 8.69926
1 2 83 6 0 -1 4 0 0 0 99 0 0 10.5716
1 2 83 7 0 -1 4 0 0 0 99 0 0 2.70777
t 1 83 -3 1 1 0 0 0 0 -2
_00Alto
1 1 83 11 0 0 4 0 0 -2
1 2 83 7 0 0 4 0 0 -2
1 2 83 104 0 1 4 0 0 -1.66
1 1 112 6 0 -1 4 0 0 0 99 0 0 3.31108
1 1 112 7 0 -1 4 0 0 0 99 0 0 9.17774
1 1 112 8 0 -1 4 0 0 0 99 0 0 19.9333
1 1 112 9 0 -1 4 0 0 0 99 0 0 6.24441
1 1 112 9 0 -1 4 0 0 0 99 0 0 3.31108
1 1 112 10 0 -1 4 0 0 0 99 0 0 12.1111
1 1 112 11 0 -1 4 0 0 0 99 0 0 18.9555
1 1 112 12 0 -1 4 0 0 0 99 0 0 3.31108
1 1 112 12 0 -1 4 0 0 0 99 0 0 16.0222
1 2 112 1 0 -1 4 0 0 0 99 0 0 11.1333
1 2 112 1 0 -1 4 0 0 0 99 0 0 3.31108
1 2 112 2 0 -1 4 0 0 0 99 0 0 14.0666
1 2 112 3 0 -1 4 0 0 0 99 0 0 6.24441
1 2 112 3 0 -1 4 0 0 0 99 0 0 10.1555
t 1 112 -3 1 1 0 0 0 0 -2
_00Tenor
1 1 112 6 0 0 4 0 0 -2
1 2 112 3 0 0 4 0 0 -2
1 1 112 111 0 1 4 0 0 -1.66
1 1 141 8 0 -1 4 0 0 0 99 0 0 7.09006
1 1 141 9 0 -1 4 0 0 0 99 0 0 3.76033
1 1 141 10 0 -1 4 0 0 0 99 0 0 5.18735
1 1 141 11 0 -1 4 0 0 0 99 0 0 3.76033
1 1 141 11 0 -1 4 0 0 0 99 0 0 15.6522
1 1 141 12 0 -1 4 0 0 0 99 0 0 19.9333
1 2 141 1 0 -1 4 0 0 0 99 0 0 7.09006
1 2 141 1 0 -1 4 0 0 0 99 0 0 3.28465
1 2 141 2 0 -1 4 0 0 0 99 0 0 9.46844
1 2 141 3 0 -1 4 0 0 0 99 0 0 10.8955
1 2 141 4 0 -1 4 0 0 0 99 0 0 4.236
1 2 141 5 0 -1 4 0 0 0 99 0 0 2.80898
t 1 141 -3 1 1 0 0 0 0 -2
_00Sesto
1 1 141 8 0 0 4 0 0 -2
1 2 141 5 0 0 4 0 0 -2
1 1 141 112 0 1 4 0 0 -1.66
1 1 170 3 0 -1 4 0 0 0 99 0 0 3.2133
1 1 170 4 0 -1 4 0 0 0 99 0 0 12.0133
1 1 170 5 0 -1 4 0 0 0 99 0 0 19.9333
1 1 170 6 0 -1 4 0 0 0 99 0 0 12.0133
1 1 170 6 0 -1 4 0 0 0 99 0 0 7.6133
1 1 170 7 0 -1 4 0 0 0 99 0 0 12.8933
1 1 170 8 0 -1 4 0 0 0 99 0 0 19.9333
1 1 170 9 0 -1 4 0 0 0 99 0 0 12.0133
1 1 170 10 0 -1 4 0 0 0 99 0 0 7.6133
1 1 170 11 0 -1 4 0 0 0 99 0 0 3.2133
1 1 170 11 0 -1 4 0 0 0 99 0 0 10.2533
1 1 170 12 0 -1 4 0 0 0 99 0 0 3.2133
1 2 170 1 0 -1 4 0 0 0 99 0 0 4.0933
t 1 170 -3 1 1 0 0 0 0 -2
_00Basso
1 1 170 3 0 0 4 0 0 -2
1 2 170 1 0 0 4 0 0 -2
1 1 170 107 0 1 4 0 0 -1.66
