#define SVG t 1 1 \n_99%svg%
t 2 10 14 1 1 0 0 0 0 -1.35
_00
8 1 0 0 0 200
8 2 0 -6 0 200
14 1 0 2
14 1 200 2
14 1 0 2 8
3 2 2
3 1 2 0 1
1 2 25 2 0 -1 4 0 0 0 99 0 0 5.04099
1 2 25 3 0 -1 4 0 0 0 99 0 0 5.71792
1 2 25 4 0 -1 4 0 0 0 99 0 0 7.74868
1 2 25 4 0 -1 4 0 0 0 99 0 0 6.39484
1 2 25 5 0 -1 4 0 0 0 99 0 0 15.8718
1 2 25 6 0 -1 4 0 0 0 99 0 0 15.1948
1 2 25 7 0 -1 4 0 0 0 99 0 0 15.1948
1 2 25 7 0 -1 4 0 0 0 99 0 0 3.68715
1 2 25 8 0 -1 4 0 0 0 99 0 0 19.9333
1 2 25 8 0 -1 4 0 0 0 99 0 0 3.68715
1 2 25 9 0 -1 4 0 0 0 99 0 0 13.1641
1 2 25 10 0 -1 4 0 0 0 99 0 0 4.36407
1 2 25 10 0 -1 4 0 0 0 99 0 0 3.68715
1 2 25 11 0 -1 4 0 0 0 99 0 0 3.01022
t 1 25 -3 1 1 0 0 0 0 -2
_00Canto
1 2 25 2 0 0 4 0 0 -2
1 2 25 11 0 0 4 0 0 -2
1 2 25 107 0 1 4 0 0 -1.66
1 1 170 2 0 -1 4 0 0 0 99 0 0 9.87616
1 1 170 3 0 -1 4 0 0 0 99 0 0 14.9047
1 1 170 4 0 -1 4 0 0 0 99 0 0 13.6476
1 1 170 5 0 -1 4 0 0 0 99 0 0 17.419
1 1 170 6 0 -1 4 0 0 0 99 0 0 16.1619
1 1 170 7 0 -1 4 0 0 0 99 0 0 19.9333
1 1 170 8 0 -1 4 0 0 0 99 0 0 7.36187
1 1 170 9 0 -1 4 0 0 0 99 0 0 11.1333
1 1 170 10 0 -1 4 0 0 0 99 0 0 7.36187
t 1 170 -3 1 1 0 0 0 0 -2
_00B.c.
1 1 170 2 0 0 4 0 0 -2
1 1 170 10 0 0 4 0 0 -2
1 1 170 106 0 1 4 0 0 -1.66
