#define SVG t 1 1 \n_99%svg%
t 2 10 14 1 1 0 0 0 0 -1.35
_00
8 1 0 0 0 200
8 2 0 -6 0 200
14 1 0 2
14 1 200 2
14 1 0 2 8
3 2 2
3 1 2 0 1
1 2 25 2 0 -1 4 0 0 0 99 0 0 5.26663
1 2 25 3 0 -1 4 0 0 0 99 0 0 5.99997
1 2 25 4 0 -1 4 0 0 0 99 0 0 7.46663
1 2 25 4 0 -1 4 0 0 0 99 0 0 8.19997
1 2 25 5 0 -1 4 0 0 0 99 0 0 14.8
1 2 25 6 0 -1 4 0 0 0 99 0 0 19.9333
1 2 25 7 0 -1 4 0 0 0 99 0 0 18.4666
1 2 25 7 0 -1 4 0 0 0 99 0 0 3.06663
1 2 25 8 0 -1 4 0 0 0 99 0 0 18.4666
1 2 25 9 0 -1 4 0 0 0 99 0 0 15.5333
1 2 25 10 0 -1 4 0 0 0 99 0 0 8.19997
1 2 25 10 0 -1 4 0 0 0 99 0 0 3.79997
1 2 25 11 0 -1 4 0 0 0 99 0 0 4.5333
t 1 25 -3 1 1 0 0 0 0 -2
_00Canto
1 2 25 2 0 0 4 0 0 -2
1 2 25 11 0 0 4 0 0 -2
1 2 25 107 0 1 4 0 0 -1.66
1 1 170 2 0 -1 4 0 0 0 99 0 0 3.25962
1 1 170 3 0 -1 4 0 0 0 99 0 0 14.3754
1 1 170 4 0 -1 4 0 0 0 99 0 0 5.11225
1 1 170 5 0 -1 4 0 0 0 99 0 0 8.81751
1 1 170 5 0 -1 4 0 0 0 99 0 0 6.96488
1 1 170 6 0 -1 4 0 0 0 99 0 0 9.74383
1 1 170 6 0 -1 4 0 0 0 99 0 0 3.25962
1 1 170 7 0 -1 4 0 0 0 99 0 0 19.9333
1 1 170 8 0 -1 4 0 0 0 99 0 0 7.89119
1 1 170 8 0 -1 4 0 0 0 99 0 0 6.03856
1 1 170 9 0 -1 4 0 0 0 99 0 0 11.5965
1 1 170 9 0 -1 4 0 0 0 99 0 0 5.11225
1 1 170 10 0 -1 4 0 0 0 99 0 0 8.81751
1 1 170 11 0 -1 4 0 0 0 99 0 0 3.25962
1 1 170 12 0 -1 4 0 0 0 99 0 0 4.18593
t 1 170 -3 1 1 0 0 0 0 -2
_00B.c.
1 1 170 2 0 0 4 0 0 -2
1 1 170 12 0 0 4 0 0 -2
1 1 170 107 0 1 4 0 0 -1.66
