#define SVG t 1 1 \n_99%svg%
t 2 10 14 1 1 0 0 0 0 -1.35
_00
8 1 0 0 0 200
8 2 0 -6 0 200
14 1 0 2
14 1 200 2
14 1 0 2 8
3 2 2
3 1 2 0 1
1 2 25 4 0 -1 4 0 0 0 99 0 0 3.79997
1 2 25 5 0 -1 4 0 0 0 99 0 0 7.22219
1 2 25 6 0 -1 4 0 0 0 99 0 0 7.22219
1 2 25 7 0 -1 4 0 0 0 99 0 0 3.31108
1 2 25 7 0 -1 4 0 0 0 99 0 0 11.1333
1 2 25 8 0 -1 4 0 0 0 99 0 0 19.9333
1 2 25 8 0 -1 4 0 0 0 99 0 0 2.82219
1 2 25 9 0 -1 4 0 0 0 99 0 0 16.0222
1 2 25 10 0 -1 4 0 0 0 99 0 0 10.1555
1 2 25 11 0 -1 4 0 0 0 99 0 0 5.26663
1 2 25 12 0 -1 4 0 0 0 99 0 0 3.79997
1 2 25 13 0 -1 4 0 0 0 99 0 0 2.82219
t 1 25 -3 1 1 0 0 0 0 -2
_00Canto
1 2 25 4 0 0 4 0 0 -2
1 2 25 13 0 0 4 0 0 -2
1 2 25 108 0 1 4 0 0 -1.66
1 2 97.5 3 0 -1 4 0 0 0 99 0 0 3.7413
1 2 97.5 4 0 -1 4 0 0 0 99 0 0 6.5573
1 2 97.5 4 0 -1 4 0 0 0 99 0 0 3.0373
1 2 97.5 5 0 -1 4 0 0 0 99 0 0 12.8933
1 2 97.5 6 0 -1 4 0 0 0 99 0 0 16.4133
1 2 97.5 7 0 -1 4 0 0 0 99 0 0 3.0373
1 2 97.5 7 0 -1 4 0 0 0 99 0 0 14.3013
1 2 97.5 8 0 -1 4 0 0 0 99 0 0 17.8213
1 2 97.5 9 0 -1 4 0 0 0 99 0 0 17.1173
1 2 97.5 10 0 -1 4 0 0 0 99 0 0 19.9333
1 2 97.5 11 0 -1 4 0 0 0 99 0 0 8.6693
1 2 97.5 12 0 -1 4 0 0 0 99 0 0 5.8533
t 1 97.5 -3 1 1 0 0 0 0 -2
_00Quinto
1 2 97.5 3 0 0 4 0 0 -2
1 2 97.5 12 0 0 4 0 0 -2
1 2 97.5 108 0 1 4 0 0 -1.66
1 1 170 6 0 -1 4 0 0 0 99 0 0 7.02663
1 1 170 7 0 -1 4 0 0 0 99 0 0 5.8533
1 1 170 8 0 -1 4 0 0 0 99 0 0 8.78663
1 1 170 9 0 -1 4 0 0 0 99 0 0 9.3733
1 1 170 9 0 -1 4 0 0 0 99 0 0 2.91997
1 1 170 10 0 -1 4 0 0 0 99 0 0 19.9333
1 1 170 11 0 -1 4 0 0 0 99 0 0 9.95997
1 1 170 12 0 -1 4 0 0 0 99 0 0 4.0933
1 1 170 12 0 -1 4 0 0 0 99 0 0 7.6133
1 2 170 1 0 -1 4 0 0 0 99 0 0 16.4133
1 2 170 2 0 -1 4 0 0 0 99 0 0 8.78663
1 2 170 3 0 -1 4 0 0 0 99 0 0 4.0933
1 2 170 4 0 -1 4 0 0 0 99 0 0 3.50663
t 1 170 -3 1 1 0 0 0 0 -2
_00Basso
1 1 170 6 0 0 4 0 0 -2
1 2 170 4 0 0 4 0 0 -2
1 1 170 110 0 1 4 0 0 -1.66
