#define SVG t 1 1 \n_99%svg%
t 2 10 14 1 1 0 0 0 0 -1.35
_00
8 1 0 0 0 200
8 2 0 -6 0 200
14 1 0 2
14 1 200 2
14 1 0 2 8
3 2 2
3 1 2 0 1
1 2 25 4 0 -1 4 0 0 0 99 0 0 3.54709
1 2 25 5 0 -1 4 0 0 0 99 0 0 9.61606
1 2 25 6 0 -1 4 0 0 0 99 0 0 12.0436
1 2 25 7 0 -1 4 0 0 0 99 0 0 2.9402
1 2 25 7 0 -1 4 0 0 0 99 0 0 13.2574
1 2 25 8 0 -1 4 0 0 0 99 0 0 19.9333
1 2 25 9 0 -1 4 0 0 0 99 0 0 15.0781
1 2 25 10 0 -1 4 0 0 0 99 0 0 15.685
1 2 25 11 0 -1 4 0 0 0 99 0 0 10.223
1 2 25 12 0 -1 4 0 0 0 99 0 0 7.18847
1 2 25 13 0 -1 4 0 0 0 99 0 0 3.54709
t 1 25 -3 1 1 0 0 0 0 -2
_00Canto
1 2 25 4 0 0 4 0 0 -2
1 2 25 13 0 0 4 0 0 -2
1 2 25 108 0 1 4 0 0 -1.66
1 2 97.5 3 0 -1 4 0 0 0 99 0 0 2.85095
1 2 97.5 4 0 -1 4 0 0 0 99 0 0 4.40389
1 2 97.5 4 0 -1 4 0 0 0 99 0 0 3.36859
1 2 97.5 5 0 -1 4 0 0 0 99 0 0 10.098
1 2 97.5 6 0 -1 4 0 0 0 99 0 0 3.88624
1 2 97.5 6 0 -1 4 0 0 0 99 0 0 12.1686
1 2 97.5 7 0 -1 4 0 0 0 99 0 0 3.36859
1 2 97.5 7 0 -1 4 0 0 0 99 0 0 11.1333
1 2 97.5 8 0 -1 4 0 0 0 99 0 0 19.9333
1 2 97.5 8 0 -1 4 0 0 0 99 0 0 2.85095
1 2 97.5 9 0 -1 4 0 0 0 99 0 0 13.2039
1 2 97.5 10 0 -1 4 0 0 0 99 0 0 12.6862
1 2 97.5 11 0 -1 4 0 0 0 99 0 0 9.06271
1 2 97.5 11 0 -1 4 0 0 0 99 0 0 2.85095
1 2 97.5 12 0 -1 4 0 0 0 99 0 0 6.99212
t 1 97.5 -3 1 1 0 0 0 0 -2
_00Quinto
1 2 97.5 3 0 0 4 0 0 -2
1 2 97.5 12 0 0 4 0 0 -2
1 2 97.5 108 0 1 4 0 0 -1.66
1 1 170 3 0 -1 4 0 0 0 99 0 0 3.1714
1 1 170 6 0 -1 4 0 0 0 99 0 0 11.5523
1 1 170 7 0 -1 4 0 0 0 99 0 0 9.87616
1 1 170 8 0 -1 4 0 0 0 99 0 0 9.03806
1 1 170 9 0 -1 4 0 0 0 99 0 0 14.9047
1 1 170 10 0 -1 4 0 0 0 99 0 0 19.9333
1 1 170 11 0 -1 4 0 0 0 99 0 0 13.2285
1 1 170 12 0 -1 4 0 0 0 99 0 0 3.1714
1 1 170 12 0 -1 4 0 0 0 99 0 0 8.19997
1 2 170 1 0 -1 4 0 0 0 99 0 0 14.0666
1 2 170 1 0 -1 4 0 0 0 99 0 0 4.00949
1 2 170 2 0 -1 4 0 0 0 99 0 0 9.03806
1 2 170 3 0 -1 4 0 0 0 99 0 0 5.68568
1 2 170 4 0 -1 4 0 0 0 99 0 0 4.84759
1 2 170 5 0 -1 4 0 0 0 99 0 0 3.1714
t 1 170 -3 1 1 0 0 0 0 -2
_00Basso
1 1 170 3 0 0 4 0 0 -2
1 2 170 5 0 0 4 0 0 -2
1 1 170 110 0 1 4 0 0 -1.66
