#define SVG t 1 1 \n_99%svg%
t 2 10 14 1 1 0 0 0 0 -1.35
_00
8 1 0 0 0 200
8 2 0 -6 0 200
14 1 0 2
14 1 200 2
14 1 0 2 8
3 2 2
3 1 2 0 1
1 2 25 4 0 -1 4 0 0 0 99 0 0 2.86663
1 2 25 5 0 -1 4 0 0 0 99 0 0 6.59997
1 2 25 6 0 -1 4 0 0 0 99 0 0 2.86663
1 2 25 6 0 -1 4 0 0 0 99 0 0 11.4
1 2 25 7 0 -1 4 0 0 0 99 0 0 19.9333
1 2 25 8 0 -1 4 0 0 0 99 0 0 14.0666
1 2 25 8 0 -1 4 0 0 0 99 0 0 2.86663
1 2 25 9 0 -1 4 0 0 0 99 0 0 11.4
1 2 25 10 0 -1 4 0 0 0 99 0 0 7.1333
t 1 25 -3 1 1 0 0 0 0 -2
_00Canto
1 2 25 4 0 0 4 0 0 -2
1 2 25 10 0 0 4 0 0 -2
1 2 25 107 0 1 4 0 0 -1.66
1 1 73.3333 11 0 -1 4 0 0 0 99 0 0 3.28465
1 1 73.3333 12 0 -1 4 0 0 0 99 0 0 5.18735
1 2 73.3333 1 0 -1 4 0 0 0 99 0 0 4.236
1 2 73.3333 1 0 -1 4 0 0 0 99 0 0 2.80898
1 2 73.3333 2 0 -1 4 0 0 0 99 0 0 8.51708
1 2 73.3333 3 0 -1 4 0 0 0 99 0 0 19.9333
1 2 73.3333 4 0 -1 4 0 0 0 99 0 0 8.99276
1 2 73.3333 4 0 -1 4 0 0 0 99 0 0 6.13871
1 2 73.3333 5 0 -1 4 0 0 0 99 0 0 13.7495
1 2 73.3333 6 0 -1 4 0 0 0 99 0 0 3.28465
1 2 73.3333 6 0 -1 4 0 0 0 99 0 0 5.18735
t 1 73.3333 -3 1 1 0 0 0 0 -2
_00Alto
1 1 73.3333 11 0 0 4 0 0 -2
1 2 73.3333 6 0 0 4 0 0 -2
1 2 73.3333 103 0 1 4 0 0 -1.66
1 1 121.667 6 0 -1 4 0 0 0 99 0 0 2.9402
1 1 121.667 7 0 -1 4 0 0 0 99 0 0 2.9402
1 1 121.667 8 0 -1 4 0 0 0 99 0 0 5.36778
1 1 121.667 9 0 -1 4 0 0 0 99 0 0 4.76089
1 1 121.667 9 0 -1 4 0 0 0 99 0 0 2.9402
1 1 121.667 10 0 -1 4 0 0 0 99 0 0 7.18847
1 1 121.667 11 0 -1 4 0 0 0 99 0 0 9.61606
1 1 121.667 11 0 -1 4 0 0 0 99 0 0 19.9333
1 1 121.667 12 0 -1 4 0 0 0 99 0 0 13.2574
1 2 121.667 1 0 -1 4 0 0 0 99 0 0 12.6505
1 2 121.667 1 0 -1 4 0 0 0 99 0 0 3.54709
1 2 121.667 2 0 -1 4 0 0 0 99 0 0 9.61606
1 2 121.667 3 0 -1 4 0 0 0 99 0 0 5.36778
1 2 121.667 3 0 -1 4 0 0 0 99 0 0 7.79537
t 1 121.667 -3 1 1 0 0 0 0 -2
_00Tenore
1 1 121.667 6 0 0 4 0 0 -2
1 2 121.667 3 0 0 4 0 0 -2
1 1 121.667 112 0 1 4 0 0 -1.66
1 1 170 9 0 -1 4 0 0 0 99 0 0 6.89626
1 1 170 10 0 -1 4 0 0 0 99 0 0 4.28886
1 1 170 11 0 -1 4 0 0 0 99 0 0 5.59256
1 1 170 11 0 -1 4 0 0 0 99 0 0 12.7629
1 1 170 12 0 -1 4 0 0 0 99 0 0 19.9333
1 2 170 1 0 -1 4 0 0 0 99 0 0 15.3703
1 2 170 1 0 -1 4 0 0 0 99 0 0 4.28886
1 2 170 2 0 -1 4 0 0 0 99 0 0 16.674
1 2 170 3 0 -1 4 0 0 0 99 0 0 17.9777
t 1 170 -3 1 1 0 0 0 0 -2
_00Quinto
1 1 170 9 0 0 4 0 0 -2
1 2 170 3 0 0 4 0 0 -2
1 2 170 101 0 1 4 0 0 -1.66
