#define SVG t 1 1 \n_99%svg%
t 2 10 14 1 1 0 0 0 0 -1.35
_00
8 1 0 0 0 200
8 2 0 -6 0 200
14 1 0 2
14 1 200 2
14 1 0 2 8
3 2 2
3 1 2 0 1
1 2 25 3 0 -1 4 0 0 0 99 0 0 3.06663
1 2 25 4 0 -1 4 0 0 0 99 0 0 4.5333
1 2 25 5 0 -1 4 0 0 0 99 0 0 12.6
1 2 25 6 0 -1 4 0 0 0 99 0 0 11.1333
1 2 25 7 0 -1 4 0 0 0 99 0 0 15.5333
1 2 25 8 0 -1 4 0 0 0 99 0 0 19.9333
1 2 25 8 0 -1 4 0 0 0 99 0 0 6.7333
1 2 25 9 0 -1 4 0 0 0 99 0 0 19.9333
1 2 25 10 0 -1 4 0 0 0 99 0 0 17
1 2 25 11 0 -1 4 0 0 0 99 0 0 8.19997
1 2 25 12 0 -1 4 0 0 0 99 0 0 7.46663
t 1 25 -3 1 1 0 0 0 0 -2
_00Canto
1 2 25 3 0 0 4 0 0 -2
1 2 25 12 0 0 4 0 0 -2
1 2 25 108 0 1 4 0 0 -1.66
1 2 97.5 4 0 -1 4 0 0 0 99 0 0 2.85095
1 2 97.5 5 0 -1 4 0 0 0 99 0 0 10.6157
1 2 97.5 6 0 -1 4 0 0 0 99 0 0 8.54506
1 2 97.5 7 0 -1 4 0 0 0 99 0 0 13.7215
1 2 97.5 8 0 -1 4 0 0 0 99 0 0 19.9333
1 2 97.5 8 0 -1 4 0 0 0 99 0 0 3.36859
1 2 97.5 9 0 -1 4 0 0 0 99 0 0 14.7568
1 2 97.5 10 0 -1 4 0 0 0 99 0 0 2.85095
1 2 97.5 10 0 -1 4 0 0 0 99 0 0 12.1686
1 2 97.5 11 0 -1 4 0 0 0 99 0 0 4.40389
1 2 97.5 11 0 -1 4 0 0 0 99 0 0 3.88624
1 2 97.5 12 0 -1 4 0 0 0 99 0 0 4.40389
t 1 97.5 -3 1 1 0 0 0 0 -2
_00Quinto
1 2 97.5 4 0 0 4 0 0 -2
1 2 97.5 12 0 0 4 0 0 -2
1 2 97.5 108 0 1 4 0 0 -1.66
1 1 170 6 0 -1 4 0 0 0 99 0 0 11.1333
1 1 170 7 0 -1 4 0 0 0 99 0 0 6.7333
1 1 170 8 0 -1 4 0 0 0 99 0 0 2.96187
1 1 170 8 0 -1 4 0 0 0 99 0 0 5.47616
1 1 170 9 0 -1 4 0 0 0 99 0 0 6.7333
1 1 170 9 0 -1 4 0 0 0 99 0 0 3.59044
1 1 170 10 0 -1 4 0 0 0 99 0 0 19.9333
1 1 170 11 0 -1 4 0 0 0 99 0 0 2.96187
1 1 170 11 0 -1 4 0 0 0 99 0 0 13.6476
1 1 170 12 0 -1 4 0 0 0 99 0 0 7.36187
1 1 170 12 0 -1 4 0 0 0 99 0 0 6.7333
1 2 170 1 0 -1 4 0 0 0 99 0 0 18.0476
1 2 170 1 0 -1 4 0 0 0 99 0 0 2.96187
1 2 170 2 0 -1 4 0 0 0 99 0 0 9.24759
1 2 170 3 0 -1 4 0 0 0 99 0 0 3.59044
1 2 170 4 0 -1 4 0 0 0 99 0 0 2.96187
t 1 170 -3 1 1 0 0 0 0 -2
_00Basso
1 1 170 6 0 0 4 0 0 -2
1 2 170 4 0 0 4 0 0 -2
1 1 170 111 0 1 4 0 0 -1.66
