#define SVG t 1 1 \n_99%svg%
t 2 10 14 1 1 0 0 0 0 -1.35
_00
8 1 0 0 0 200
8 2 0 -6 0 200
14 1 0 2
14 1 200 2
14 1 0 2 8
3 2 2
3 1 2 0 1
1 2 25 6 0 -1 4 0 0 0 99 0 0 2.69248
1 2 25 6 0 -1 4 0 0 0 99 0 0 9.15779
1 2 25 7 0 -1 4 0 0 0 99 0 0 8.43942
1 2 25 8 0 -1 4 0 0 0 99 0 0 12.3904
1 2 25 8 0 -1 4 0 0 0 99 0 0 6.6435
1 2 25 9 0 -1 4 0 0 0 99 0 0 19.9333
1 2 25 10 0 -1 4 0 0 0 99 0 0 17.7782
1 2 25 11 0 -1 4 0 0 0 99 0 0 9.51697
1 2 25 12 0 -1 4 0 0 0 99 0 0 3.41085
1 2 25 13 0 -1 4 0 0 0 99 0 0 3.05167
t 1 25 -3 1 1 0 0 0 0 -2
_00Canto
1 2 25 6 0 0 4 0 0 -2
1 2 25 13 0 0 4 0 0 -2
1 2 25 109 0 1 4 0 0 -1.66
1 1 97.5 8 0 -1 4 0 0 0 99 0 0 3.50663
1 1 97.5 9 0 -1 4 0 0 0 99 0 0 4.0933
1 1 97.5 11 0 -1 4 0 0 0 99 0 0 10.5466
1 1 97.5 12 0 -1 4 0 0 0 99 0 0 5.26663
1 2 97.5 1 0 -1 4 0 0 0 99 0 0 7.6133
1 2 97.5 1 0 -1 4 0 0 0 99 0 0 7.02663
1 2 97.5 2 0 -1 4 0 0 0 99 0 0 19.9333
1 2 97.5 3 0 -1 4 0 0 0 99 0 0 19.9333
1 2 97.5 4 0 -1 4 0 0 0 99 0 0 13.48
1 2 97.5 4 0 -1 4 0 0 0 99 0 0 3.50663
1 2 97.5 5 0 -1 4 0 0 0 99 0 0 5.26663
1 2 97.5 6 0 -1 4 0 0 0 99 0 0 5.8533
1 2 97.5 6 0 -1 4 0 0 0 99 0 0 14.6533
t 1 97.5 -3 1 1 0 0 0 0 -2
_00Quinto
1 1 97.5 8 0 0 4 0 0 -2
1 2 97.5 6 0 0 4 0 0 -2
1 2 97.5 103 0 1 4 0 0 -1.66
1 1 170 5 0 -1 4 0 0 0 99 0 0 2.70777
1 1 170 6 0 -1 4 0 0 0 99 0 0 3.08224
1 1 170 7 0 -1 4 0 0 0 99 0 0 9.44819
1 1 170 8 0 -1 4 0 0 0 99 0 0 4.95458
1 1 170 9 0 -1 4 0 0 0 99 0 0 7.20139
1 1 170 10 0 -1 4 0 0 0 99 0 0 5.70351
1 1 170 11 0 -1 4 0 0 0 99 0 0 3.83117
1 1 170 11 0 -1 4 0 0 0 99 0 0 19.9333
1 1 170 12 0 -1 4 0 0 0 99 0 0 3.4567
1 1 170 12 0 -1 4 0 0 0 99 0 0 5.70351
1 2 170 1 0 -1 4 0 0 0 99 0 0 6.45245
1 2 170 1 0 -1 4 0 0 0 99 0 0 3.83117
1 2 170 2 0 -1 4 0 0 0 99 0 0 10.9461
1 2 170 3 0 -1 4 0 0 0 99 0 0 4.95458
1 2 170 4 0 -1 4 0 0 0 99 0 0 4.58011
t 1 170 -3 1 1 0 0 0 0 -2
_00Basso
1 1 170 5 0 0 4 0 0 -2
1 2 170 4 0 0 4 0 0 -2
1 1 170 111 0 1 4 0 0 -1.66
