#define SVG t 1 1 \n_99%svg%
t 2 10 14 1 1 0 0 0 0 -1.35
_00
8 1 0 0 0 200
8 2 0 -6 0 200
14 1 0 2
14 1 200 2
14 1 0 2 8
3 2 2
3 1 2 0 1
1 1 25 10 0 -1 4 0 0 0 99 0 0 2.54282
1 1 25 11 0 -1 4 0 0 0 99 0 0 2.75235
1 1 25 12 0 -1 4 0 0 0 99 0 0 4.84759
1 1 25 12 0 -1 4 0 0 0 99 0 0 2.75235
1 2 25 1 0 -1 4 0 0 0 99 0 0 8.40949
1 2 25 2 0 -1 4 0 0 0 99 0 0 13.4381
1 2 25 3 0 -1 4 0 0 0 99 0 0 9.45711
1 2 25 3 0 -1 4 0 0 0 99 0 0 8.82854
1 2 25 4 0 -1 4 0 0 0 99 0 0 19.9333
1 2 25 4 0 -1 4 0 0 0 99 0 0 3.38092
1 2 25 5 0 -1 4 0 0 0 99 0 0 14.2762
1 2 25 6 0 -1 4 0 0 0 99 0 0 6.10473
t 1 25 -3 1 1 0 0 0 0 -2
_00Alto
1 1 25 10 0 0 4 0 0 -2
1 2 25 6 0 0 4 0 0 -2
1 2 25 103 0 1 4 0 0 -1.66
1 1 170 6 0 -1 4 0 0 0 99 0 0 3.27616
1 1 170 6 0 -1 4 0 0 0 99 0 0 2.96187
1 1 170 7 0 -1 4 0 0 0 99 0 0 6.41901
1 1 170 8 0 -1 4 0 0 0 99 0 0 2.96187
1 1 170 8 0 -1 4 0 0 0 99 0 0 7.36187
1 1 170 9 0 -1 4 0 0 0 99 0 0 7.67616
1 1 170 9 0 -1 4 0 0 0 99 0 0 2.96187
1 1 170 10 0 -1 4 0 0 0 99 0 0 8.9333
1 1 170 11 0 -1 4 0 0 0 99 0 0 13.6476
1 1 170 12 0 -1 4 0 0 0 99 0 0 19.9333
1 1 170 12 0 -1 4 0 0 0 99 0 0 3.27616
1 2 170 1 0 -1 4 0 0 0 99 0 0 18.9904
1 2 170 2 0 -1 4 0 0 0 99 0 0 12.7047
1 2 170 3 0 -1 4 0 0 0 99 0 0 7.36187
1 2 170 3 0 -1 4 0 0 0 99 0 0 6.41901
1 2 170 4 0 -1 4 0 0 0 99 0 0 5.47616
1 2 170 5 0 -1 4 0 0 0 99 0 0 4.21901
t 1 170 -3 1 1 0 0 0 0 -2
_00Tenore
1 1 170 6 0 0 4 0 0 -2
1 2 170 5 0 0 4 0 0 -2
1 1 170 112 0 1 4 0 0 -1.66
