#define SVG t 1 1 \n_99%svg%
t 2 10 14 1 1 0 0 0 0 -1.35
_00
8 1 0 0 0 200
8 2 0 -6 0 200
14 1 0 2
14 1 200 2
14 1 0 2 8
3 2 2
3 1 2 0 1
1 2 25 5 0 -1 4 0 0 0 99 0 0 4.92154
1 2 25 6 0 -1 4 0 0 0 99 0 0 5.43918
1 2 25 6 0 -1 4 0 0 0 99 0 0 9.06271
1 2 25 7 0 -1 4 0 0 0 99 0 0 3.88624
1 2 25 7 0 -1 4 0 0 0 99 0 0 16.3098
1 2 25 8 0 -1 4 0 0 0 99 0 0 19.9333
1 2 25 9 0 -1 4 0 0 0 99 0 0 13.2039
1 2 25 10 0 -1 4 0 0 0 99 0 0 16.8274
1 2 25 11 0 -1 4 0 0 0 99 0 0 12.1686
1 2 25 12 0 -1 4 0 0 0 99 0 0 4.92154
1 2 25 13 0 -1 4 0 0 0 99 0 0 2.85095
t 1 25 -3 1 1 0 0 0 0 -2
_00Canto
1 2 25 5 0 0 4 0 0 -2
1 2 25 13 0 0 4 0 0 -2
1 2 25 108 0 1 4 0 0 -1.66
1 2 97.5 3 0 -1 4 0 0 0 99 0 0 3.84187
1 2 97.5 4 0 -1 4 0 0 0 99 0 0 5.35044
1 2 97.5 5 0 -1 4 0 0 0 99 0 0 6.35616
1 2 97.5 6 0 -1 4 0 0 0 99 0 0 3.84187
1 2 97.5 6 0 -1 4 0 0 0 99 0 0 11.3847
1 2 97.5 7 0 -1 4 0 0 0 99 0 0 2.83616
1 2 97.5 7 0 -1 4 0 0 0 99 0 0 9.87616
1 2 97.5 8 0 -1 4 0 0 0 99 0 0 19.9333
1 2 97.5 8 0 -1 4 0 0 0 99 0 0 3.33901
1 2 97.5 9 0 -1 4 0 0 0 99 0 0 15.4076
1 2 97.5 10 0 -1 4 0 0 0 99 0 0 3.33901
1 2 97.5 10 0 -1 4 0 0 0 99 0 0 16.4133
1 2 97.5 11 0 -1 4 0 0 0 99 0 0 7.36187
1 2 97.5 12 0 -1 4 0 0 0 99 0 0 5.8533
t 1 97.5 -3 1 1 0 0 0 0 -2
_00Quinto
1 2 97.5 3 0 0 4 0 0 -2
1 2 97.5 12 0 0 4 0 0 -2
1 2 97.5 108 0 1 4 0 0 -1.66
1 1 170 6 0 -1 4 0 0 0 99 0 0 6.24441
1 1 170 7 0 -1 4 0 0 0 99 0 0 8.19997
1 1 170 8 0 -1 4 0 0 0 99 0 0 8.85182
1 1 170 9 0 -1 4 0 0 0 99 0 0 15.3703
1 1 170 10 0 -1 4 0 0 0 99 0 0 11.4592
1 1 170 11 0 -1 4 0 0 0 99 0 0 17.9777
1 1 170 12 0 -1 4 0 0 0 99 0 0 4.94071
1 1 170 12 0 -1 4 0 0 0 99 0 0 7.54811
1 2 170 1 0 -1 4 0 0 0 99 0 0 19.9333
1 2 170 1 0 -1 4 0 0 0 99 0 0 4.28886
1 2 170 2 0 -1 4 0 0 0 99 0 0 10.8074
1 2 170 3 0 -1 4 0 0 0 99 0 0 4.94071
1 2 170 4 0 -1 4 0 0 0 99 0 0 4.28886
1 2 170 5 0 -1 4 0 0 0 99 0 0 2.98515
t 1 170 -3 1 1 0 0 0 0 -2
_00Basso
1 1 170 6 0 0 4 0 0 -2
1 2 170 5 0 0 4 0 0 -2
1 1 170 111 0 1 4 0 0 -1.66
