#define SVG t 1 1 \n_99%svg%
t 2 10 14 1 1 0 0 0 0 -1.35
_00
8 1 0 0 0 200
8 2 0 -6 0 200
14 1 0 2
14 1 200 2
14 1 0 2 8
3 2 2
3 1 2 0 1
1 2 25 3 0 -1 4 0 0 0 99 0 0 4.76089
1 2 25 4 0 -1 4 0 0 0 99 0 0 5.97468
1 2 25 4 0 -1 4 0 0 0 99 0 0 4.15399
1 2 25 5 0 -1 4 0 0 0 99 0 0 10.8299
1 2 25 6 0 -1 4 0 0 0 99 0 0 19.9333
1 2 25 7 0 -1 4 0 0 0 99 0 0 4.76089
1 2 25 7 0 -1 4 0 0 0 99 0 0 16.8988
1 2 25 8 0 -1 4 0 0 0 99 0 0 17.5057
1 2 25 8 0 -1 4 0 0 0 99 0 0 4.15399
1 2 25 9 0 -1 4 0 0 0 99 0 0 13.8643
1 2 25 10 0 -1 4 0 0 0 99 0 0 11.4367
t 1 25 -3 1 1 0 0 0 0 -2
_00Canto
1 2 25 3 0 0 4 0 0 -2
1 2 25 10 0 0 4 0 0 -2
1 2 25 107 0 1 4 0 0 -1.66
1 2 61.25 3 0 -1 4 0 0 0 99 0 0 4.40389
1 2 61.25 4 0 -1 4 0 0 0 99 0 0 4.40389
1 2 61.25 4 0 -1 4 0 0 0 99 0 0 5.95683
1 2 61.25 5 0 -1 4 0 0 0 99 0 0 12.6862
1 2 61.25 6 0 -1 4 0 0 0 99 0 0 6.99212
1 2 61.25 6 0 -1 4 0 0 0 99 0 0 19.9333
1 2 61.25 7 0 -1 4 0 0 0 99 0 0 4.40389
1 2 61.25 7 0 -1 4 0 0 0 99 0 0 13.7215
1 2 61.25 8 0 -1 4 0 0 0 99 0 0 13.2039
1 2 61.25 8 0 -1 4 0 0 0 99 0 0 2.85095
1 2 61.25 9 0 -1 4 0 0 0 99 0 0 6.47448
1 2 61.25 10 0 -1 4 0 0 0 99 0 0 3.36859
t 1 61.25 -3 1 1 0 0 0 0 -2
_00Quinto
1 2 61.25 3 0 0 4 0 0 -2
1 2 61.25 10 0 0 4 0 0 -2
1 2 61.25 106 0 1 4 0 0 -1.66
1 1 97.5 11 0 -1 4 0 0 0 99 0 0 2.67176
1 2 97.5 1 0 -1 4 0 0 0 99 0 0 2.67176
1 2 97.5 1 0 -1 4 0 0 0 99 0 0 5.04099
1 2 97.5 2 0 -1 4 0 0 0 99 0 0 12.4871
1 2 97.5 3 0 -1 4 0 0 0 99 0 0 19.9333
1 2 97.5 4 0 -1 4 0 0 0 99 0 0 10.1179
1 2 97.5 4 0 -1 4 0 0 0 99 0 0 3.68715
1 2 97.5 5 0 -1 4 0 0 0 99 0 0 8.76407
1 2 97.5 6 0 -1 4 0 0 0 99 0 0 3.34868
t 1 97.5 -3 1 1 0 0 0 0 -2
_00Alto
1 1 97.5 11 0 0 4 0 0 -2
1 2 97.5 6 0 0 4 0 0 -2
1 2 97.5 103 0 1 4 0 0 -1.66
1 1 133.75 7 0 -1 4 0 0 0 99 0 0 4.5333
1 1 133.75 9 0 -1 4 0 0 0 99 0 0 5.0833
1 1 133.75 10 0 -1 4 0 0 0 99 0 0 13.3333
1 1 133.75 11 0 -1 4 0 0 0 99 0 0 17.1833
1 1 133.75 12 0 -1 4 0 0 0 99 0 0 3.9833
1 1 133.75 12 0 -1 4 0 0 0 99 0 0 15.5333
1 2 133.75 1 0 -1 4 0 0 0 99 0 0 19.9333
1 2 133.75 2 0 -1 4 0 0 0 99 0 0 11.6833
1 2 133.75 3 0 -1 4 0 0 0 99 0 0 3.9833
t 1 133.75 -3 1 1 0 0 0 0 -2
_00Tenore
1 1 133.75 7 0 0 4 0 0 -2
1 2 133.75 3 0 0 4 0 0 -2
1 1 133.75 112 0 1 4 0 0 -1.66
1 1 170 2 0 -1 4 0 0 0 99 0 0 4.5333
1 1 170 3 0 -1 4 0 0 0 99 0 0 7.8333
1 1 170 4 0 -1 4 0 0 0 99 0 0 10.0333
1 1 170 5 0 -1 4 0 0 0 99 0 0 5.6333
1 1 170 5 0 -1 4 0 0 0 99 0 0 6.7333
1 1 170 6 0 -1 4 0 0 0 99 0 0 18.8333
1 1 170 6 0 -1 4 0 0 0 99 0 0 4.5333
1 1 170 7 0 -1 4 0 0 0 99 0 0 17.7333
1 1 170 8 0 -1 4 0 0 0 99 0 0 16.6333
1 1 170 9 0 -1 4 0 0 0 99 0 0 16.6333
1 1 170 9 0 -1 4 0 0 0 99 0 0 3.4333
1 1 170 10 0 -1 4 0 0 0 99 0 0 19.9333
1 1 170 11 0 -1 4 0 0 0 99 0 0 3.4333
1 1 170 11 0 -1 4 0 0 0 99 0 0 14.4333
t 1 170 -3 1 1 0 0 0 0 -2
_00Basso
1 1 170 2 0 0 4 0 0 -2
1 1 170 11 0 0 4 0 0 -2
1 1 170 108 0 1 4 0 0 -1.66
