#define SVG t 1 1 \n_99%svg%
t 2 10 14 1 1 0 0 0 0 -1.35
_00
8 1 0 0 0 200
8 2 0 -6 0 200
14 1 0 2
14 1 200 2
14 1 0 2 8
3 2 2
3 1 2 0 1
1 2 25 1 0 -1 4 0 0 0 99 0 0 2.85095
1 2 25 2 0 -1 4 0 0 0 99 0 0 5.43918
1 2 25 3 0 -1 4 0 0 0 99 0 0 6.99212
1 2 25 4 0 -1 4 0 0 0 99 0 0 13.7215
1 2 25 4 0 -1 4 0 0 0 99 0 0 3.36859
1 2 25 5 0 -1 4 0 0 0 99 0 0 18.3804
1 2 25 6 0 -1 4 0 0 0 99 0 0 19.9333
1 2 25 7 0 -1 4 0 0 0 99 0 0 11.6509
1 2 25 8 0 -1 4 0 0 0 99 0 0 13.2039
1 2 25 9 0 -1 4 0 0 0 99 0 0 6.47448
t 1 25 -3 1 1 0 0 0 0 -2
_00Canto
1 2 25 1 0 0 4 0 0 -2
1 2 25 9 0 0 4 0 0 -2
1 2 25 106 0 1 4 0 0 -1.66
1 2 54 1 0 -1 4 0 0 0 99 0 0 4.16663
1 2 54 2 0 -1 4 0 0 0 99 0 0 5.26663
1 2 54 3 0 -1 4 0 0 0 99 0 0 5.26663
1 2 54 4 0 -1 4 0 0 0 99 0 0 12.2333
1 2 54 5 0 -1 4 0 0 0 99 0 0 19.9333
1 2 54 6 0 -1 4 0 0 0 99 0 0 12.2333
1 2 54 7 0 -1 4 0 0 0 99 0 0 10.7666
1 2 54 8 0 -1 4 0 0 0 99 0 0 7.8333
1 2 54 9 0 -1 4 0 0 0 99 0 0 4.16663
t 1 54 -3 1 1 0 0 0 0 -2
_00Sesto
1 2 54 1 0 0 4 0 0 -2
1 2 54 9 0 0 4 0 0 -2
1 2 54 105 0 1 4 0 0 -1.66
1 1 83 10 0 -1 4 0 0 0 99 0 0 2.72441
1 1 83 11 0 -1 4 0 0 0 99 0 0 3.50663
1 1 83 12 0 -1 4 0 0 0 99 0 0 6.24441
1 1 83 12 0 -1 4 0 0 0 99 0 0 3.11552
1 2 83 1 0 -1 4 0 0 0 99 0 0 18.3689
1 2 83 1 0 -1 4 0 0 0 99 0 0 2.72441
1 2 83 2 0 -1 4 0 0 0 99 0 0 19.9333
1 2 83 3 0 -1 4 0 0 0 99 0 0 17.1955
1 2 83 4 0 -1 4 0 0 0 99 0 0 8.19997
1 2 83 5 0 -1 4 0 0 0 99 0 0 2.72441
t 1 83 -3 1 1 0 0 0 0 -2
_00Alto
1 1 83 10 0 0 4 0 0 -2
1 2 83 5 0 0 4 0 0 -2
1 2 83 102 0 1 4 0 0 -1.66
1 1 112 6 0 -1 4 0 0 0 99 0 0 3.28465
1 1 112 7 0 -1 4 0 0 0 99 0 0 7.09006
1 1 112 8 0 -1 4 0 0 0 99 0 0 9.46844
1 1 112 9 0 -1 4 0 0 0 99 0 0 8.04141
1 1 112 10 0 -1 4 0 0 0 99 0 0 9.94411
1 1 112 11 0 -1 4 0 0 0 99 0 0 15.6522
1 1 112 12 0 -1 4 0 0 0 99 0 0 12.3225
1 2 112 1 0 -1 4 0 0 0 99 0 0 19.9333
1 2 112 2 0 -1 4 0 0 0 99 0 0 7.09006
1 2 112 3 0 -1 4 0 0 0 99 0 0 3.28465
t 1 112 -3 1 1 0 0 0 0 -2
_00Tenore
1 1 112 6 0 0 4 0 0 -2
1 2 112 3 0 0 4 0 0 -2
1 1 112 111 0 1 4 0 0 -1.66
1 1 141 6 0 -1 4 0 0 0 99 0 0 2.86663
1 1 141 7 0 -1 4 0 0 0 99 0 0 3.9333
1 1 141 8 0 -1 4 0 0 0 99 0 0 3.9333
1 1 141 9 0 -1 4 0 0 0 99 0 0 14.6
1 1 141 10 0 -1 4 0 0 0 99 0 0 17.2666
1 1 141 11 0 -1 4 0 0 0 99 0 0 13
1 1 141 12 0 -1 4 0 0 0 99 0 0 18.3333
1 2 141 1 0 -1 4 0 0 0 99 0 0 19.9333
1 2 141 2 0 -1 4 0 0 0 99 0 0 5.5333
1 2 141 3 0 -1 4 0 0 0 99 0 0 2.86663
t 1 141 -3 1 1 0 0 0 0 -2
_00Quinto
1 1 141 6 0 0 4 0 0 -2
1 2 141 3 0 0 4 0 0 -2
1 1 141 111 0 1 4 0 0 -1.66
1 1 170 2 0 -1 4 0 0 0 99 0 0 3.9333
1 1 170 3 0 -1 4 0 0 0 99 0 0 3.9333
1 1 170 4 0 -1 4 0 0 0 99 0 0 2.9733
1 1 170 5 0 -1 4 0 0 0 99 0 0 6.1733
1 1 170 6 0 -1 4 0 0 0 99 0 0 10.9733
1 1 170 7 0 -1 4 0 0 0 99 0 0 6.8133
1 1 170 8 0 -1 4 0 0 0 99 0 0 2.6533
1 1 170 8 0 -1 4 0 0 0 99 0 0 3.6133
1 1 170 9 0 -1 4 0 0 0 99 0 0 19.9333
1 1 170 10 0 -1 4 0 0 0 99 0 0 10.9733
1 1 170 11 0 -1 4 0 0 0 99 0 0 4.5733
t 1 170 -3 1 1 0 0 0 0 -2
_00Basso
1 1 170 2 0 0 4 0 0 -2
1 1 170 11 0 0 4 0 0 -2
1 1 170 109 0 1 4 0 0 -1.66
