#define SVG t 1 1 \n_99%svg%
t 2 10 14 1 1 0 0 0 0 -1.35
_00
8 1 0 0 0 200
8 2 0 -6 0 200
14 1 0 2
14 1 200 2
14 1 0 2 8
3 2 2
3 1 2 0 1
1 2 25 1 0 -1 4 0 0 0 99 0 0 4.03653
1 2 25 2 0 -1 4 0 0 0 99 0 0 5.17201
1 2 25 3 0 -1 4 0 0 0 99 0 0 5.17201
1 2 25 4 0 -1 4 0 0 0 99 0 0 8.57846
1 2 25 5 0 -1 4 0 0 0 99 0 0 19.9333
1 2 25 6 0 -1 4 0 0 0 99 0 0 17.6623
1 2 25 7 0 -1 4 0 0 0 99 0 0 17.6623
1 2 25 8 0 -1 4 0 0 0 99 0 0 6.87524
1 2 25 9 0 -1 4 0 0 0 99 0 0 6.87524
t 1 25 -3 1 1 0 0 0 0 -2
_00Canto
1 2 25 1 0 0 4 0 0 -2
1 2 25 9 0 0 4 0 0 -2
1 2 25 106 0 1 4 0 0 -1.66
1 2 54 1 0 -1 4 0 0 0 99 0 0 2.9402
1 2 54 2 0 -1 4 0 0 0 99 0 0 5.36778
1 2 54 3 0 -1 4 0 0 0 99 0 0 5.36778
1 2 54 4 0 -1 4 0 0 0 99 0 0 9.00916
1 2 54 5 0 -1 4 0 0 0 99 0 0 19.9333
1 2 54 6 0 -1 4 0 0 0 99 0 0 15.685
1 2 54 7 0 -1 4 0 0 0 99 0 0 13.2574
1 2 54 7 0 -1 4 0 0 0 99 0 0 3.54709
1 2 54 8 0 -1 4 0 0 0 99 0 0 16.2919
1 2 54 9 0 -1 4 0 0 0 99 0 0 12.6505
t 1 54 -3 1 1 0 0 0 0 -2
_00Sesto
1 2 54 1 0 0 4 0 0 -2
1 2 54 9 0 0 4 0 0 -2
1 2 54 106 0 1 4 0 0 -1.66
1 1 83 11 0 -1 4 0 0 0 99 0 0 4.18593
1 1 83 12 0 -1 4 0 0 0 99 0 0 5.11225
1 2 83 1 0 -1 4 0 0 0 99 0 0 6.03856
1 2 83 2 0 -1 4 0 0 0 99 0 0 14.3754
1 2 83 3 0 -1 4 0 0 0 99 0 0 3.72277
1 2 83 3 0 -1 4 0 0 0 99 0 0 19.9333
1 2 83 4 0 -1 4 0 0 0 99 0 0 18.0807
1 2 83 4 0 -1 4 0 0 0 99 0 0 8.81751
1 2 83 5 0 -1 4 0 0 0 99 0 0 10.207
t 1 83 -3 1 1 0 0 0 0 -2
_00Alto
1 1 83 11 0 0 4 0 0 -2
1 2 83 5 0 0 4 0 0 -2
1 2 83 103 0 1 4 0 0 -1.66
1 1 112 6 0 -1 4 0 0 0 99 0 0 3.9333
1 1 112 7 0 -1 4 0 0 0 99 0 0 8.7333
1 1 112 8 0 -1 4 0 0 0 99 0 0 4.7333
1 1 112 9 0 -1 4 0 0 0 99 0 0 16.7333
1 1 112 9 0 -1 4 0 0 0 99 0 0 5.5333
1 1 112 10 0 -1 4 0 0 0 99 0 0 19.9333
1 1 112 11 0 -1 4 0 0 0 99 0 0 9.5333
1 1 112 12 0 -1 4 0 0 0 99 0 0 19.1333
1 2 112 1 0 -1 4 0 0 0 99 0 0 19.9333
1 2 112 2 0 -1 4 0 0 0 99 0 0 15.9333
1 2 112 4 0 -1 4 0 0 0 99 0 0 3.1333
t 1 112 -3 1 1 0 0 0 0 -2
_00Tenore
1 1 112 6 0 0 4 0 0 -2
1 2 112 4 0 0 4 0 0 -2
1 1 112 111 0 1 4 0 0 -1.66
1 1 141 6 0 -1 4 0 0 0 99 0 0 5.73975
1 1 141 7 0 -1 4 0 0 0 99 0 0 4.03653
1 1 141 8 0 -1 4 0 0 0 99 0 0 4.03653
1 1 141 9 0 -1 4 0 0 0 99 0 0 9.1462
1 1 141 10 0 -1 4 0 0 0 99 0 0 16.5268
1 1 141 11 0 -1 4 0 0 0 99 0 0 14.8236
1 1 141 12 0 -1 4 0 0 0 99 0 0 12.5527
1 1 141 12 0 -1 4 0 0 0 99 0 0 2.90104
1 2 141 1 0 -1 4 0 0 0 99 0 0 19.9333
1 2 141 2 0 -1 4 0 0 0 99 0 0 10.2817
t 1 141 -3 1 1 0 0 0 0 -2
_00Quinto
1 1 141 6 0 0 4 0 0 -2
1 2 141 2 0 0 4 0 0 -2
1 1 141 111 0 1 4 0 0 -1.66
1 1 170 2 0 -1 4 0 0 0 99 0 0 5.26663
1 1 170 3 0 -1 4 0 0 0 99 0 0 11.1333
1 1 170 4 0 -1 4 0 0 0 99 0 0 3.79997
1 1 170 5 0 -1 4 0 0 0 99 0 0 11.8666
1 1 170 6 0 -1 4 0 0 0 99 0 0 16.2666
1 1 170 7 0 -1 4 0 0 0 99 0 0 19.9333
1 1 170 8 0 -1 4 0 0 0 99 0 0 8.19997
1 1 170 8 0 -1 4 0 0 0 99 0 0 5.26663
1 1 170 9 0 -1 4 0 0 0 99 0 0 14.8
1 1 170 9 0 -1 4 0 0 0 99 0 0 3.06663
1 1 170 10 0 -1 4 0 0 0 99 0 0 17.7333
t 1 170 -3 1 1 0 0 0 0 -2
_00Basso
1 1 170 2 0 0 4 0 0 -2
1 1 170 10 0 0 4 0 0 -2
1 1 170 107 0 1 4 0 0 -1.66
