#define SVG t 1 1 \n_99%svg%
t 2 10 14 1 1 0 0 0 0 -1.35
_00
8 1 0 0 0 200
8 2 0 -6 0 200
14 1 0 2
14 1 200 2
14 1 0 2 8
3 2 2
3 1 2 0 1
1 2 25 2 0 -1 4 0 0 0 99 0 0 3.54709
1 2 25 3 0 -1 4 0 0 0 99 0 0 4.15399
1 2 25 4 0 -1 4 0 0 0 99 0 0 12.6505
1 2 25 5 0 -1 4 0 0 0 99 0 0 16.8988
1 2 25 6 0 -1 4 0 0 0 99 0 0 19.9333
1 2 25 7 0 -1 4 0 0 0 99 0 0 13.8643
1 2 25 8 0 -1 4 0 0 0 99 0 0 9.61606
1 2 25 9 0 -1 4 0 0 0 99 0 0 4.76089
t 1 25 -3 1 1 0 0 0 0 -2
_00Canto
1 2 25 2 0 0 4 0 0 -2
1 2 25 9 0 0 4 0 0 -2
1 2 25 106 0 1 4 0 0 -1.66
1 2 54 2 0 -1 4 0 0 0 99 0 0 2.83616
1 2 54 3 0 -1 4 0 0 0 99 0 0 3.33901
1 2 54 4 0 -1 4 0 0 0 99 0 0 4.84759
1 2 54 4 0 -1 4 0 0 0 99 0 0 3.33901
1 2 54 5 0 -1 4 0 0 0 99 0 0 8.87044
1 2 54 6 0 -1 4 0 0 0 99 0 0 19.9333
1 2 54 7 0 -1 4 0 0 0 99 0 0 12.3904
1 2 54 7 0 -1 4 0 0 0 99 0 0 3.33901
1 2 54 8 0 -1 4 0 0 0 99 0 0 7.86473
1 2 54 9 0 -1 4 0 0 0 99 0 0 3.84187
1 2 54 10 0 -1 4 0 0 0 99 0 0 2.83616
t 1 54 -3 1 1 0 0 0 0 -2
_00Sesto
1 2 54 2 0 0 4 0 0 -2
1 2 54 10 0 0 4 0 0 -2
1 2 54 106 0 1 4 0 0 -1.66
1 1 83 12 0 -1 4 0 0 0 99 0 0 3.46878
1 2 83 1 0 -1 4 0 0 0 99 0 0 13.6881
1 2 83 1 0 -1 4 0 0 0 99 0 0 3.46878
1 2 83 2 0 -1 4 0 0 0 99 0 0 19.9333
1 2 83 3 0 -1 4 0 0 0 99 0 0 3.46878
1 2 83 3 0 -1 4 0 0 0 99 0 0 7.44298
1 2 83 4 0 -1 4 0 0 0 99 0 0 18.7978
1 2 83 4 0 -1 4 0 0 0 99 0 0 5.17201
1 2 83 5 0 -1 4 0 0 0 99 0 0 8.57846
t 1 83 -3 1 1 0 0 0 0 -2
_00Alto
1 1 83 12 0 0 4 0 0 -2
1 2 83 5 0 0 4 0 0 -2
1 2 83 103 0 1 4 0 0 -1.66
1 1 112 7 0 -1 4 0 0 0 99 0 0 5.8533
1 1 112 9 0 -1 4 0 0 0 99 0 0 12.8933
1 1 112 10 0 -1 4 0 0 0 99 0 0 11.1333
1 1 112 11 0 -1 4 0 0 0 99 0 0 19.9333
1 1 112 12 0 -1 4 0 0 0 99 0 0 10.2533
1 2 112 1 0 -1 4 0 0 0 99 0 0 18.1733
1 2 112 2 0 -1 4 0 0 0 99 0 0 19.0533
1 2 112 3 0 -1 4 0 0 0 99 0 0 4.9733
1 2 112 4 0 -1 4 0 0 0 99 0 0 6.7333
t 1 112 -3 1 1 0 0 0 0 -2
_00Tenore
1 1 112 7 0 0 4 0 0 -2
1 2 112 4 0 0 4 0 0 -2
1 1 112 112 0 1 4 0 0 -1.66
1 1 141 2 0 -1 4 0 0 0 99 0 0 6.7333
1 1 141 2 0 -1 4 0 0 0 99 0 0 3.4333
1 1 141 3 0 -1 4 0 0 0 99 0 0 13.3333
1 1 141 4 0 -1 4 0 0 0 99 0 0 13.3333
1 1 141 5 0 -1 4 0 0 0 99 0 0 3.4333
1 1 141 6 0 -1 4 0 0 0 99 0 0 12.2333
1 1 141 7 0 -1 4 0 0 0 99 0 0 12.2333
1 1 141 8 0 -1 4 0 0 0 99 0 0 3.4333
1 1 141 9 0 -1 4 0 0 0 99 0 0 19.9333
1 1 141 10 0 -1 4 0 0 0 99 0 0 13.3333
1 1 141 11 0 -1 4 0 0 0 99 0 0 15.5333
1 1 141 12 0 -1 4 0 0 0 99 0 0 12.2333
1 2 141 1 0 -1 4 0 0 0 99 0 0 6.7333
1 2 141 2 0 -1 4 0 0 0 99 0 0 3.4333
t 1 141 -3 1 1 0 0 0 0 -2
_00Quinto
1 1 141 2 0 0 4 0 0 -2
1 2 141 2 0 0 4 0 0 -2
1 1 141 109 0 1 4 0 0 -1.66
1 1 170 2 0 -1 4 0 0 0 99 0 0 7.74868
1 1 170 3 0 -1 4 0 0 0 99 0 0 8.42561
1 1 170 4 0 -1 4 0 0 0 99 0 0 3.68715
1 1 170 5 0 -1 4 0 0 0 99 0 0 8.42561
1 1 170 6 0 -1 4 0 0 0 99 0 0 10.4564
1 1 170 6 0 -1 4 0 0 0 99 0 0 3.01022
1 1 170 7 0 -1 4 0 0 0 99 0 0 14.5179
1 1 170 8 0 -1 4 0 0 0 99 0 0 4.36407
1 1 170 8 0 -1 4 0 0 0 99 0 0 4.36407
1 1 170 9 0 -1 4 0 0 0 99 0 0 19.9333
1 1 170 9 0 -1 4 0 0 0 99 0 0 3.01022
1 1 170 10 0 -1 4 0 0 0 99 0 0 13.1641
1 1 170 11 0 -1 4 0 0 0 99 0 0 3.68715
1 1 170 12 0 -1 4 0 0 0 99 0 0 3.68715
t 1 170 -3 1 1 0 0 0 0 -2
_00Basso
1 1 170 2 0 0 4 0 0 -2
1 1 170 12 0 0 4 0 0 -2
1 1 170 107 0 1 4 0 0 -1.66
