#define SVG t 1 1 \n_99%svg%
t 2 10 14 1 1 0 0 0 0 -1.35
_00
8 1 0 0 0 200
8 2 0 -6 0 200
14 1 0 2
14 1 200 2
14 1 0 2 8
3 2 2
3 1 2 0 1
1 2 25 6 0 -1 4 0 0 0 99 0 0 2.8833
1 2 25 7 0 -1 4 0 0 0 99 0 0 10.5833
1 2 25 8 0 -1 4 0 0 0 99 0 0 10.0333
1 2 25 8 0 -1 4 0 0 0 99 0 0 9.4833
1 2 25 9 0 -1 4 0 0 0 99 0 0 19.9333
1 2 25 10 0 -1 4 0 0 0 99 0 0 19.9333
1 2 25 11 0 -1 4 0 0 0 99 0 0 11.1333
1 2 25 12 0 -1 4 0 0 0 99 0 0 6.1833
1 2 25 13 0 -1 4 0 0 0 99 0 0 3.4333
t 1 25 -3 1 1 0 0 0 0 -2
_00Canto I
1 2 25 6 0 0 4 0 0 -2
1 2 25 13 0 0 4 0 0 -2
1 2 25 109 0 1 4 0 0 -1.66
1 1 61.25 12 0 -1 4 0 0 0 99 0 0 2.82219
1 2 61.25 1 0 -1 4 0 0 0 99 0 0 8.19997
1 2 61.25 2 0 -1 4 0 0 0 99 0 0 10.6444
1 2 61.25 3 0 -1 4 0 0 0 99 0 0 2.82219
1 2 61.25 3 0 -1 4 0 0 0 99 0 0 17.4889
1 2 61.25 4 0 -1 4 0 0 0 99 0 0 12.6
1 2 61.25 4 0 -1 4 0 0 0 99 0 0 3.31108
1 2 61.25 5 0 -1 4 0 0 0 99 0 0 19.9333
1 2 61.25 6 0 -1 4 0 0 0 99 0 0 6.7333
t 1 61.25 -3 1 1 0 0 0 0 -2
_00Tenore
1 1 61.25 12 0 0 4 0 0 -2
1 2 61.25 6 0 0 4 0 0 -2
1 2 61.25 104 0 1 4 0 0 -1.66
1 2 97.5 5 0 -1 4 0 0 0 99 0 0 2.7426
1 2 97.5 6 0 -1 4 0 0 0 99 0 0 3.97051
1 2 97.5 7 0 -1 4 0 0 0 99 0 0 3.56121
1 2 97.5 7 0 -1 4 0 0 0 99 0 0 6.42632
1 2 97.5 8 0 -1 4 0 0 0 99 0 0 11.338
1 2 97.5 8 0 -1 4 0 0 0 99 0 0 4.37981
1 2 97.5 9 0 -1 4 0 0 0 99 0 0 13.7938
1 2 97.5 10 0 -1 4 0 0 0 99 0 0 19.9333
1 2 97.5 11 0 -1 4 0 0 0 99 0 0 9.29144
1 2 97.5 11 0 -1 4 0 0 0 99 0 0 4.37981
1 2 97.5 12 0 -1 4 0 0 0 99 0 0 7.24493
1 2 97.5 13 0 -1 4 0 0 0 99 0 0 3.56121
t 1 97.5 -3 1 1 0 0 0 0 -2
_00Canto II
1 2 97.5 5 0 0 4 0 0 -2
1 2 97.5 13 0 0 4 0 0 -2
1 2 97.5 110 0 1 4 0 0 -1.66
1 2 133.75 1 0 -1 4 0 0 0 99 0 0 2.7333
1 2 133.75 1 0 -1 4 0 0 0 99 0 0 2.7333
1 2 133.75 2 0 -1 4 0 0 0 99 0 0 3.9333
1 2 133.75 3 0 -1 4 0 0 0 99 0 0 4.3333
1 2 133.75 4 0 -1 4 0 0 0 99 0 0 5.9333
1 2 133.75 4 0 -1 4 0 0 0 99 0 0 2.7333
1 2 133.75 5 0 -1 4 0 0 0 99 0 0 10.7333
1 2 133.75 6 0 -1 4 0 0 0 99 0 0 4.3333
1 2 133.75 6 0 -1 4 0 0 0 99 0 0 15.9333
1 2 133.75 7 0 -1 4 0 0 0 99 0 0 4.3333
1 2 133.75 7 0 -1 4 0 0 0 99 0 0 8.3333
1 2 133.75 8 0 -1 4 0 0 0 99 0 0 19.9333
1 2 133.75 9 0 -1 4 0 0 0 99 0 0 3.1333
t 1 133.75 -3 1 1 0 0 0 0 -2
_00Alto II
1 2 133.75 1 0 0 4 0 0 -2
1 2 133.75 9 0 0 4 0 0 -2
1 2 133.75 106 0 1 4 0 0 -1.66
1 1 170 6 0 -1 4 0 0 0 99 0 0 3.4333
1 1 170 7 0 -1 4 0 0 0 99 0 0 5.0833
1 1 170 8 0 -1 4 0 0 0 99 0 0 5.6333
1 1 170 9 0 -1 4 0 0 0 99 0 0 10.0333
1 1 170 9 0 -1 4 0 0 0 99 0 0 3.9833
1 1 170 10 0 -1 4 0 0 0 99 0 0 12.7833
1 1 170 11 0 -1 4 0 0 0 99 0 0 15.5333
1 1 170 12 0 -1 4 0 0 0 99 0 0 7.8333
1 1 170 12 0 -1 4 0 0 0 99 0 0 6.7333
1 2 170 1 0 -1 4 0 0 0 99 0 0 19.9333
1 2 170 2 0 -1 4 0 0 0 99 0 0 7.2833
1 2 170 3 0 -1 4 0 0 0 99 0 0 5.6333
1 2 170 4 0 -1 4 0 0 0 99 0 0 3.4333
t 1 170 -3 1 1 0 0 0 0 -2
_00Basso II
1 1 170 6 0 0 4 0 0 -2
1 2 170 4 0 0 4 0 0 -2
1 1 170 111 0 1 4 0 0 -1.66
