#define SVG t 1 1 \n_99%svg%
t 2 10 14 1 1 0 0 0 0 -1.35
_00
8 1 0 0 0 200
8 2 0 -6 0 200
14 1 0 2
14 1 200 2
14 1 0 2 8
3 2 2
3 1 2 0 1
1 2 25 5 0 -1 4 0 0 0 99 0 0 2.47524
1 2 25 6 0 -1 4 0 0 0 99 0 0 4.60427
1 2 25 7 0 -1 4 0 0 0 99 0 0 6.87524
1 2 25 8 0 -1 4 0 0 0 99 0 0 9.71395
1 2 25 8 0 -1 4 0 0 0 99 0 0 5.17201
1 2 25 9 0 -1 4 0 0 0 99 0 0 11.9849
1 2 25 10 0 -1 4 0 0 0 99 0 0 2.61717
1 2 25 10 0 -1 4 0 0 0 99 0 0 19.9333
1 2 25 11 0 -1 4 0 0 0 99 0 0 13.972
1 2 25 11 0 -1 4 0 0 0 99 0 0 2.75911
1 2 25 12 0 -1 4 0 0 0 99 0 0 10.5656
1 2 25 13 0 -1 4 0 0 0 99 0 0 4.60427
t 1 25 -3 1 1 0 0 0 0 -2
_00Canto
1 2 25 5 0 0 4 0 0 -2
1 2 25 13 0 0 4 0 0 -2
1 2 25 110 0 1 4 0 0 -1.66
1 2 54 6 0 -1 4 0 0 0 99 0 0 3.32022
1 2 54 6 0 -1 4 0 0 0 99 0 0 7.92582
1 2 54 7 0 -1 4 0 0 0 99 0 0 13.0249
1 2 54 8 0 -1 4 0 0 0 99 0 0 19.6043
1 2 54 8 0 -1 4 0 0 0 99 0 0 9.89966
1 2 54 9 0 -1 4 0 0 0 99 0 0 19.9333
1 2 54 10 0 -1 4 0 0 0 99 0 0 2.66227
1 2 54 10 0 -1 4 0 0 0 99 0 0 19.9333
1 2 54 11 0 -1 4 0 0 0 99 0 0 8.41928
1 2 54 12 0 -1 4 0 0 0 99 0 0 2.49779
t 1 54 -3 1 1 0 0 0 0 -2
_00Sesto
1 2 54 6 0 0 4 0 0 -2
1 2 54 12 0 0 4 0 0 -2
1 2 54 108 0 1 4 0 0 -1.66
1 1 83 12 0 -1 4 0 0 0 99 0 0 2.69248
1 2 83 1 0 -1 4 0 0 0 99 0 0 2.45303
1 2 83 2 0 -1 4 0 0 0 99 0 0 4.4884
1 2 83 3 0 -1 4 0 0 0 99 0 0 7.72106
1 2 83 4 0 -1 4 0 0 0 99 0 0 4.60813
1 2 83 4 0 -1 4 0 0 0 99 0 0 3.88976
1 2 83 5 0 -1 4 0 0 0 99 0 0 19.9333
1 2 83 6 0 -1 4 0 0 0 99 0 0 2.93194
1 2 83 6 0 -1 4 0 0 0 99 0 0 19.5741
1 2 83 7 0 -1 4 0 0 0 99 0 0 4.4884
1 2 83 7 0 -1 4 0 0 0 99 0 0 6.6435
1 2 83 8 0 -1 4 0 0 0 99 0 0 6.6435
1 2 83 9 0 -1 4 0 0 0 99 0 0 2.57276
t 1 83 -3 1 1 0 0 0 0 -2
_00Alto
1 1 83 12 0 0 4 0 0 -2
1 2 83 9 0 0 4 0 0 -2
1 2 83 105 0 1 4 0 0 -1.66
1 1 112 11 0 -1 4 0 0 0 99 0 0 2.45222
1 1 112 11 0 -1 4 0 0 0 99 0 0 3.16573
1 1 112 12 0 -1 4 0 0 0 99 0 0 3.40357
1 2 112 1 0 -1 4 0 0 0 99 0 0 3.64141
1 2 112 1 0 -1 4 0 0 0 99 0 0 3.04681
1 2 112 2 0 -1 4 0 0 0 99 0 0 12.4414
1 2 112 3 0 -1 4 0 0 0 99 0 0 11.4901
1 2 112 4 0 -1 4 0 0 0 99 0 0 13.2738
1 2 112 4 0 -1 4 0 0 0 99 0 0 5.18735
1 2 112 5 0 -1 4 0 0 0 99 0 0 19.9333
1 2 112 6 0 -1 4 0 0 0 99 0 0 7.09006
1 2 112 7 0 -1 4 0 0 0 99 0 0 2.45222
t 1 112 -3 1 1 0 0 0 0 -2
_00Tenore
1 1 112 11 0 0 4 0 0 -2
1 2 112 7 0 0 4 0 0 -2
1 2 112 104 0 1 4 0 0 -1.66
1 1 141 9 0 -1 4 0 0 0 99 0 0 2.43683
1 1 141 9 0 -1 4 0 0 0 99 0 0 2.54036
1 1 141 10 0 -1 4 0 0 0 99 0 0 6.06036
1 1 141 11 0 -1 4 0 0 0 99 0 0 12.3757
1 1 141 12 0 -1 4 0 0 0 99 0 0 2.54036
1 1 141 12 0 -1 4 0 0 0 99 0 0 4.30036
1 2 141 1 0 -1 4 0 0 0 99 0 0 19.9333
1 2 141 1 0 -1 4 0 0 0 99 0 0 2.43683
1 2 141 2 0 -1 4 0 0 0 99 0 0 11.6509
1 2 141 3 0 -1 4 0 0 0 99 0 0 4.92154
1 2 141 4 0 -1 4 0 0 0 99 0 0 3.78271
1 2 141 5 0 -1 4 0 0 0 99 0 0 2.64389
t 1 141 -3 1 1 0 0 0 0 -2
_00Quinto
1 1 141 9 0 0 4 0 0 -2
1 2 141 5 0 0 4 0 0 -2
1 2 141 101 0 1 4 0 0 -1.66
1 1 170 6 0 -1 4 0 0 0 99 0 0 3.84187
1 1 170 7 0 -1 4 0 0 0 99 0 0 8.70282
1 1 170 8 0 -1 4 0 0 0 99 0 0 3.84187
1 1 170 9 0 -1 4 0 0 0 99 0 0 14.5695
1 1 170 9 0 -1 4 0 0 0 99 0 0 2.66854
1 1 170 10 0 -1 4 0 0 0 99 0 0 19.4304
1 1 170 11 0 -1 4 0 0 0 99 0 0 16.4133
1 1 170 12 0 -1 4 0 0 0 99 0 0 6.18854
1 1 170 12 0 -1 4 0 0 0 99 0 0 5.0152
1 2 170 1 0 -1 4 0 0 0 99 0 0 19.9333
1 2 170 1 0 -1 4 0 0 0 99 0 0 2.50092
1 2 170 2 0 -1 4 0 0 0 99 0 0 7.19425
1 2 170 3 0 -1 4 0 0 0 99 0 0 2.50092
t 1 170 -3 1 1 0 0 0 0 -2
_00Basso
1 1 170 6 0 0 4 0 0 -2
1 2 170 3 0 0 4 0 0 -2
1 1 170 111 0 1 4 0 0 -1.66
