#define SVG t 1 1 \n_99%svg%
t 2 10 14 1 1 0 0 0 0 -1.35
_00
8 1 0 0 0 200
8 2 0 -6 0 200
14 1 0 2
14 1 200 2
14 1 0 2 8
3 2 2
3 1 2 0 1
1 2 25 1 0 -1 4 0 0 0 99 0 0 2.7426
1 2 25 2 0 -1 4 0 0 0 99 0 0 3.1519
1 2 25 3 0 -1 4 0 0 0 99 0 0 4.37981
1 2 25 4 0 -1 4 0 0 0 99 0 0 10.11
1 2 25 4 0 -1 4 0 0 0 99 0 0 3.97051
1 2 25 5 0 -1 4 0 0 0 99 0 0 19.9333
1 2 25 6 0 -1 4 0 0 0 99 0 0 16.2496
1 2 25 7 0 -1 4 0 0 0 99 0 0 9.29144
1 2 25 8 0 -1 4 0 0 0 99 0 0 9.70074
1 2 25 9 0 -1 4 0 0 0 99 0 0 8.88214
t 1 25 -3 1 1 0 0 0 0 -2
_00Canto
1 2 25 1 0 0 4 0 0 -2
1 2 25 9 0 0 4 0 0 -2
1 2 25 106 0 1 4 0 0 -1.66
1 2 54 2 0 -1 4 0 0 0 99 0 0 3.39997
1 2 54 3 0 -1 4 0 0 0 99 0 0 3.9333
1 2 54 4 0 -1 4 0 0 0 99 0 0 8.7333
1 2 54 5 0 -1 4 0 0 0 99 0 0 13
1 2 54 6 0 -1 4 0 0 0 99 0 0 19.9333
1 2 54 7 0 -1 4 0 0 0 99 0 0 14.6
1 2 54 8 0 -1 4 0 0 0 99 0 0 14.6
1 2 54 9 0 -1 4 0 0 0 99 0 0 9.26663
t 1 54 -3 1 1 0 0 0 0 -2
_00Sesto
1 2 54 2 0 0 4 0 0 -2
1 2 54 9 0 0 4 0 0 -2
1 2 54 106 0 1 4 0 0 -1.66
1 1 83 9 0 -1 4 0 0 0 99 0 0 3.31108
1 1 83 10 0 -1 4 0 0 0 99 0 0 3.31108
1 1 83 11 0 -1 4 0 0 0 99 0 0 2.82219
1 1 83 12 0 -1 4 0 0 0 99 0 0 3.79997
1 2 83 1 0 -1 4 0 0 0 99 0 0 8.68886
1 2 83 2 0 -1 4 0 0 0 99 0 0 14.0666
1 2 83 3 0 -1 4 0 0 0 99 0 0 2.82219
1 2 83 3 0 -1 4 0 0 0 99 0 0 17.9777
1 2 83 4 0 -1 4 0 0 0 99 0 0 19.9333
1 2 83 5 0 -1 4 0 0 0 99 0 0 7.71108
1 2 83 6 0 -1 4 0 0 0 99 0 0 2.82219
t 1 83 -3 1 1 0 0 0 0 -2
_00Alto
1 1 83 9 0 0 4 0 0 -2
1 2 83 6 0 0 4 0 0 -2
1 2 83 103 0 1 4 0 0 -1.66
1 1 112 6 0 -1 4 0 0 0 99 0 0 3.72277
1 1 112 7 0 -1 4 0 0 0 99 0 0 2.79646
1 1 112 8 0 -1 4 0 0 0 99 0 0 3.25962
1 1 112 9 0 -1 4 0 0 0 99 0 0 12.9859
1 1 112 10 0 -1 4 0 0 0 99 0 0 8.35435
1 1 112 11 0 -1 4 0 0 0 99 0 0 12.0596
1 1 112 12 0 -1 4 0 0 0 99 0 0 10.207
1 1 112 12 0 -1 4 0 0 0 99 0 0 3.25962
1 2 112 1 0 -1 4 0 0 0 99 0 0 19.9333
1 2 112 1 0 -1 4 0 0 0 99 0 0 2.79646
1 2 112 2 0 -1 4 0 0 0 99 0 0 16.228
1 2 112 3 0 -1 4 0 0 0 99 0 0 3.72277
1 2 112 3 0 -1 4 0 0 0 99 0 0 3.25962
t 1 112 -3 1 1 0 0 0 0 -2
_00Tenore
1 1 112 6 0 0 4 0 0 -2
1 2 112 3 0 0 4 0 0 -2
1 1 112 112 0 1 4 0 0 -1.66
1 1 141 6 0 -1 4 0 0 0 99 0 0 3.01022
1 1 141 7 0 -1 4 0 0 0 99 0 0 8.42561
1 1 141 8 0 -1 4 0 0 0 99 0 0 5.71792
1 1 141 9 0 -1 4 0 0 0 99 0 0 18.5795
1 1 141 9 0 -1 4 0 0 0 99 0 0 3.01022
1 1 141 10 0 -1 4 0 0 0 99 0 0 19.9333
1 1 141 11 0 -1 4 0 0 0 99 0 0 11.8102
1 1 141 12 0 -1 4 0 0 0 99 0 0 11.1333
1 2 141 1 0 -1 4 0 0 0 99 0 0 16.5487
1 2 141 2 0 -1 4 0 0 0 99 0 0 4.36407
t 1 141 -3 1 1 0 0 0 0 -2
_00Quinto
1 1 141 6 0 0 4 0 0 -2
1 2 141 2 0 0 4 0 0 -2
1 1 141 110 0 1 4 0 0 -1.66
1 1 170 2 0 -1 4 0 0 0 99 0 0 5.36778
1 1 170 3 0 -1 4 0 0 0 99 0 0 7.79537
1 1 170 4 0 -1 4 0 0 0 99 0 0 6.58158
1 1 170 5 0 -1 4 0 0 0 99 0 0 15.0781
1 1 170 6 0 -1 4 0 0 0 99 0 0 19.9333
1 1 170 7 0 -1 4 0 0 0 99 0 0 15.0781
1 1 170 8 0 -1 4 0 0 0 99 0 0 4.15399
1 1 170 8 0 -1 4 0 0 0 99 0 0 10.223
1 1 170 9 0 -1 4 0 0 0 99 0 0 19.3264
1 1 170 10 0 -1 4 0 0 0 99 0 0 9.00916
1 1 170 11 0 -1 4 0 0 0 99 0 0 4.15399
t 1 170 -3 1 1 0 0 0 0 -2
_00Basso
1 1 170 2 0 0 4 0 0 -2
1 1 170 11 0 0 4 0 0 -2
1 1 170 107 0 1 4 0 0 -1.66
