#define SVG t 1 1 \n_99%svg%
t 2 10 14 1 1 0 0 0 0 -1.35
_00
8 1 0 0 0 200
8 2 0 -6 0 200
14 1 0 2
14 1 200 2
14 1 0 2 8
3 2 2
3 1 2 0 1
1 2 25 1 0 -1 4 0 0 0 99 0 0 5.95683
1 2 25 2 0 -1 4 0 0 0 99 0 0 10.6157
1 2 25 3 0 -1 4 0 0 0 99 0 0 10.6157
1 2 25 4 0 -1 4 0 0 0 99 0 0 14.2392
1 2 25 4 0 -1 4 0 0 0 99 0 0 3.36859
1 2 25 5 0 -1 4 0 0 0 99 0 0 19.9333
1 2 25 6 0 -1 4 0 0 0 99 0 0 14.7568
1 2 25 7 0 -1 4 0 0 0 99 0 0 15.2745
1 2 25 7 0 -1 4 0 0 0 99 0 0 3.88624
1 2 25 8 0 -1 4 0 0 0 99 0 0 13.7215
1 2 25 9 0 -1 4 0 0 0 99 0 0 11.6509
t 1 25 -3 1 1 0 0 0 0 -2
_00Canto
1 2 25 1 0 0 4 0 0 -2
1 2 25 9 0 0 4 0 0 -2
1 2 25 105 0 1 4 0 0 -1.66
1 2 54 1 0 -1 4 0 0 0 99 0 0 3.6211
1 2 54 2 0 -1 4 0 0 0 99 0 0 11.3479
1 2 54 3 0 -1 4 0 0 0 99 0 0 7.91379
1 2 54 4 0 -1 4 0 0 0 99 0 0 13.9235
1 2 54 4 0 -1 4 0 0 0 99 0 0 3.19184
1 2 54 5 0 -1 4 0 0 0 99 0 0 14.7821
1 2 54 6 0 -1 4 0 0 0 99 0 0 19.9333
1 2 54 7 0 -1 4 0 0 0 99 0 0 8.34306
1 2 54 7 0 -1 4 0 0 0 99 0 0 3.6211
1 2 54 8 0 -1 4 0 0 0 99 0 0 14.3528
1 2 54 9 0 -1 4 0 0 0 99 0 0 11.7772
1 2 54 10 0 -1 4 0 0 0 99 0 0 2.76257
t 1 54 -3 1 1 0 0 0 0 -2
_00Sesto
1 2 54 1 0 0 4 0 0 -2
1 2 54 10 0 0 4 0 0 -2
1 2 54 106 0 1 4 0 0 -1.66
1 1 83 9 0 -1 4 0 0 0 99 0 0 3.54709
1 1 83 10 0 -1 4 0 0 0 99 0 0 3.54709
1 1 83 11 0 -1 4 0 0 0 99 0 0 9.61606
1 1 83 12 0 -1 4 0 0 0 99 0 0 10.8299
1 1 83 12 0 -1 4 0 0 0 99 0 0 4.15399
1 2 83 1 0 -1 4 0 0 0 99 0 0 14.4712
1 2 83 2 0 -1 4 0 0 0 99 0 0 19.9333
1 2 83 3 0 -1 4 0 0 0 99 0 0 15.0781
1 2 83 4 0 -1 4 0 0 0 99 0 0 16.8988
1 2 83 4 0 -1 4 0 0 0 99 0 0 5.97468
1 2 83 5 0 -1 4 0 0 0 99 0 0 11.4367
1 2 83 6 0 -1 4 0 0 0 99 0 0 5.36778
t 1 83 -3 1 1 0 0 0 0 -2
_00Alto
1 1 83 9 0 0 4 0 0 -2
1 2 83 6 0 0 4 0 0 -2
1 2 83 102 0 1 4 0 0 -1.66
1 1 112 6 0 -1 4 0 0 0 99 0 0 3.79997
1 1 112 7 0 -1 4 0 0 0 99 0 0 5.75552
1 1 112 8 0 -1 4 0 0 0 99 0 0 5.75552
1 1 112 9 0 -1 4 0 0 0 99 0 0 12.6
1 1 112 10 0 -1 4 0 0 0 99 0 0 13.5777
1 1 112 11 0 -1 4 0 0 0 99 0 0 19.9333
1 1 112 12 0 -1 4 0 0 0 99 0 0 9.17774
1 1 112 12 0 -1 4 0 0 0 99 0 0 2.82219
1 2 112 1 0 -1 4 0 0 0 99 0 0 14.5555
1 2 112 2 0 -1 4 0 0 0 99 0 0 13.5777
1 2 112 3 0 -1 4 0 0 0 99 0 0 3.31108
1 2 112 4 0 -1 4 0 0 0 99 0 0 4.77774
t 1 112 -3 1 1 0 0 0 0 -2
_00Tenore
1 1 112 6 0 0 4 0 0 -2
1 2 112 4 0 0 4 0 0 -2
1 1 112 111 0 1 4 0 0 -1.66
1 1 141 6 0 -1 4 0 0 0 99 0 0 5.4133
1 1 141 7 0 -1 4 0 0 0 99 0 0 10.2533
1 1 141 8 0 -1 4 0 0 0 99 0 0 8.4933
1 1 141 9 0 -1 4 0 0 0 99 0 0 13.3333
1 1 141 9 0 -1 4 0 0 0 99 0 0 3.6533
1 1 141 10 0 -1 4 0 0 0 99 0 0 19.9333
1 1 141 11 0 -1 4 0 0 0 99 0 0 19.4933
1 1 141 12 0 -1 4 0 0 0 99 0 0 9.8133
1 1 141 12 0 -1 4 0 0 0 99 0 0 3.6533
1 2 141 1 0 -1 4 0 0 0 99 0 0 11.5733
1 2 141 2 0 -1 4 0 0 0 99 0 0 6.2933
t 1 141 -3 1 1 0 0 0 0 -2
_00Quinto
1 1 141 6 0 0 4 0 0 -2
1 2 141 2 0 0 4 0 0 -2
1 1 141 110 0 1 4 0 0 -1.66
1 1 170 2 0 -1 4 0 0 0 99 0 0 6.7333
1 1 170 3 0 -1 4 0 0 0 99 0 0 12.2333
1 1 170 4 0 -1 4 0 0 0 99 0 0 11.1333
1 1 170 5 0 -1 4 0 0 0 99 0 0 12.7833
1 1 170 6 0 -1 4 0 0 0 99 0 0 14.9833
1 1 170 7 0 -1 4 0 0 0 99 0 0 19.9333
1 1 170 8 0 -1 4 0 0 0 99 0 0 2.8833
1 1 170 8 0 -1 4 0 0 0 99 0 0 8.3833
1 1 170 9 0 -1 4 0 0 0 99 0 0 11.1333
1 1 170 10 0 -1 4 0 0 0 99 0 0 10.0333
1 1 170 11 0 -1 4 0 0 0 99 0 0 2.8833
t 1 170 -3 1 1 0 0 0 0 -2
_00Basso
1 1 170 2 0 0 4 0 0 -2
1 1 170 11 0 0 4 0 0 -2
1 1 170 106 0 1 4 0 0 -1.66
