#define SVG t 1 1 \n_99%svg%
t 2 10 14 1 1 0 0 0 0 -1.35
_00
8 1 0 0 0 200
8 2 0 -6 0 200
14 1 0 2
14 1 200 2
14 1 0 2 8
3 2 2
3 1 2 0 1
1 2 25 1 0 -1 4 0 0 0 99 0 0 2.9402
1 2 25 2 0 -1 4 0 0 0 99 0 0 2.9402
1 2 25 3 0 -1 4 0 0 0 99 0 0 5.36778
1 2 25 4 0 -1 4 0 0 0 99 0 0 4.15399
1 2 25 4 0 -1 4 0 0 0 99 0 0 4.15399
1 2 25 5 0 -1 4 0 0 0 99 0 0 7.18847
1 2 25 6 0 -1 4 0 0 0 99 0 0 8.40227
1 2 25 6 0 -1 4 0 0 0 99 0 0 19.9333
1 2 25 7 0 -1 4 0 0 0 99 0 0 18.1126
1 2 25 8 0 -1 4 0 0 0 99 0 0 19.9333
1 2 25 8 0 -1 4 0 0 0 99 0 0 2.9402
1 2 25 9 0 -1 4 0 0 0 99 0 0 5.36778
1 2 25 10 0 -1 4 0 0 0 99 0 0 9.61606
t 1 25 -3 1 1 0 0 0 0 -2
_00Canto
1 2 25 1 0 0 4 0 0 -2
1 2 25 10 0 0 4 0 0 -2
1 2 25 107 0 1 4 0 0 -1.66
1 1 97.5 6 0 -1 4 0 0 0 99 0 0 4.46663
1 1 97.5 7 0 -1 4 0 0 0 99 0 0 3.9333
1 1 97.5 8 0 -1 4 0 0 0 99 0 0 5.5333
1 1 97.5 9 0 -1 4 0 0 0 99 0 0 2.86663
1 1 97.5 9 0 -1 4 0 0 0 99 0 0 2.86663
1 1 97.5 10 0 -1 4 0 0 0 99 0 0 3.39997
1 1 97.5 11 0 -1 4 0 0 0 99 0 0 6.06663
1 1 97.5 11 0 -1 4 0 0 0 99 0 0 16.2
1 1 97.5 12 0 -1 4 0 0 0 99 0 0 13
1 2 97.5 1 0 -1 4 0 0 0 99 0 0 19.9333
1 2 97.5 2 0 -1 4 0 0 0 99 0 0 13
1 2 97.5 3 0 -1 4 0 0 0 99 0 0 16.7333
1 2 97.5 4 0 -1 4 0 0 0 99 0 0 3.9333
t 1 97.5 -3 1 1 0 0 0 0 -2
_00Quinto
1 1 97.5 6 0 0 4 0 0 -2
1 2 97.5 4 0 0 4 0 0 -2
1 2 97.5 101 0 1 4 0 0 -1.66
1 1 170 4 0 -1 4 0 0 0 99 0 0 11.4172
1 1 170 5 0 -1 4 0 0 0 99 0 0 3.46878
1 1 170 6 0 -1 4 0 0 0 99 0 0 8.01072
1 1 170 7 0 -1 4 0 0 0 99 0 0 6.87524
1 1 170 8 0 -1 4 0 0 0 99 0 0 19.9333
1 1 170 9 0 -1 4 0 0 0 99 0 0 6.87524
1 1 170 9 0 -1 4 0 0 0 99 0 0 2.90104
1 1 170 10 0 -1 4 0 0 0 99 0 0 8.57846
1 1 170 11 0 -1 4 0 0 0 99 0 0 3.46878
1 1 170 11 0 -1 4 0 0 0 99 0 0 13.1204
t 1 170 -3 1 1 0 0 0 0 -2
_00Basso
1 1 170 4 0 0 4 0 0 -2
1 1 170 11 0 0 4 0 0 -2
1 1 170 108 0 1 4 0 0 -1.66
