#define SVG t 1 1 \n_99%svg%
t 2 10 14 1 1 0 0 0 0 -1.35
_00
8 1 0 0 0 200
8 2 0 -6 0 200
14 1 0 2
14 1 200 2
14 1 0 2 8
3 2 2
3 1 2 0 1
1 2 25 1 0 -1 4 0 0 0 99 0 0 3.31108
1 2 25 1 0 -1 4 0 0 0 99 0 0 3.31108
1 2 25 2 0 -1 4 0 0 0 99 0 0 7.22219
1 2 25 3 0 -1 4 0 0 0 99 0 0 6.24441
1 2 25 4 0 -1 4 0 0 0 99 0 0 10.1555
1 2 25 4 0 -1 4 0 0 0 99 0 0 2.82219
1 2 25 5 0 -1 4 0 0 0 99 0 0 14.5555
1 2 25 6 0 -1 4 0 0 0 99 0 0 19.9333
1 2 25 7 0 -1 4 0 0 0 99 0 0 11.6222
1 2 25 8 0 -1 4 0 0 0 99 0 0 10.6444
1 2 25 9 0 -1 4 0 0 0 99 0 0 4.28886
t 1 25 -3 1 1 0 0 0 0 -2
_00Canto
1 2 25 1 0 0 4 0 0 -2
1 2 25 9 0 0 4 0 0 -2
1 2 25 106 0 1 4 0 0 -1.66
1 2 54 1 0 -1 4 0 0 0 99 0 0 3.2133
1 2 54 2 0 -1 4 0 0 0 99 0 0 4.9733
1 2 54 3 0 -1 4 0 0 0 99 0 0 4.9733
1 2 54 4 0 -1 4 0 0 0 99 0 0 12.8933
1 2 54 4 0 -1 4 0 0 0 99 0 0 4.9733
1 2 54 5 0 -1 4 0 0 0 99 0 0 17.2933
1 2 54 6 0 -1 4 0 0 0 99 0 0 19.9333
1 2 54 7 0 -1 4 0 0 0 99 0 0 16.4133
1 2 54 8 0 -1 4 0 0 0 99 0 0 14.6533
1 2 54 9 0 -1 4 0 0 0 99 0 0 16.4133
1 2 54 10 0 -1 4 0 0 0 99 0 0 3.2133
t 1 54 -3 1 1 0 0 0 0 -2
_00Sesto
1 2 54 1 0 0 4 0 0 -2
1 2 54 10 0 0 4 0 0 -2
1 2 54 106 0 1 4 0 0 -1.66
1 1 83 11 0 -1 4 0 0 0 99 0 0 5.1493
1 1 83 12 0 -1 4 0 0 0 99 0 0 4.4453
1 1 83 12 0 -1 4 0 0 0 99 0 0 3.7413
1 2 83 1 0 -1 4 0 0 0 99 0 0 14.3013
1 2 83 2 0 -1 4 0 0 0 99 0 0 19.9333
1 2 83 3 0 -1 4 0 0 0 99 0 0 3.7413
1 2 83 3 0 -1 4 0 0 0 99 0 0 15.0053
1 2 83 4 0 -1 4 0 0 0 99 0 0 18.5253
1 2 83 4 0 -1 4 0 0 0 99 0 0 3.0373
1 2 83 5 0 -1 4 0 0 0 99 0 0 3.7413
t 1 83 -3 1 1 0 0 0 0 -2
_00Alto
1 1 83 11 0 0 4 0 0 -2
1 2 83 5 0 0 4 0 0 -2
1 2 83 102 0 1 4 0 0 -1.66
1 1 112 7 0 -1 4 0 0 0 99 0 0 4.60427
1 1 112 8 0 -1 4 0 0 0 99 0 0 4.03653
1 1 112 9 0 -1 4 0 0 0 99 0 0 6.30749
1 1 112 9 0 -1 4 0 0 0 99 0 0 4.03653
1 1 112 10 0 -1 4 0 0 0 99 0 0 19.9333
1 1 112 11 0 -1 4 0 0 0 99 0 0 14.2559
1 1 112 12 0 -1 4 0 0 0 99 0 0 11.9849
1 2 112 1 0 -1 4 0 0 0 99 0 0 16.5268
1 2 112 2 0 -1 4 0 0 0 99 0 0 8.57846
t 1 112 -3 1 1 0 0 0 0 -2
_00Tenore
1 1 112 7 0 0 4 0 0 -2
1 2 112 2 0 0 4 0 0 -2
1 1 112 111 0 1 4 0 0 -1.66
1 1 141 6 0 -1 4 0 0 0 99 0 0 3.01022
1 1 141 7 0 -1 4 0 0 0 99 0 0 7.74868
1 1 141 8 0 -1 4 0 0 0 99 0 0 8.42561
1 1 141 9 0 -1 4 0 0 0 99 0 0 16.5487
1 1 141 9 0 -1 4 0 0 0 99 0 0 4.36407
1 1 141 10 0 -1 4 0 0 0 99 0 0 19.9333
1 1 141 11 0 -1 4 0 0 0 99 0 0 11.1333
1 1 141 12 0 -1 4 0 0 0 99 0 0 8.42561
1 2 141 1 0 -1 4 0 0 0 99 0 0 7.07176
1 2 141 2 0 -1 4 0 0 0 99 0 0 6.39484
1 2 141 3 0 -1 4 0 0 0 99 0 0 3.01022
t 1 141 -3 1 1 0 0 0 0 -2
_00Quinto
1 1 141 6 0 0 4 0 0 -2
1 2 141 3 0 0 4 0 0 -2
1 1 141 110 0 1 4 0 0 -1.66
1 1 170 2 0 -1 4 0 0 0 99 0 0 13.4491
1 1 170 3 0 -1 4 0 0 0 99 0 0 12.5228
1 1 170 4 0 -1 4 0 0 0 99 0 0 6.03856
1 1 170 5 0 -1 4 0 0 0 99 0 0 17.1544
1 1 170 6 0 -1 4 0 0 0 99 0 0 19.9333
1 1 170 7 0 -1 4 0 0 0 99 0 0 16.228
1 1 170 8 0 -1 4 0 0 0 99 0 0 4.18593
1 1 170 8 0 -1 4 0 0 0 99 0 0 4.18593
1 1 170 9 0 -1 4 0 0 0 99 0 0 17.1544
1 1 170 10 0 -1 4 0 0 0 99 0 0 4.18593
t 1 170 -3 1 1 0 0 0 0 -2
_00Basso
1 1 170 2 0 0 4 0 0 -2
1 1 170 10 0 0 4 0 0 -2
1 1 170 106 0 1 4 0 0 -1.66
