#define SVG t 1 1 \n_99%svg%
t 2 10 14 1 1 0 0 0 0 -1.35
_00
8 1 0 0 0 200
8 2 0 -6 0 200
14 1 0 2
14 1 200 2
14 1 0 2 8
3 2 2
3 1 2 0 1
1 2 25 6 0 -1 4 0 0 0 99 0 0 3.2133
1 2 25 7 0 -1 4 0 0 0 99 0 0 6.7333
1 2 25 8 0 -1 4 0 0 0 99 0 0 12.8933
1 2 25 8 0 -1 4 0 0 0 99 0 0 8.4933
1 2 25 9 0 -1 4 0 0 0 99 0 0 19.9333
1 2 25 10 0 -1 4 0 0 0 99 0 0 18.1733
1 2 25 11 0 -1 4 0 0 0 99 0 0 12.8933
1 2 25 12 0 -1 4 0 0 0 99 0 0 8.4933
1 2 25 13 0 -1 4 0 0 0 99 0 0 4.0933
t 1 25 -3 1 1 0 0 0 0 -2
_00Canto I
1 2 25 6 0 0 4 0 0 -2
1 2 25 13 0 0 4 0 0 -2
1 2 25 109 0 1 4 0 0 -1.66
1 1 61.25 9 0 -1 4 0 0 0 99 0 0 4.18593
1 1 61.25 11 0 -1 4 0 0 0 99 0 0 4.18593
1 1 61.25 12 0 -1 4 0 0 0 99 0 0 3.25962
1 2 61.25 1 0 -1 4 0 0 0 99 0 0 10.6701
1 2 61.25 2 0 -1 4 0 0 0 99 0 0 19.007
1 2 61.25 3 0 -1 4 0 0 0 99 0 0 18.0807
1 2 61.25 4 0 -1 4 0 0 0 99 0 0 10.6701
1 2 61.25 5 0 -1 4 0 0 0 99 0 0 19.9333
1 2 61.25 6 0 -1 4 0 0 0 99 0 0 6.96488
t 1 61.25 -3 1 1 0 0 0 0 -2
_00Tenore
1 1 61.25 9 0 0 4 0 0 -2
1 2 61.25 6 0 0 4 0 0 -2
1 2 61.25 103 0 1 4 0 0 -1.66
1 2 97.5 6 0 -1 4 0 0 0 99 0 0 3.01022
1 2 97.5 6 0 -1 4 0 0 0 99 0 0 3.01022
1 2 97.5 7 0 -1 4 0 0 0 99 0 0 9.77945
1 2 97.5 8 0 -1 4 0 0 0 99 0 0 15.1948
1 2 97.5 8 0 -1 4 0 0 0 99 0 0 6.39484
1 2 97.5 9 0 -1 4 0 0 0 99 0 0 19.9333
1 2 97.5 10 0 -1 4 0 0 0 99 0 0 11.8102
1 2 97.5 11 0 -1 4 0 0 0 99 0 0 4.36407
1 2 97.5 12 0 -1 4 0 0 0 99 0 0 5.04099
t 1 97.5 -3 1 1 0 0 0 0 -2
_00Canto II
1 2 97.5 6 0 0 4 0 0 -2
1 2 97.5 12 0 0 4 0 0 -2
1 2 97.5 109 0 1 4 0 0 -1.66
1 2 133.75 1 0 -1 4 0 0 0 99 0 0 2.83616
1 2 133.75 2 0 -1 4 0 0 0 99 0 0 3.84187
1 2 133.75 3 0 -1 4 0 0 0 99 0 0 4.84759
1 2 133.75 4 0 -1 4 0 0 0 99 0 0 3.33901
1 2 133.75 5 0 -1 4 0 0 0 99 0 0 19.9333
1 2 133.75 6 0 -1 4 0 0 0 99 0 0 5.35044
1 2 133.75 6 0 -1 4 0 0 0 99 0 0 14.9047
1 2 133.75 7 0 -1 4 0 0 0 99 0 0 4.34473
1 2 133.75 7 0 -1 4 0 0 0 99 0 0 3.33901
1 2 133.75 8 0 -1 4 0 0 0 99 0 0 4.84759
t 1 133.75 -3 1 1 0 0 0 0 -2
_00Alto II
1 2 133.75 1 0 0 4 0 0 -2
1 2 133.75 8 0 0 4 0 0 -2
1 2 133.75 105 0 1 4 0 0 -1.66
1 1 170 6 0 -1 4 0 0 0 99 0 0 11.8102
1 1 170 7 0 -1 4 0 0 0 99 0 0 9.10253
1 1 170 8 0 -1 4 0 0 0 99 0 0 11.8102
1 1 170 9 0 -1 4 0 0 0 99 0 0 13.1641
1 1 170 10 0 -1 4 0 0 0 99 0 0 19.9333
1 1 170 11 0 -1 4 0 0 0 99 0 0 17.2256
1 1 170 12 0 -1 4 0 0 0 99 0 0 5.04099
1 1 170 12 0 -1 4 0 0 0 99 0 0 15.8718
1 2 170 1 0 -1 4 0 0 0 99 0 0 19.9333
1 2 170 1 0 -1 4 0 0 0 99 0 0 3.68715
1 2 170 2 0 -1 4 0 0 0 99 0 0 5.04099
1 2 170 3 0 -1 4 0 0 0 99 0 0 3.68715
t 1 170 -3 1 1 0 0 0 0 -2
_00Basso II
1 1 170 6 0 0 4 0 0 -2
1 2 170 3 0 0 4 0 0 -2
1 1 170 110 0 1 4 0 0 -1.66
