#define SVG t 1 1 \n_99%svg%
t 2 10 14 1 1 0 0 0 0 -1.35
_00
8 1 0 0 0 200
8 2 0 -6 0 200
14 1 0 2
14 1 200 2
14 1 0 2 8
3 2 2
3 1 2 0 1
1 2 25 2 0 -1 4 0 0 0 99 0 0 2.78458
1 2 25 3 0 -1 4 0 0 0 99 0 0 3.68715
1 2 25 4 0 -1 4 0 0 0 99 0 0 7.74868
1 2 25 4 0 -1 4 0 0 0 99 0 0 2.78458
1 2 25 5 0 -1 4 0 0 0 99 0 0 10.4564
1 2 25 6 0 -1 4 0 0 0 99 0 0 19.9333
1 2 25 7 0 -1 4 0 0 0 99 0 0 12.7128
1 2 25 8 0 -1 4 0 0 0 99 0 0 6.84612
1 2 25 9 0 -1 4 0 0 0 99 0 0 5.04099
t 1 25 -3 1 1 0 0 0 0 -2
_00Canto
1 2 25 2 0 0 4 0 0 -2
1 2 25 9 0 0 4 0 0 -2
1 2 25 106 0 1 4 0 0 -1.66
1 2 54 2 0 -1 4 0 0 0 99 0 0 2.75235
1 2 54 3 0 -1 4 0 0 0 99 0 0 3.1714
1 2 54 4 0 -1 4 0 0 0 99 0 0 6.10473
1 2 54 4 0 -1 4 0 0 0 99 0 0 2.75235
1 2 54 5 0 -1 4 0 0 0 99 0 0 10.2952
1 2 54 6 0 -1 4 0 0 0 99 0 0 19.9333
1 2 54 7 0 -1 4 0 0 0 99 0 0 11.9714
1 2 54 8 0 -1 4 0 0 0 99 0 0 6.52378
1 2 54 9 0 -1 4 0 0 0 99 0 0 4.84759
t 1 54 -3 1 1 0 0 0 0 -2
_00Sesto
1 2 54 2 0 0 4 0 0 -2
1 2 54 9 0 0 4 0 0 -2
1 2 54 106 0 1 4 0 0 -1.66
1 1 83 11 0 -1 4 0 0 0 99 0 0 2.6083
1 1 83 12 0 -1 4 0 0 0 99 0 0 3.4333
1 2 83 1 0 -1 4 0 0 0 99 0 0 5.6333
1 2 83 2 0 -1 4 0 0 0 99 0 0 11.9583
1 2 83 3 0 -1 4 0 0 0 99 0 0 2.8833
1 2 83 3 0 -1 4 0 0 0 99 0 0 11.4083
1 2 83 4 0 -1 4 0 0 0 99 0 0 19.9333
1 2 83 5 0 -1 4 0 0 0 99 0 0 7.2833
1 2 83 6 0 -1 4 0 0 0 99 0 0 2.6083
t 1 83 -3 1 1 0 0 0 0 -2
_00Alto
1 1 83 11 0 0 4 0 0 -2
1 2 83 6 0 0 4 0 0 -2
1 2 83 103 0 1 4 0 0 -1.66
1 1 112 6 0 -1 4 0 0 0 99 0 0 2.86663
1 1 112 7 0 -1 4 0 0 0 99 0 0 7.66663
1 1 112 8 0 -1 4 0 0 0 99 0 0 4.46663
1 1 112 9 0 -1 4 0 0 0 99 0 0 18.8666
1 1 112 10 0 -1 4 0 0 0 99 0 0 14.6
1 1 112 11 0 -1 4 0 0 0 99 0 0 14.6
1 1 112 12 0 -1 4 0 0 0 99 0 0 11.9333
1 2 112 1 0 -1 4 0 0 0 99 0 0 19.9333
1 2 112 2 0 -1 4 0 0 0 99 0 0 11.9333
t 1 112 -3 1 1 0 0 0 0 -2
_00Tenore
1 1 112 6 0 0 4 0 0 -2
1 2 112 2 0 0 4 0 0 -2
1 1 112 111 0 1 4 0 0 -1.66
1 1 141 6 0 -1 4 0 0 0 99 0 0 3.86373
1 1 141 7 0 -1 4 0 0 0 99 0 0 4.24634
1 1 141 8 0 -1 4 0 0 0 99 0 0 4.24634
1 1 141 9 0 -1 4 0 0 0 99 0 0 10.7507
1 1 141 10 0 -1 4 0 0 0 99 0 0 9.60287
1 1 141 11 0 -1 4 0 0 0 99 0 0 19.9333
1 1 141 12 0 -1 4 0 0 0 99 0 0 9.22026
1 1 141 12 0 -1 4 0 0 0 99 0 0 2.71591
1 2 141 1 0 -1 4 0 0 0 99 0 0 11.8985
1 2 141 2 0 -1 4 0 0 0 99 0 0 9.60287
1 2 141 3 0 -1 4 0 0 0 99 0 0 3.48113
t 1 141 -3 1 1 0 0 0 0 -2
_00Quinto
1 1 141 6 0 0 4 0 0 -2
1 2 141 3 0 0 4 0 0 -2
1 1 141 111 0 1 4 0 0 -1.66
1 1 170 2 0 -1 4 0 0 0 99 0 0 9.94411
1 1 170 3 0 -1 4 0 0 0 99 0 0 10.4198
1 1 170 4 0 -1 4 0 0 0 99 0 0 4.71168
1 1 170 5 0 -1 4 0 0 0 99 0 0 8.51708
1 1 170 6 0 -1 4 0 0 0 99 0 0 10.4198
1 1 170 7 0 -1 4 0 0 0 99 0 0 19.9333
1 1 170 8 0 -1 4 0 0 0 99 0 0 5.18735
1 1 170 8 0 -1 4 0 0 0 99 0 0 6.13871
1 1 170 9 0 -1 4 0 0 0 99 0 0 15.1765
1 1 170 10 0 -1 4 0 0 0 99 0 0 5.18735
1 1 170 11 0 -1 4 0 0 0 99 0 0 3.76033
t 1 170 -3 1 1 0 0 0 0 -2
_00Basso
1 1 170 2 0 0 4 0 0 -2
1 1 170 11 0 0 4 0 0 -2
1 1 170 107 0 1 4 0 0 -1.66
