#define SVG t 1 1 \n_99%svg%
t 2 10 14 1 1 0 0 0 0 -1.35
_00
8 1 0 0 0 200
8 2 0 -6 0 200
14 1 0 2
14 1 200 2
14 1 0 2 8
3 2 2
3 1 2 0 1
1 2 25 1 0 -1 4 0 0 0 99 0 0 2.71591
1 2 25 2 0 -1 4 0 0 0 99 0 0 3.48113
1 2 25 3 0 -1 4 0 0 0 99 0 0 3.48113
1 2 25 4 0 -1 4 0 0 0 99 0 0 11.5159
1 2 25 4 0 -1 4 0 0 0 99 0 0 2.71591
1 2 25 5 0 -1 4 0 0 0 99 0 0 12.2811
1 2 25 6 0 -1 4 0 0 0 99 0 0 19.9333
1 2 25 7 0 -1 4 0 0 0 99 0 0 14.1942
1 2 25 8 0 -1 4 0 0 0 99 0 0 16.1072
1 2 25 9 0 -1 4 0 0 0 99 0 0 6.542
t 1 25 -3 1 1 0 0 0 0 -2
_00Canto
1 2 25 1 0 0 4 0 0 -2
1 2 25 9 0 0 4 0 0 -2
1 2 25 106 0 1 4 0 0 -1.66
1 2 54 2 0 -1 4 0 0 0 99 0 0 2.78458
1 2 54 4 0 -1 4 0 0 0 99 0 0 10.0051
1 2 54 4 0 -1 4 0 0 0 99 0 0 3.23586
1 2 54 5 0 -1 4 0 0 0 99 0 0 9.10253
1 2 54 6 0 -1 4 0 0 0 99 0 0 19.9333
1 2 54 7 0 -1 4 0 0 0 99 0 0 8.19997
1 2 54 8 0 -1 4 0 0 0 99 0 0 9.10253
1 2 54 9 0 -1 4 0 0 0 99 0 0 5.04099
t 1 54 -3 1 1 0 0 0 0 -2
_00Sesto
1 2 54 2 0 0 4 0 0 -2
1 2 54 9 0 0 4 0 0 -2
1 2 54 106 0 1 4 0 0 -1.66
1 1 83 11 0 -1 4 0 0 0 99 0 0 3.50663
1 1 83 12 0 -1 4 0 0 0 99 0 0 3.79997
1 2 83 1 0 -1 4 0 0 0 99 0 0 7.6133
1 2 83 2 0 -1 4 0 0 0 99 0 0 12.8933
1 2 83 3 0 -1 4 0 0 0 99 0 0 4.67997
1 2 83 3 0 -1 4 0 0 0 99 0 0 9.95997
1 2 83 4 0 -1 4 0 0 0 99 0 0 19.9333
1 2 83 4 0 -1 4 0 0 0 99 0 0 2.91997
1 2 83 5 0 -1 4 0 0 0 99 0 0 4.67997
1 2 83 6 0 -1 4 0 0 0 99 0 0 2.62663
t 1 83 -3 1 1 0 0 0 0 -2
_00Alto
1 1 83 11 0 0 4 0 0 -2
1 2 83 6 0 0 4 0 0 -2
1 2 83 103 0 1 4 0 0 -1.66
1 1 112 9 0 -1 4 0 0 0 99 0 0 7.57585
1 1 112 10 0 -1 4 0 0 0 99 0 0 5.32904
1 1 112 11 0 -1 4 0 0 0 99 0 0 11.695
1 1 112 12 0 -1 4 0 0 0 99 0 0 11.3205
1 1 112 12 0 -1 4 0 0 0 99 0 0 2.70777
1 2 112 1 0 -1 4 0 0 0 99 0 0 19.9333
1 2 112 2 0 -1 4 0 0 0 99 0 0 4.58011
1 2 112 3 0 -1 4 0 0 0 99 0 0 3.08224
1 2 112 4 0 -1 4 0 0 0 99 0 0 2.70777
t 1 112 -3 1 1 0 0 0 0 -2
_00Tenore
1 1 112 9 0 0 4 0 0 -2
1 2 112 4 0 0 4 0 0 -2
1 1 112 112 0 1 4 0 0 -1.66
1 1 141 7 0 -1 4 0 0 0 99 0 0 5.76745
1 1 141 8 0 -1 4 0 0 0 99 0 0 3.19184
1 1 141 9 0 -1 4 0 0 0 99 0 0 19.9333
1 1 141 10 0 -1 4 0 0 0 99 0 0 14.3528
1 1 141 11 0 -1 4 0 0 0 99 0 0 13.9235
1 1 141 12 0 -1 4 0 0 0 99 0 0 9.20159
1 2 141 1 0 -1 4 0 0 0 99 0 0 13.4943
1 2 141 2 0 -1 4 0 0 0 99 0 0 8.34306
t 1 141 -3 1 1 0 0 0 0 -2
_00Quinto
1 1 141 7 0 0 4 0 0 -2
1 2 141 2 0 0 4 0 0 -2
1 1 141 111 0 1 4 0 0 -1.66
1 1 170 2 0 -1 4 0 0 0 99 0 0 14.4333
1 1 170 3 0 -1 4 0 0 0 99 0 0 2.8833
1 1 170 4 0 -1 4 0 0 0 99 0 0 2.8833
1 1 170 5 0 -1 4 0 0 0 99 0 0 11.1333
1 1 170 6 0 -1 4 0 0 0 99 0 0 8.3833
1 1 170 7 0 -1 4 0 0 0 99 0 0 5.6333
1 1 170 8 0 -1 4 0 0 0 99 0 0 5.0833
1 1 170 8 0 -1 4 0 0 0 99 0 0 5.6333
1 1 170 9 0 -1 4 0 0 0 99 0 0 19.9333
1 1 170 10 0 -1 4 0 0 0 99 0 0 6.7333
1 1 170 11 0 -1 4 0 0 0 99 0 0 5.0833
1 1 170 12 0 -1 4 0 0 0 99 0 0 2.8833
t 1 170 -3 1 1 0 0 0 0 -2
_00Basso
1 1 170 2 0 0 4 0 0 -2
1 1 170 12 0 0 4 0 0 -2
1 1 170 108 0 1 4 0 0 -1.66
