#define SVG t 1 1 \n_99%svg%
t 2 10 14 1 1 0 0 0 0 -1.35
_00
8 1 0 0 0 200
8 2 0 -6 0 200
14 1 0 2
14 1 200 2
14 1 0 2 8
3 2 2
3 1 2 0 1
1 2 25 2 0 -1 4 0 0 0 99 0 0 3.01022
1 2 25 3 0 -1 4 0 0 0 99 0 0 3.34868
1 2 25 4 0 -1 4 0 0 0 99 0 0 8.08715
1 2 25 5 0 -1 4 0 0 0 99 0 0 7.07176
1 2 25 6 0 -1 4 0 0 0 99 0 0 19.9333
1 2 25 7 0 -1 4 0 0 0 99 0 0 5.04099
1 2 25 8 0 -1 4 0 0 0 99 0 0 10.4564
1 2 25 9 0 -1 4 0 0 0 99 0 0 4.02561
t 1 25 -3 1 1 0 0 0 0 -2
_00Canto
1 2 25 2 0 0 4 0 0 -2
1 2 25 9 0 0 4 0 0 -2
1 2 25 106 0 1 4 0 0 -1.66
1 2 54 2 0 -1 4 0 0 0 99 0 0 2.9402
1 2 54 3 0 -1 4 0 0 0 99 0 0 2.9402
1 2 54 4 0 -1 4 0 0 0 99 0 0 8.40227
1 2 54 5 0 -1 4 0 0 0 99 0 0 17.5057
1 2 54 6 0 -1 4 0 0 0 99 0 0 19.9333
1 2 54 7 0 -1 4 0 0 0 99 0 0 7.18847
1 2 54 8 0 -1 4 0 0 0 99 0 0 14.4712
1 2 54 9 0 -1 4 0 0 0 99 0 0 9.00916
t 1 54 -3 1 1 0 0 0 0 -2
_00Sesto
1 2 54 2 0 0 4 0 0 -2
1 2 54 9 0 0 4 0 0 -2
1 2 54 106 0 1 4 0 0 -1.66
1 2 83 1 0 -1 4 0 0 0 99 0 0 6.39484
1 2 83 2 0 -1 4 0 0 0 99 0 0 15.8718
1 2 83 3 0 -1 4 0 0 0 99 0 0 15.8718
1 2 83 4 0 -1 4 0 0 0 99 0 0 19.9333
1 2 83 5 0 -1 4 0 0 0 99 0 0 3.68715
1 2 83 6 0 -1 4 0 0 0 99 0 0 2.78458
t 1 83 -3 1 1 0 0 0 0 -2
_00Alto
1 2 83 1 0 0 4 0 0 -2
1 2 83 6 0 0 4 0 0 -2
1 2 83 103 0 1 4 0 0 -1.66
1 1 112 7 0 -1 4 0 0 0 99 0 0 2.76257
1 1 112 9 0 -1 4 0 0 0 99 0 0 8.77232
1 1 112 10 0 -1 4 0 0 0 99 0 0 4.47964
1 1 112 11 0 -1 4 0 0 0 99 0 0 17.3577
1 1 112 12 0 -1 4 0 0 0 99 0 0 8.34306
1 1 112 12 0 -1 4 0 0 0 99 0 0 3.19184
1 2 112 1 0 -1 4 0 0 0 99 0 0 19.9333
1 2 112 2 0 -1 4 0 0 0 99 0 0 4.90891
1 2 112 3 0 -1 4 0 0 0 99 0 0 4.47964
1 2 112 4 0 -1 4 0 0 0 99 0 0 4.47964
t 1 112 -3 1 1 0 0 0 0 -2
_00Tenore
1 1 112 7 0 0 4 0 0 -2
1 2 112 4 0 0 4 0 0 -2
1 1 112 112 0 1 4 0 0 -1.66
1 1 141 7 0 -1 4 0 0 0 99 0 0 3.39997
1 1 141 8 0 -1 4 0 0 0 99 0 0 3.39997
1 1 141 9 0 -1 4 0 0 0 99 0 0 14.6
1 1 141 10 0 -1 4 0 0 0 99 0 0 8.19997
1 1 141 11 0 -1 4 0 0 0 99 0 0 14.0666
1 1 141 12 0 -1 4 0 0 0 99 0 0 5.5333
1 2 141 1 0 -1 4 0 0 0 99 0 0 19.9333
1 2 141 2 0 -1 4 0 0 0 99 0 0 3.9333
1 2 141 3 0 -1 4 0 0 0 99 0 0 2.86663
1 2 141 4 0 -1 4 0 0 0 99 0 0 2.86663
t 1 141 -3 1 1 0 0 0 0 -2
_00Quinto
1 1 141 7 0 0 4 0 0 -2
1 2 141 4 0 0 4 0 0 -2
1 1 141 111 0 1 4 0 0 -1.66
1 1 170 2 0 -1 4 0 0 0 99 0 0 6.2933
1 1 170 3 0 -1 4 0 0 0 99 0 0 3.6533
1 1 170 4 0 -1 4 0 0 0 99 0 0 3.2133
1 1 170 5 0 -1 4 0 0 0 99 0 0 4.9733
1 1 170 6 0 -1 4 0 0 0 99 0 0 6.7333
1 1 170 7 0 -1 4 0 0 0 99 0 0 12.8933
1 1 170 8 0 -1 4 0 0 0 99 0 0 4.5333
1 1 170 9 0 -1 4 0 0 0 99 0 0 19.9333
1 1 170 10 0 -1 4 0 0 0 99 0 0 4.5333
1 1 170 11 0 -1 4 0 0 0 99 0 0 4.9733
t 1 170 -3 1 1 0 0 0 0 -2
_00Basso
1 1 170 2 0 0 4 0 0 -2
1 1 170 11 0 0 4 0 0 -2
1 1 170 108 0 1 4 0 0 -1.66
