#define SVG t 1 1 \n_99%svg%
t 2 10 14 1 1 0 0 0 0 -1.35
_00
8 1 0 0 0 200
8 2 0 -6 0 200
14 1 0 2
14 1 200 2
14 1 0 2 8
3 2 2
3 1 2 0 1
1 2 25 1 0 -1 4 0 0 0 99 0 0 2.78458
1 2 25 2 0 -1 4 0 0 0 99 0 0 2.78458
1 2 25 3 0 -1 4 0 0 0 99 0 0 2.78458
1 2 25 4 0 -1 4 0 0 0 99 0 0 5.04099
1 2 25 5 0 -1 4 0 0 0 99 0 0 6.84612
1 2 25 6 0 -1 4 0 0 0 99 0 0 14.5179
1 2 25 7 0 -1 4 0 0 0 99 0 0 14.0666
1 2 25 7 0 -1 4 0 0 0 99 0 0 3.68715
1 2 25 8 0 -1 4 0 0 0 99 0 0 19.9333
1 2 25 9 0 -1 4 0 0 0 99 0 0 6.39484
t 1 25 -3 1 1 0 0 0 0 -2
_00Canto
1 2 25 1 0 0 4 0 0 -2
1 2 25 9 0 0 4 0 0 -2
1 2 25 107 0 1 4 0 0 -1.66
1 2 54 1 0 -1 4 0 0 0 99 0 0 3.0373
1 2 54 2 0 -1 4 0 0 0 99 0 0 5.1493
1 2 54 3 0 -1 4 0 0 0 99 0 0 5.1493
1 2 54 4 0 -1 4 0 0 0 99 0 0 7.2613
1 2 54 5 0 -1 4 0 0 0 99 0 0 19.9333
1 2 54 6 0 -1 4 0 0 0 99 0 0 18.5253
1 2 54 7 0 -1 4 0 0 0 99 0 0 10.7813
1 2 54 7 0 -1 4 0 0 0 99 0 0 3.0373
1 2 54 8 0 -1 4 0 0 0 99 0 0 19.9333
1 2 54 9 0 -1 4 0 0 0 99 0 0 15.0053
1 2 54 10 0 -1 4 0 0 0 99 0 0 3.7413
1 2 54 11 0 -1 4 0 0 0 99 0 0 3.0373
t 1 54 -3 1 1 0 0 0 0 -2
_00Sesto
1 2 54 1 0 0 4 0 0 -2
1 2 54 11 0 0 4 0 0 -2
1 2 54 106 0 1 4 0 0 -1.66
1 1 83 11 0 -1 4 0 0 0 99 0 0 2.70777
1 1 83 12 0 -1 4 0 0 0 99 0 0 3.08224
1 2 83 1 0 -1 4 0 0 0 99 0 0 5.70351
1 2 83 1 0 -1 4 0 0 0 99 0 0 2.70777
1 2 83 2 0 -1 4 0 0 0 99 0 0 10.5716
1 2 83 3 0 -1 4 0 0 0 99 0 0 2.70777
1 2 83 3 0 -1 4 0 0 0 99 0 0 12.0695
1 2 83 4 0 -1 4 0 0 0 99 0 0 19.9333
1 2 83 4 0 -1 4 0 0 0 99 0 0 2.70777
1 2 83 5 0 -1 4 0 0 0 99 0 0 6.45245
1 2 83 6 0 -1 4 0 0 0 99 0 0 3.08224
t 1 83 -3 1 1 0 0 0 0 -2
_00Alto
1 1 83 11 0 0 4 0 0 -2
1 2 83 6 0 0 4 0 0 -2
1 2 83 103 0 1 4 0 0 -1.66
1 1 112 7 0 -1 4 0 0 0 99 0 0 3.2133
1 1 112 9 0 -1 4 0 0 0 99 0 0 7.6133
1 1 112 9 0 -1 4 0 0 0 99 0 0 3.2133
1 1 112 10 0 -1 4 0 0 0 99 0 0 13.7733
1 1 112 11 0 -1 4 0 0 0 99 0 0 14.6533
1 1 112 12 0 -1 4 0 0 0 99 0 0 10.2533
1 1 112 12 0 -1 4 0 0 0 99 0 0 3.2133
1 2 112 1 0 -1 4 0 0 0 99 0 0 19.9333
1 2 112 2 0 -1 4 0 0 0 99 0 0 19.0533
1 2 112 3 0 -1 4 0 0 0 99 0 0 4.0933
1 2 112 3 0 -1 4 0 0 0 99 0 0 8.4933
1 2 112 4 0 -1 4 0 0 0 99 0 0 7.6133
t 1 112 -3 1 1 0 0 0 0 -2
_00Tenore
1 1 112 7 0 0 4 0 0 -2
1 2 112 4 0 0 4 0 0 -2
1 2 112 101 0 1 4 0 0 -1.66
1 1 141 7 0 -1 4 0 0 0 99 0 0 2.85095
1 1 141 8 0 -1 4 0 0 0 99 0 0 3.36859
1 1 141 9 0 -1 4 0 0 0 99 0 0 14.2392
1 1 141 9 0 -1 4 0 0 0 99 0 0 3.36859
1 1 141 10 0 -1 4 0 0 0 99 0 0 13.7215
1 1 141 11 0 -1 4 0 0 0 99 0 0 12.6862
1 1 141 12 0 -1 4 0 0 0 99 0 0 11.1333
1 2 141 1 0 -1 4 0 0 0 99 0 0 19.9333
1 2 141 2 0 -1 4 0 0 0 99 0 0 6.47448
1 2 141 3 0 -1 4 0 0 0 99 0 0 2.85095
t 1 141 -3 1 1 0 0 0 0 -2
_00Quinto
1 1 141 7 0 0 4 0 0 -2
1 2 141 3 0 0 4 0 0 -2
1 1 141 111 0 1 4 0 0 -1.66
1 1 170 3 0 -1 4 0 0 0 99 0 0 4.99997
1 1 170 4 0 -1 4 0 0 0 99 0 0 3.39997
1 1 170 5 0 -1 4 0 0 0 99 0 0 13.5333
1 1 170 6 0 -1 4 0 0 0 99 0 0 9.79997
1 1 170 7 0 -1 4 0 0 0 99 0 0 10.3333
1 1 170 8 0 -1 4 0 0 0 99 0 0 4.46663
1 1 170 8 0 -1 4 0 0 0 99 0 0 3.39997
1 1 170 9 0 -1 4 0 0 0 99 0 0 19.9333
1 1 170 10 0 -1 4 0 0 0 99 0 0 5.5333
1 1 170 11 0 -1 4 0 0 0 99 0 0 3.9333
t 1 170 -3 1 1 0 0 0 0 -2
_00Basso
1 1 170 3 0 0 4 0 0 -2
1 1 170 11 0 0 4 0 0 -2
1 1 170 107 0 1 4 0 0 -1.66
