#define SVG t 1 1 \n_99%svg%
t 2 10 14 1 1 0 0 0 0 -1.35
_00
8 1 0 0 0 200
8 2 0 -6 0 200
14 1 0 2
14 1 200 2
14 1 0 2 8
3 2 2
3 1 2 0 1
1 2 25 1 0 -1 4 0 0 0 99 0 0 3.11552
1 2 25 2 0 -1 4 0 0 0 99 0 0 3.50663
1 2 25 3 0 -1 4 0 0 0 99 0 0 4.28886
1 2 25 4 0 -1 4 0 0 0 99 0 0 5.8533
1 2 25 5 0 -1 4 0 0 0 99 0 0 12.1111
1 2 25 6 0 -1 4 0 0 0 99 0 0 19.9333
1 2 25 7 0 -1 4 0 0 0 99 0 0 9.3733
1 2 25 8 0 -1 4 0 0 0 99 0 0 8.59108
1 2 25 9 0 -1 4 0 0 0 99 0 0 3.50663
1 2 25 10 0 -1 4 0 0 0 99 0 0 2.72441
t 1 25 -3 1 1 0 0 0 0 -2
_00Canto
1 2 25 1 0 0 4 0 0 -2
1 2 25 10 0 0 4 0 0 -2
1 2 25 106 0 1 4 0 0 -1.66
1 2 54 1 0 -1 4 0 0 0 99 0 0 3.4333
1 2 54 2 0 -1 4 0 0 0 99 0 0 4.5333
1 2 54 3 0 -1 4 0 0 0 99 0 0 4.5333
1 2 54 4 0 -1 4 0 0 0 99 0 0 7.2833
1 2 54 5 0 -1 4 0 0 0 99 0 0 11.6833
1 2 54 6 0 -1 4 0 0 0 99 0 0 19.3833
1 2 54 7 0 -1 4 0 0 0 99 0 0 11.1333
1 2 54 8 0 -1 4 0 0 0 99 0 0 19.9333
1 2 54 9 0 -1 4 0 0 0 99 0 0 6.7333
1 2 54 10 0 -1 4 0 0 0 99 0 0 2.8833
t 1 54 -3 1 1 0 0 0 0 -2
_00Sesto
1 2 54 1 0 0 4 0 0 -2
1 2 54 10 0 0 4 0 0 -2
1 2 54 106 0 1 4 0 0 -1.66
1 1 83 9 0 -1 4 0 0 0 99 0 0 2.64207
1 1 83 10 0 -1 4 0 0 0 99 0 0 2.64207
1 1 83 11 0 -1 4 0 0 0 99 0 0 4.80348
1 1 83 12 0 -1 4 0 0 0 99 0 0 4.4947
1 2 83 1 0 -1 4 0 0 0 99 0 0 8.81751
1 2 83 2 0 -1 4 0 0 0 99 0 0 11.5965
1 2 83 3 0 -1 4 0 0 0 99 0 0 12.5228
1 2 83 4 0 -1 4 0 0 0 99 0 0 19.9333
1 2 83 5 0 -1 4 0 0 0 99 0 0 3.56839
1 2 83 6 0 -1 4 0 0 0 99 0 0 3.25962
t 1 83 -3 1 1 0 0 0 0 -2
_00Alto
1 1 83 9 0 0 4 0 0 -2
1 2 83 6 0 0 4 0 0 -2
1 2 83 103 0 1 4 0 0 -1.66
1 1 112 6 0 -1 4 0 0 0 99 0 0 3.05167
1 1 112 7 0 -1 4 0 0 0 99 0 0 2.69248
1 1 112 8 0 -1 4 0 0 0 99 0 0 3.05167
1 1 112 9 0 -1 4 0 0 0 99 0 0 9.15779
1 1 112 10 0 -1 4 0 0 0 99 0 0 7.36187
1 1 112 11 0 -1 4 0 0 0 99 0 0 10.2353
1 1 112 12 0 -1 4 0 0 0 99 0 0 8.79861
1 2 112 1 0 -1 4 0 0 0 99 0 0 19.9333
1 2 112 2 0 -1 4 0 0 0 99 0 0 3.77003
1 2 112 3 0 -1 4 0 0 0 99 0 0 2.69248
1 2 112 3 0 -1 4 0 0 0 99 0 0 2.69248
1 2 112 4 0 -1 4 0 0 0 99 0 0 2.69248
t 1 112 -3 1 1 0 0 0 0 -2
_00Tenore
1 1 112 6 0 0 4 0 0 -2
1 2 112 4 0 0 4 0 0 -2
1 1 112 112 0 1 4 0 0 -1.66
1 1 141 6 0 -1 4 0 0 0 99 0 0 4.3333
1 1 141 7 0 -1 4 0 0 0 99 0 0 6.3333
1 1 141 8 0 -1 4 0 0 0 99 0 0 7.1333
1 1 141 9 0 -1 4 0 0 0 99 0 0 19.9333
1 1 141 10 0 -1 4 0 0 0 99 0 0 11.1333
1 1 141 11 0 -1 4 0 0 0 99 0 0 11.5333
1 1 141 12 0 -1 4 0 0 0 99 0 0 6.3333
1 1 141 12 0 -1 4 0 0 0 99 0 0 3.1333
1 2 141 1 0 -1 4 0 0 0 99 0 0 11.1333
1 2 141 2 0 -1 4 0 0 0 99 0 0 7.1333
1 2 141 3 0 -1 4 0 0 0 99 0 0 2.7333
t 1 141 -3 1 1 0 0 0 0 -2
_00Quinto
1 1 141 6 0 0 4 0 0 -2
1 2 141 3 0 0 4 0 0 -2
1 1 141 110 0 1 4 0 0 -1.66
1 1 170 2 0 -1 4 0 0 0 99 0 0 19.9333
1 1 170 3 0 -1 4 0 0 0 99 0 0 9.24759
1 1 170 4 0 -1 4 0 0 0 99 0 0 6.10473
1 1 170 5 0 -1 4 0 0 0 99 0 0 13.019
1 1 170 6 0 -1 4 0 0 0 99 0 0 14.2762
1 1 170 7 0 -1 4 0 0 0 99 0 0 13.6476
1 1 170 8 0 -1 4 0 0 0 99 0 0 9.87616
1 1 170 9 0 -1 4 0 0 0 99 0 0 14.2762
1 1 170 10 0 -1 4 0 0 0 99 0 0 6.7333
1 1 170 11 0 -1 4 0 0 0 99 0 0 3.59044
t 1 170 -3 1 1 0 0 0 0 -2
_00Basso
1 1 170 2 0 0 4 0 0 -2
1 1 170 11 0 0 4 0 0 -2
1 1 170 106 0 1 4 0 0 -1.66
