#define SVG t 1 1 \n_99%svg%
t 2 10 14 1 1 0 0 0 0 -1.35
_00
8 1 0 0 0 200
8 2 0 -6 0 200
14 1 0 2
14 1 200 2
14 1 0 2 8
3 2 2
3 1 2 0 1
1 2 25 2 0 -1 4 0 0 0 99 0 0 4.03653
1 2 25 3 0 -1 4 0 0 0 99 0 0 5.73975
1 2 25 4 0 -1 4 0 0 0 99 0 0 11.9849
1 2 25 5 0 -1 4 0 0 0 99 0 0 9.71395
1 2 25 6 0 -1 4 0 0 0 99 0 0 19.9333
1 2 25 7 0 -1 4 0 0 0 99 0 0 8.57846
1 2 25 8 0 -1 4 0 0 0 99 0 0 13.1204
1 2 25 9 0 -1 4 0 0 0 99 0 0 4.03653
t 1 25 -3 1 1 0 0 0 0 -2
_00Canto
1 2 25 2 0 0 4 0 0 -2
1 2 25 9 0 0 4 0 0 -2
1 2 25 106 0 1 4 0 0 -1.66
1 2 54 3 0 -1 4 0 0 0 99 0 0 4.36407
1 2 54 4 0 -1 4 0 0 0 99 0 0 5.71792
1 2 54 5 0 -1 4 0 0 0 99 0 0 14.5179
1 2 54 6 0 -1 4 0 0 0 99 0 0 19.9333
1 2 54 7 0 -1 4 0 0 0 99 0 0 13.1641
1 2 54 8 0 -1 4 0 0 0 99 0 0 18.5795
1 2 54 8 0 -1 4 0 0 0 99 0 0 3.01022
1 2 54 9 0 -1 4 0 0 0 99 0 0 5.71792
t 1 54 -3 1 1 0 0 0 0 -2
_00Sesto
1 2 54 3 0 0 4 0 0 -2
1 2 54 9 0 0 4 0 0 -2
1 2 54 106 0 1 4 0 0 -1.66
1 1 83 10 0 -1 4 0 0 0 99 0 0 2.7733
1 2 83 1 0 -1 4 0 0 0 99 0 0 5.8533
1 2 83 1 0 -1 4 0 0 0 99 0 0 2.7733
1 2 83 2 0 -1 4 0 0 0 99 0 0 12.0133
1 2 83 3 0 -1 4 0 0 0 99 0 0 2.7733
1 2 83 3 0 -1 4 0 0 0 99 0 0 11.5733
1 2 83 4 0 -1 4 0 0 0 99 0 0 19.9333
1 2 83 4 0 -1 4 0 0 0 99 0 0 3.2133
1 2 83 5 0 -1 4 0 0 0 99 0 0 5.4133
t 1 83 -3 1 1 0 0 0 0 -2
_00Alto
1 1 83 10 0 0 4 0 0 -2
1 2 83 5 0 0 4 0 0 -2
1 2 83 103 0 1 4 0 0 -1.66
1 1 112 7 0 -1 4 0 0 0 99 0 0 3.1519
1 1 112 8 0 -1 4 0 0 0 99 0 0 2.7426
1 1 112 9 0 -1 4 0 0 0 99 0 0 5.60772
1 1 112 10 0 -1 4 0 0 0 99 0 0 3.97051
1 1 112 11 0 -1 4 0 0 0 99 0 0 7.24493
1 1 112 12 0 -1 4 0 0 0 99 0 0 6.01702
1 1 112 12 0 -1 4 0 0 0 99 0 0 2.7426
1 2 112 1 0 -1 4 0 0 0 99 0 0 19.9333
1 2 112 2 0 -1 4 0 0 0 99 0 0 6.83563
1 2 112 3 0 -1 4 0 0 0 99 0 0 2.7426
t 1 112 -3 1 1 0 0 0 0 -2
_00Tenore
1 1 112 7 0 0 4 0 0 -2
1 2 112 3 0 0 4 0 0 -2
1 2 112 101 0 1 4 0 0 -1.66
1 1 141 7 0 -1 4 0 0 0 99 0 0 5.8533
1 1 141 8 0 -1 4 0 0 0 99 0 0 11.4853
1 1 141 9 0 -1 4 0 0 0 99 0 0 18.5253
1 1 141 9 0 -1 4 0 0 0 99 0 0 3.7413
1 1 141 10 0 -1 4 0 0 0 99 0 0 17.1173
1 1 141 11 0 -1 4 0 0 0 99 0 0 19.9333
1 1 141 12 0 -1 4 0 0 0 99 0 0 7.2613
1 1 141 12 0 -1 4 0 0 0 99 0 0 3.0373
1 2 141 1 0 -1 4 0 0 0 99 0 0 10.0773
1 2 141 2 0 -1 4 0 0 0 99 0 0 7.2613
t 1 141 -3 1 1 0 0 0 0 -2
_00Quinto
1 1 141 7 0 0 4 0 0 -2
1 2 141 2 0 0 4 0 0 -2
1 1 141 110 0 1 4 0 0 -1.66
1 1 170 2 0 -1 4 0 0 0 99 0 0 5.71792
1 1 170 3 0 -1 4 0 0 0 99 0 0 3.01022
1 1 170 4 0 -1 4 0 0 0 99 0 0 3.68715
1 1 170 5 0 -1 4 0 0 0 99 0 0 9.10253
1 1 170 6 0 -1 4 0 0 0 99 0 0 17.2256
1 1 170 7 0 -1 4 0 0 0 99 0 0 13.841
1 1 170 8 0 -1 4 0 0 0 99 0 0 3.68715
1 1 170 9 0 -1 4 0 0 0 99 0 0 19.9333
1 1 170 10 0 -1 4 0 0 0 99 0 0 7.07176
1 1 170 12 0 -1 4 0 0 0 99 0 0 3.68715
t 1 170 -3 1 1 0 0 0 0 -2
_00Basso
1 1 170 2 0 0 4 0 0 -2
1 1 170 12 0 0 4 0 0 -2
1 1 170 107 0 1 4 0 0 -1.66
