#define SVG t 1 1 \n_99%svg%
t 2 10 14 1 1 0 0 0 0 -1.35
_00
8 1 0 0 0 200
8 2 0 -6 0 200
14 1 0 2
14 1 200 2
14 1 0 2 8
3 2 2
3 1 2 0 1
1 2 25 1 0 -1 4 0 0 0 99 0 0 2.67176
1 2 25 4 0 -1 4 0 0 0 99 0 0 7.74868
1 2 25 4 0 -1 4 0 0 0 99 0 0 3.34868
1 2 25 5 0 -1 4 0 0 0 99 0 0 13.5025
1 2 25 6 0 -1 4 0 0 0 99 0 0 19.9333
1 2 25 7 0 -1 4 0 0 0 99 0 0 11.8102
1 2 25 8 0 -1 4 0 0 0 99 0 0 10.4564
1 2 25 9 0 -1 4 0 0 0 99 0 0 4.36407
t 1 25 -3 1 1 0 0 0 0 -2
_00Canto
1 2 25 1 0 0 4 0 0 -2
1 2 25 9 0 0 4 0 0 -2
1 2 25 106 0 1 4 0 0 -1.66
1 2 54 1 0 -1 4 0 0 0 99 0 0 3.68715
1 2 54 2 0 -1 4 0 0 0 99 0 0 4.13843
1 2 54 3 0 -1 4 0 0 0 99 0 0 4.58971
1 2 54 4 0 -1 4 0 0 0 99 0 0 9.55381
1 2 54 5 0 -1 4 0 0 0 99 0 0 14.5179
1 2 54 6 0 -1 4 0 0 0 99 0 0 18.1282
1 2 54 7 0 -1 4 0 0 0 99 0 0 14.0666
1 2 54 7 0 -1 4 0 0 0 99 0 0 3.68715
1 2 54 8 0 -1 4 0 0 0 99 0 0 19.9333
1 2 54 9 0 -1 4 0 0 0 99 0 0 10.0051
1 2 54 10 0 -1 4 0 0 0 99 0 0 2.78458
t 1 54 -3 1 1 0 0 0 0 -2
_00Sesto
1 2 54 1 0 0 4 0 0 -2
1 2 54 10 0 0 4 0 0 -2
1 2 54 106 0 1 4 0 0 -1.66
1 1 83 10 0 -1 4 0 0 0 99 0 0 2.60407
1 1 83 11 0 -1 4 0 0 0 99 0 0 3.14561
1 1 83 12 0 -1 4 0 0 0 99 0 0 3.68715
1 2 83 1 0 -1 4 0 0 0 99 0 0 7.20715
1 2 83 2 0 -1 4 0 0 0 99 0 0 11.8102
1 2 83 3 0 -1 4 0 0 0 99 0 0 2.60407
1 2 83 3 0 -1 4 0 0 0 99 0 0 11.2687
1 2 83 4 0 -1 4 0 0 0 99 0 0 19.9333
1 2 83 5 0 -1 4 0 0 0 99 0 0 3.95792
1 2 83 6 0 -1 4 0 0 0 99 0 0 2.87484
t 1 83 -3 1 1 0 0 0 0 -2
_00Alto
1 1 83 10 0 0 4 0 0 -2
1 2 83 6 0 0 4 0 0 -2
1 2 83 103 0 1 4 0 0 -1.66
1 1 112 6 0 -1 4 0 0 0 99 0 0 2.83616
1 1 112 7 0 -1 4 0 0 0 99 0 0 7.36187
1 1 112 8 0 -1 4 0 0 0 99 0 0 5.8533
1 1 112 9 0 -1 4 0 0 0 99 0 0 14.9047
1 1 112 10 0 -1 4 0 0 0 99 0 0 17.419
1 1 112 11 0 -1 4 0 0 0 99 0 0 16.4133
1 1 112 12 0 -1 4 0 0 0 99 0 0 6.85901
1 1 112 12 0 -1 4 0 0 0 99 0 0 3.33901
1 2 112 1 0 -1 4 0 0 0 99 0 0 19.9333
1 2 112 2 0 -1 4 0 0 0 99 0 0 10.379
1 2 112 3 0 -1 4 0 0 0 99 0 0 2.83616
t 1 112 -3 1 1 0 0 0 0 -2
_00Tenore
1 1 112 6 0 0 4 0 0 -2
1 2 112 3 0 0 4 0 0 -2
1 1 112 111 0 1 4 0 0 -1.66
1 1 141 8 0 -1 4 0 0 0 99 0 0 2.69248
1 1 141 9 0 -1 4 0 0 0 99 0 0 9.87616
1 1 141 10 0 -1 4 0 0 0 99 0 0 7.36187
1 1 141 11 0 -1 4 0 0 0 99 0 0 8.79861
1 1 141 12 0 -1 4 0 0 0 99 0 0 10.5945
1 1 141 12 0 -1 4 0 0 0 99 0 0 3.05167
1 2 141 1 0 -1 4 0 0 0 99 0 0 19.9333
1 2 141 2 0 -1 4 0 0 0 99 0 0 5.20677
1 2 141 3 0 -1 4 0 0 0 99 0 0 2.69248
1 2 141 4 0 -1 4 0 0 0 99 0 0 2.69248
t 1 141 -3 1 1 0 0 0 0 -2
_00Quinto
1 1 141 8 0 0 4 0 0 -2
1 2 141 4 0 0 4 0 0 -2
1 1 141 112 0 1 4 0 0 -1.66
1 1 170 2 0 -1 4 0 0 0 99 0 0 2.62182
1 1 170 3 0 -1 4 0 0 0 99 0 0 5.21855
1 1 170 4 0 -1 4 0 0 0 99 0 0 3.19887
1 1 170 5 0 -1 4 0 0 0 99 0 0 6.66117
1 1 170 6 0 -1 4 0 0 0 99 0 0 8.10379
1 1 170 7 0 -1 4 0 0 0 99 0 0 5.7956
1 1 170 8 0 -1 4 0 0 0 99 0 0 4.35297
1 1 170 8 0 -1 4 0 0 0 99 0 0 4.93002
1 1 170 9 0 -1 4 0 0 0 99 0 0 19.9333
1 1 170 10 0 -1 4 0 0 0 99 0 0 3.19887
t 1 170 -3 1 1 0 0 0 0 -2
_00Basso
1 1 170 2 0 0 4 0 0 -2
1 1 170 10 0 0 4 0 0 -2
1 1 170 108 0 1 4 0 0 -1.66
