#define SVG t 1 1 \n_99%svg%
t 2 10 14 1 1 0 0 0 0 -1.35
_00
8 1 0 0 0 200
8 2 0 -6 0 200
14 1 0 2
14 1 200 2
14 1 0 2 8
3 2 2
3 1 2 0 1
1 2 25 1 0 -1 4 0 0 0 99 0 0 4.03653
1 2 25 2 0 -1 4 0 0 0 99 0 0 5.17201
1 2 25 3 0 -1 4 0 0 0 99 0 0 5.17201
1 2 25 4 0 -1 4 0 0 0 99 0 0 6.30749
1 2 25 4 0 -1 4 0 0 0 99 0 0 3.46878
1 2 25 5 0 -1 4 0 0 0 99 0 0 15.3914
1 2 25 6 0 -1 4 0 0 0 99 0 0 19.9333
1 2 25 7 0 -1 4 0 0 0 99 0 0 13.6881
1 2 25 8 0 -1 4 0 0 0 99 0 0 13.1204
1 2 25 9 0 -1 4 0 0 0 99 0 0 15.3914
1 2 25 10 0 -1 4 0 0 0 99 0 0 4.03653
t 1 25 -3 1 1 0 0 0 0 -2
_00Canto
1 2 25 1 0 0 4 0 0 -2
1 2 25 10 0 0 4 0 0 -2
1 2 25 106 0 1 4 0 0 -1.66
1 2 54 1 0 -1 4 0 0 0 99 0 0 3.59044
1 2 54 2 0 -1 4 0 0 0 99 0 0 11.1333
1 2 54 3 0 -1 4 0 0 0 99 0 0 9.87616
1 2 54 4 0 -1 4 0 0 0 99 0 0 19.3047
1 2 54 4 0 -1 4 0 0 0 99 0 0 4.21901
1 2 54 5 0 -1 4 0 0 0 99 0 0 12.3904
1 2 54 6 0 -1 4 0 0 0 99 0 0 16.1619
1 2 54 7 0 -1 4 0 0 0 99 0 0 19.9333
1 2 54 7 0 -1 4 0 0 0 99 0 0 4.21901
1 2 54 8 0 -1 4 0 0 0 99 0 0 8.61901
1 2 54 9 0 -1 4 0 0 0 99 0 0 5.47616
1 2 54 10 0 -1 4 0 0 0 99 0 0 2.96187
t 1 54 -3 1 1 0 0 0 0 -2
_00Sesto
1 2 54 1 0 0 4 0 0 -2
1 2 54 10 0 0 4 0 0 -2
1 2 54 105 0 1 4 0 0 -1.66
1 1 83 10 0 -1 4 0 0 0 99 0 0 3.2133
1 1 83 11 0 -1 4 0 0 0 99 0 0 3.6533
1 1 83 12 0 -1 4 0 0 0 99 0 0 6.7333
1 1 83 12 0 -1 4 0 0 0 99 0 0 3.6533
1 2 83 1 0 -1 4 0 0 0 99 0 0 12.4533
1 2 83 1 0 -1 4 0 0 0 99 0 0 3.6533
1 2 83 2 0 -1 4 0 0 0 99 0 0 13.7733
1 2 83 3 0 -1 4 0 0 0 99 0 0 8.9333
1 2 83 4 0 -1 4 0 0 0 99 0 0 19.9333
1 2 83 5 0 -1 4 0 0 0 99 0 0 6.7333
1 2 83 6 0 -1 4 0 0 0 99 0 0 3.2133
t 1 83 -3 1 1 0 0 0 0 -2
_00Alto
1 1 83 10 0 0 4 0 0 -2
1 2 83 6 0 0 4 0 0 -2
1 2 83 102 0 1 4 0 0 -1.66
1 1 112 6 0 -1 4 0 0 0 99 0 0 4.94071
1 1 112 7 0 -1 4 0 0 0 99 0 0 7.54811
1 1 112 8 0 -1 4 0 0 0 99 0 0 10.1555
1 1 112 9 0 -1 4 0 0 0 99 0 0 14.7185
1 1 112 10 0 -1 4 0 0 0 99 0 0 12.7629
1 1 112 11 0 -1 4 0 0 0 99 0 0 14.7185
1 1 112 12 0 -1 4 0 0 0 99 0 0 11.4592
1 1 112 12 0 -1 4 0 0 0 99 0 0 5.59256
1 2 112 1 0 -1 4 0 0 0 99 0 0 19.9333
1 2 112 2 0 -1 4 0 0 0 99 0 0 14.7185
1 2 112 3 0 -1 4 0 0 0 99 0 0 4.94071
t 1 112 -3 1 1 0 0 0 0 -2
_00Tenore
1 1 112 6 0 0 4 0 0 -2
1 2 112 3 0 0 4 0 0 -2
1 1 112 111 0 1 4 0 0 -1.66
1 1 141 6 0 -1 4 0 0 0 99 0 0 2.8833
1 1 141 7 0 -1 4 0 0 0 99 0 0 6.1833
1 1 141 8 0 -1 4 0 0 0 99 0 0 6.1833
1 1 141 9 0 -1 4 0 0 0 99 0 0 19.9333
1 1 141 10 0 -1 4 0 0 0 99 0 0 11.1333
1 1 141 11 0 -1 4 0 0 0 99 0 0 10.5833
1 1 141 12 0 -1 4 0 0 0 99 0 0 10.0333
1 2 141 1 0 -1 4 0 0 0 99 0 0 10.0333
1 2 141 2 0 -1 4 0 0 0 99 0 0 4.5333
1 2 141 3 0 -1 4 0 0 0 99 0 0 3.4333
1 2 141 4 0 -1 4 0 0 0 99 0 0 3.4333
t 1 141 -3 1 1 0 0 0 0 -2
_00Quinto
1 1 141 6 0 0 4 0 0 -2
1 2 141 4 0 0 4 0 0 -2
1 1 141 110 0 1 4 0 0 -1.66
1 1 170 2 0 -1 4 0 0 0 99 0 0 6.35616
1 1 170 3 0 -1 4 0 0 0 99 0 0 5.8533
1 1 170 4 0 -1 4 0 0 0 99 0 0 7.36187
1 1 170 5 0 -1 4 0 0 0 99 0 0 19.9333
1 1 170 6 0 -1 4 0 0 0 99 0 0 10.379
1 1 170 7 0 -1 4 0 0 0 99 0 0 9.3733
1 1 170 8 0 -1 4 0 0 0 99 0 0 5.35044
1 1 170 8 0 -1 4 0 0 0 99 0 0 4.34473
1 1 170 9 0 -1 4 0 0 0 99 0 0 11.3847
1 1 170 10 0 -1 4 0 0 0 99 0 0 3.33901
1 1 170 11 0 -1 4 0 0 0 99 0 0 2.83616
t 1 170 -3 1 1 0 0 0 0 -2
_00Basso
1 1 170 2 0 0 4 0 0 -2
1 1 170 11 0 0 4 0 0 -2
1 1 170 106 0 1 4 0 0 -1.66
