#define SVG t 1 1 \n_99%svg%
t 2 10 14 1 1 0 0 0 0 -1.35
_00
8 1 0 0 0 200
8 2 0 -6 0 200
14 1 0 2
14 1 200 2
14 1 0 2 8
3 2 2
3 1 2 0 1
1 2 25 1 0 -1 4 0 0 0 99 0 0 7.68982
1 2 25 2 0 -1 4 0 0 0 99 0 0 18.4029
1 2 25 3 0 -1 4 0 0 0 99 0 0 13.0463
1 2 25 4 0 -1 4 0 0 0 99 0 0 19.9333
1 2 25 4 0 -1 4 0 0 0 99 0 0 3.09852
1 2 25 5 0 -1 4 0 0 0 99 0 0 16.8724
1 2 25 6 0 -1 4 0 0 0 99 0 0 17.6376
1 2 25 7 0 -1 4 0 0 0 99 0 0 17.6376
1 2 25 8 0 -1 4 0 0 0 99 0 0 13.8116
1 2 25 9 0 -1 4 0 0 0 99 0 0 12.2811
t 1 25 -3 1 1 0 0 0 0 -2
_00Canto
1 2 25 1 0 0 4 0 0 -2
1 2 25 9 0 0 4 0 0 -2
1 2 25 105 0 1 4 0 0 -1.66
1 2 54 1 0 -1 4 0 0 0 99 0 0 4.67997
1 2 54 2 0 -1 4 0 0 0 99 0 0 5.8533
1 2 54 3 0 -1 4 0 0 0 99 0 0 4.0933
1 2 54 4 0 -1 4 0 0 0 99 0 0 11.72
1 2 54 5 0 -1 4 0 0 0 99 0 0 19.9333
1 2 54 6 0 -1 4 0 0 0 99 0 0 15.24
1 2 54 7 0 -1 4 0 0 0 99 0 0 18.1733
1 2 54 7 0 -1 4 0 0 0 99 0 0 2.91997
1 2 54 8 0 -1 4 0 0 0 99 0 0 16.4133
1 2 54 9 0 -1 4 0 0 0 99 0 0 8.19997
t 1 54 -3 1 1 0 0 0 0 -2
_00Sesto
1 2 54 1 0 0 4 0 0 -2
1 2 54 9 0 0 4 0 0 -2
1 2 54 106 0 1 4 0 0 -1.66
1 1 83 9 0 -1 4 0 0 0 99 0 0 3.637
1 1 83 10 0 -1 4 0 0 0 99 0 0 6.89626
1 1 83 11 0 -1 4 0 0 0 99 0 0 5.59256
1 1 83 12 0 -1 4 0 0 0 99 0 0 7.54811
1 1 83 12 0 -1 4 0 0 0 99 0 0 4.28886
1 2 83 1 0 -1 4 0 0 0 99 0 0 12.7629
1 2 83 2 0 -1 4 0 0 0 99 0 0 17.3259
1 2 83 3 0 -1 4 0 0 0 99 0 0 4.94071
1 2 83 3 0 -1 4 0 0 0 99 0 0 12.7629
1 2 83 4 0 -1 4 0 0 0 99 0 0 19.9333
1 2 83 4 0 -1 4 0 0 0 99 0 0 3.637
1 2 83 5 0 -1 4 0 0 0 99 0 0 10.1555
1 2 83 6 0 -1 4 0 0 0 99 0 0 4.28886
t 1 83 -3 1 1 0 0 0 0 -2
_00Alto
1 1 83 9 0 0 4 0 0 -2
1 2 83 6 0 0 4 0 0 -2
1 2 83 102 0 1 4 0 0 -1.66
1 1 112 6 0 -1 4 0 0 0 99 0 0 4.03653
1 1 112 7 0 -1 4 0 0 0 99 0 0 9.1462
1 1 112 8 0 -1 4 0 0 0 99 0 0 4.60427
1 1 112 9 0 -1 4 0 0 0 99 0 0 10.8494
1 1 112 10 0 -1 4 0 0 0 99 0 0 15.9591
1 1 112 11 0 -1 4 0 0 0 99 0 0 10.8494
1 1 112 12 0 -1 4 0 0 0 99 0 0 12.5527
1 2 112 1 0 -1 4 0 0 0 99 0 0 19.9333
1 2 112 2 0 -1 4 0 0 0 99 0 0 14.8236
1 2 112 4 0 -1 4 0 0 0 99 0 0 2.90104
t 1 112 -3 1 1 0 0 0 0 -2
_00Tenore
1 1 112 6 0 0 4 0 0 -2
1 2 112 4 0 0 4 0 0 -2
1 1 112 111 0 1 4 0 0 -1.66
1 1 141 6 0 -1 4 0 0 0 99 0 0 4.36407
1 1 141 7 0 -1 4 0 0 0 99 0 0 9.10253
1 1 141 8 0 -1 4 0 0 0 99 0 0 7.07176
1 1 141 9 0 -1 4 0 0 0 99 0 0 17.9025
1 1 141 9 0 -1 4 0 0 0 99 0 0 3.01022
1 1 141 10 0 -1 4 0 0 0 99 0 0 19.9333
1 1 141 11 0 -1 4 0 0 0 99 0 0 13.841
1 1 141 12 0 -1 4 0 0 0 99 0 0 13.841
1 2 141 1 0 -1 4 0 0 0 99 0 0 13.841
1 2 141 2 0 -1 4 0 0 0 99 0 0 8.42561
1 2 141 3 0 -1 4 0 0 0 99 0 0 3.01022
1 2 141 4 0 -1 4 0 0 0 99 0 0 4.36407
t 1 141 -3 1 1 0 0 0 0 -2
_00Quinto
1 1 141 6 0 0 4 0 0 -2
1 2 141 4 0 0 4 0 0 -2
1 1 141 110 0 1 4 0 0 -1.66
1 1 170 2 0 -1 4 0 0 0 99 0 0 8.19997
1 1 170 3 0 -1 4 0 0 0 99 0 0 15.5333
1 1 170 4 0 -1 4 0 0 0 99 0 0 3.79997
1 1 170 5 0 -1 4 0 0 0 99 0 0 19.9333
1 1 170 6 0 -1 4 0 0 0 99 0 0 16.2666
1 1 170 7 0 -1 4 0 0 0 99 0 0 9.66663
1 1 170 8 0 -1 4 0 0 0 99 0 0 4.5333
1 1 170 8 0 -1 4 0 0 0 99 0 0 3.79997
1 1 170 9 0 -1 4 0 0 0 99 0 0 19.2
1 1 170 10 0 -1 4 0 0 0 99 0 0 10.4
1 1 170 11 0 -1 4 0 0 0 99 0 0 3.79997
1 1 170 12 0 -1 4 0 0 0 99 0 0 5.26663
t 1 170 -3 1 1 0 0 0 0 -2
_00Basso
1 1 170 2 0 0 4 0 0 -2
1 1 170 12 0 0 4 0 0 -2
1 1 170 106 0 1 4 0 0 -1.66
