#define SVG t 1 1 \n_99%svg%
t 2 10 14 1 1 0 0 0 0 -1.35
_00
8 1 0 0 0 200
8 2 0 -6 0 200
14 1 0 2
14 1 200 2
14 1 0 2 8
3 2 2
3 1 2 0 1
1 2 25 3 0 -1 4 0 0 0 99 0 0 2.86663
1 2 25 5 0 -1 4 0 0 0 99 0 0 4.46663
1 2 25 6 0 -1 4 0 0 0 99 0 0 5.5333
1 2 25 6 0 -1 4 0 0 0 99 0 0 18.3333
1 2 25 7 0 -1 4 0 0 0 99 0 0 19.9333
1 2 25 8 0 -1 4 0 0 0 99 0 0 13
1 2 25 8 0 -1 4 0 0 0 99 0 0 4.99997
1 2 25 9 0 -1 4 0 0 0 99 0 0 13.5333
1 2 25 10 0 -1 4 0 0 0 99 0 0 10.3333
t 1 25 -3 1 1 0 0 0 0 -2
_00Canto
1 2 25 3 0 0 4 0 0 -2
1 2 25 10 0 0 4 0 0 -2
1 2 25 107 0 1 4 0 0 -1.66
1 1 54 11 0 -1 4 0 0 0 99 0 0 2.98515
1 2 54 1 0 -1 4 0 0 0 99 0 0 3.637
1 2 54 2 0 -1 4 0 0 0 99 0 0 4.94071
1 2 54 3 0 -1 4 0 0 0 99 0 0 9.50367
1 2 54 4 0 -1 4 0 0 0 99 0 0 6.24441
1 2 54 5 0 -1 4 0 0 0 99 0 0 5.59256
1 2 54 6 0 -1 4 0 0 0 99 0 0 4.28886
1 2 54 6 0 -1 4 0 0 0 99 0 0 19.9333
1 2 54 7 0 -1 4 0 0 0 99 0 0 15.3703
1 2 54 8 0 -1 4 0 0 0 99 0 0 10.8074
1 2 54 8 0 -1 4 0 0 0 99 0 0 6.24441
1 2 54 9 0 -1 4 0 0 0 99 0 0 10.1555
1 2 54 10 0 -1 4 0 0 0 99 0 0 10.1555
t 1 54 -3 1 1 0 0 0 0 -2
_00Quinto
1 1 54 11 0 0 4 0 0 -2
1 2 54 10 0 0 4 0 0 -2
1 2 54 107 0 1 4 0 0 -1.66
1 1 83 11 0 -1 4 0 0 0 99 0 0 4.00949
1 1 83 11 0 -1 4 0 0 0 99 0 0 6.52378
1 1 83 12 0 -1 4 0 0 0 99 0 0 3.59044
1 2 83 1 0 -1 4 0 0 0 99 0 0 4.00949
1 2 83 1 0 -1 4 0 0 0 99 0 0 3.1714
1 2 83 2 0 -1 4 0 0 0 99 0 0 7.36187
1 2 83 3 0 -1 4 0 0 0 99 0 0 19.9333
1 2 83 4 0 -1 4 0 0 0 99 0 0 7.36187
1 2 83 4 0 -1 4 0 0 0 99 0 0 5.26663
1 2 83 5 0 -1 4 0 0 0 99 0 0 13.6476
1 2 83 6 0 -1 4 0 0 0 99 0 0 4.00949
1 2 83 6 0 -1 4 0 0 0 99 0 0 9.87616
t 1 83 -3 1 1 0 0 0 0 -2
_00Alto
1 1 83 11 0 0 4 0 0 -2
1 2 83 6 0 0 4 0 0 -2
1 2 83 103 0 1 4 0 0 -1.66
1 1 112 6 0 -1 4 0 0 0 99 0 0 3.36859
1 1 112 7 0 -1 4 0 0 0 99 0 0 9.58036
1 1 112 8 0 -1 4 0 0 0 99 0 0 12.6862
1 1 112 9 0 -1 4 0 0 0 99 0 0 3.36859
1 1 112 9 0 -1 4 0 0 0 99 0 0 4.40389
1 1 112 10 0 -1 4 0 0 0 99 0 0 11.6509
1 1 112 11 0 -1 4 0 0 0 99 0 0 6.47448
1 1 112 11 0 -1 4 0 0 0 99 0 0 19.9333
1 1 112 12 0 -1 4 0 0 0 99 0 0 3.36859
1 1 112 12 0 -1 4 0 0 0 99 0 0 14.7568
1 2 112 1 0 -1 4 0 0 0 99 0 0 14.7568
1 2 112 1 0 -1 4 0 0 0 99 0 0 4.40389
1 2 112 2 0 -1 4 0 0 0 99 0 0 15.7921
1 2 112 3 0 -1 4 0 0 0 99 0 0 14.7568
1 2 112 4 0 -1 4 0 0 0 99 0 0 3.36859
t 1 112 -3 1 1 0 0 0 0 -2
_00Tenor
1 1 112 6 0 0 4 0 0 -2
1 2 112 4 0 0 4 0 0 -2
1 1 112 112 0 1 4 0 0 -1.66
1 1 141 8 0 -1 4 0 0 0 99 0 0 9.58036
1 1 141 9 0 -1 4 0 0 0 99 0 0 3.36859
1 1 141 10 0 -1 4 0 0 0 99 0 0 14.7568
1 1 141 11 0 -1 4 0 0 0 99 0 0 3.36859
1 1 141 11 0 -1 4 0 0 0 99 0 0 19.9333
1 1 141 12 0 -1 4 0 0 0 99 0 0 19.9333
1 2 141 1 0 -1 4 0 0 0 99 0 0 11.6509
1 2 141 1 0 -1 4 0 0 0 99 0 0 4.40389
1 2 141 2 0 -1 4 0 0 0 99 0 0 10.6157
1 2 141 3 0 -1 4 0 0 0 99 0 0 18.898
1 2 141 4 0 -1 4 0 0 0 99 0 0 5.43918
t 1 141 -3 1 1 0 0 0 0 -2
_00Sesto
1 1 141 8 0 0 4 0 0 -2
1 2 141 4 0 0 4 0 0 -2
1 1 141 112 0 1 4 0 0 -1.66
1 1 170 1 0 -1 4 0 0 0 99 0 0 4.40389
1 1 170 3 0 -1 4 0 0 0 99 0 0 4.40389
1 1 170 4 0 -1 4 0 0 0 99 0 0 3.36859
1 1 170 4 0 -1 4 0 0 0 99 0 0 11.6509
1 1 170 5 0 -1 4 0 0 0 99 0 0 5.43918
1 1 170 6 0 -1 4 0 0 0 99 0 0 11.6509
1 1 170 7 0 -1 4 0 0 0 99 0 0 8.54506
1 1 170 8 0 -1 4 0 0 0 99 0 0 19.9333
1 1 170 9 0 -1 4 0 0 0 99 0 0 9.58036
1 1 170 9 0 -1 4 0 0 0 99 0 0 6.47448
1 1 170 10 0 -1 4 0 0 0 99 0 0 8.54506
1 1 170 11 0 -1 4 0 0 0 99 0 0 4.40389
1 1 170 11 0 -1 4 0 0 0 99 0 0 15.7921
1 2 170 1 0 -1 4 0 0 0 99 0 0 3.36859
t 1 170 -3 1 1 0 0 0 0 -2
_00Basso
1 1 170 1 0 0 4 0 0 -2
1 2 170 1 0 0 4 0 0 -2
1 1 170 108 0 1 4 0 0 -1.66
