#define SVG t 1 1 \n_99%svg%
t 2 10 14 1 1 0 0 0 0 -1.35
_00
8 1 0 0 0 200
8 2 0 -6 0 200
14 1 0 2
14 1 200 2
14 1 0 2 8
3 2 2
3 1 2 0 1
1 2 25 1 0 -1 4 0 0 0 99 0 0 2.80898
1 2 25 2 0 -1 4 0 0 0 99 0 0 3.28465
1 2 25 3 0 -1 4 0 0 0 99 0 0 4.236
1 2 25 4 0 -1 4 0 0 0 99 0 0 3.76033
1 2 25 4 0 -1 4 0 0 0 99 0 0 3.28465
1 2 25 5 0 -1 4 0 0 0 99 0 0 5.18735
1 2 25 6 0 -1 4 0 0 0 99 0 0 11.8468
1 2 25 6 0 -1 4 0 0 0 99 0 0 19.9333
1 2 25 7 0 -1 4 0 0 0 99 0 0 2.80898
1 2 25 7 0 -1 4 0 0 0 99 0 0 14.7009
1 2 25 8 0 -1 4 0 0 0 99 0 0 13.7495
1 2 25 8 0 -1 4 0 0 0 99 0 0 3.76033
1 2 25 9 0 -1 4 0 0 0 99 0 0 6.61438
1 2 25 10 0 -1 4 0 0 0 99 0 0 5.66303
t 1 25 -3 1 1 0 0 0 0 -2
_00Canto
1 2 25 1 0 0 4 0 0 -2
1 2 25 10 0 0 4 0 0 -2
1 2 25 106 0 1 4 0 0 -1.66
1 1 97.5 7 0 -1 4 0 0 0 99 0 0 2.98515
1 1 97.5 8 0 -1 4 0 0 0 99 0 0 10.1555
1 1 97.5 9 0 -1 4 0 0 0 99 0 0 4.94071
1 1 97.5 9 0 -1 4 0 0 0 99 0 0 3.637
1 1 97.5 10 0 -1 4 0 0 0 99 0 0 5.59256
1 1 97.5 11 0 -1 4 0 0 0 99 0 0 3.637
1 1 97.5 11 0 -1 4 0 0 0 99 0 0 19.9333
1 1 97.5 12 0 -1 4 0 0 0 99 0 0 2.98515
1 1 97.5 12 0 -1 4 0 0 0 99 0 0 18.6296
1 2 97.5 1 0 -1 4 0 0 0 99 0 0 17.3259
1 2 97.5 1 0 -1 4 0 0 0 99 0 0 3.637
1 2 97.5 2 0 -1 4 0 0 0 99 0 0 10.8074
1 2 97.5 3 0 -1 4 0 0 0 99 0 0 19.9333
1 2 97.5 4 0 -1 4 0 0 0 99 0 0 3.637
t 1 97.5 -3 1 1 0 0 0 0 -2
_00Quinto
1 1 97.5 7 0 0 4 0 0 -2
1 2 97.5 4 0 0 4 0 0 -2
1 1 97.5 112 0 1 4 0 0 -1.66
1 1 170 3 0 -1 4 0 0 0 99 0 0 2.83616
1 1 170 4 0 -1 4 0 0 0 99 0 0 7.86473
1 1 170 5 0 -1 4 0 0 0 99 0 0 2.83616
1 1 170 5 0 -1 4 0 0 0 99 0 0 3.84187
1 1 170 6 0 -1 4 0 0 0 99 0 0 7.86473
1 1 170 6 0 -1 4 0 0 0 99 0 0 3.33901
1 1 170 7 0 -1 4 0 0 0 99 0 0 11.3847
1 1 170 8 0 -1 4 0 0 0 99 0 0 19.9333
1 1 170 9 0 -1 4 0 0 0 99 0 0 8.36759
1 1 170 9 0 -1 4 0 0 0 99 0 0 3.33901
1 1 170 10 0 -1 4 0 0 0 99 0 0 6.35616
1 1 170 11 0 -1 4 0 0 0 99 0 0 4.34473
1 1 170 11 0 -1 4 0 0 0 99 0 0 9.87616
1 1 170 12 0 -1 4 0 0 0 99 0 0 2.83616
1 2 170 1 0 -1 4 0 0 0 99 0 0 2.83616
t 1 170 -3 1 1 0 0 0 0 -2
_00Basso
1 1 170 3 0 0 4 0 0 -2
1 2 170 1 0 0 4 0 0 -2
1 1 170 108 0 1 4 0 0 -1.66
