#define SVG t 1 1 \n_99%svg%
t 2 10 14 1 1 0 0 0 0 -1.35
_00
8 1 0 0 0 200
8 2 0 -6 0 200
14 1 0 2
14 1 200 2
14 1 0 2 8
3 2 2
3 1 2 0 1
1 2 25 1 0 -1 4 0 0 0 99 0 0 3.01022
1 2 25 2 0 -1 4 0 0 0 99 0 0 3.01022
1 2 25 3 0 -1 4 0 0 0 99 0 0 7.74868
1 2 25 4 0 -1 4 0 0 0 99 0 0 3.01022
1 2 25 4 0 -1 4 0 0 0 99 0 0 4.36407
1 2 25 5 0 -1 4 0 0 0 99 0 0 6.39484
1 2 25 6 0 -1 4 0 0 0 99 0 0 5.04099
1 2 25 6 0 -1 4 0 0 0 99 0 0 18.5795
1 2 25 7 0 -1 4 0 0 0 99 0 0 19.9333
1 2 25 8 0 -1 4 0 0 0 99 0 0 7.74868
1 2 25 8 0 -1 4 0 0 0 99 0 0 5.71792
1 2 25 9 0 -1 4 0 0 0 99 0 0 5.71792
1 2 25 10 0 -1 4 0 0 0 99 0 0 3.01022
1 2 25 10 0 -1 4 0 0 0 99 0 0 8.42561
t 1 25 -3 1 1 0 0 0 0 -2
_00Canto
1 2 25 1 0 0 4 0 0 -2
1 2 25 10 0 0 4 0 0 -2
1 2 25 107 0 1 4 0 0 -1.66
1 2 54 3 0 -1 4 0 0 0 99 0 0 3.637
1 2 54 3 0 -1 4 0 0 0 99 0 0 5.59256
1 2 54 5 0 -1 4 0 0 0 99 0 0 3.637
1 2 54 6 0 -1 4 0 0 0 99 0 0 6.24441
1 2 54 6 0 -1 4 0 0 0 99 0 0 19.9333
1 2 54 7 0 -1 4 0 0 0 99 0 0 12.1111
1 2 54 8 0 -1 4 0 0 0 99 0 0 12.1111
1 2 54 8 0 -1 4 0 0 0 99 0 0 3.637
1 2 54 9 0 -1 4 0 0 0 99 0 0 10.1555
1 2 54 10 0 -1 4 0 0 0 99 0 0 16.674
1 2 54 11 0 -1 4 0 0 0 99 0 0 3.637
t 1 54 -3 1 1 0 0 0 0 -2
_00Quinto
1 2 54 3 0 0 4 0 0 -2
1 2 54 11 0 0 4 0 0 -2
1 2 54 107 0 1 4 0 0 -1.66
1 1 83 11 0 -1 4 0 0 0 99 0 0 2.91997
1 1 83 11 0 -1 4 0 0 0 99 0 0 4.67997
1 1 83 12 0 -1 4 0 0 0 99 0 0 6.43997
1 2 83 1 0 -1 4 0 0 0 99 0 0 4.67997
1 2 83 1 0 -1 4 0 0 0 99 0 0 2.91997
1 2 83 2 0 -1 4 0 0 0 99 0 0 7.6133
1 2 83 3 0 -1 4 0 0 0 99 0 0 4.67997
1 2 83 3 0 -1 4 0 0 0 99 0 0 19.9333
1 2 83 4 0 -1 4 0 0 0 99 0 0 6.43997
1 2 83 4 0 -1 4 0 0 0 99 0 0 4.67997
1 2 83 5 0 -1 4 0 0 0 99 0 0 9.95997
1 2 83 6 0 -1 4 0 0 0 99 0 0 3.50663
1 2 83 6 0 -1 4 0 0 0 99 0 0 7.6133
t 1 83 -3 1 1 0 0 0 0 -2
_00Alto
1 1 83 11 0 0 4 0 0 -2
1 2 83 6 0 0 4 0 0 -2
1 2 83 103 0 1 4 0 0 -1.66
1 1 112 7 0 -1 4 0 0 0 99 0 0 4.0933
1 1 112 8 0 -1 4 0 0 0 99 0 0 5.8533
1 1 112 9 0 -1 4 0 0 0 99 0 0 9.3733
1 1 112 10 0 -1 4 0 0 0 99 0 0 5.8533
1 1 112 11 0 -1 4 0 0 0 99 0 0 9.3733
1 1 112 11 0 -1 4 0 0 0 99 0 0 10.2533
1 1 112 12 0 -1 4 0 0 0 99 0 0 19.9333
1 2 112 1 0 -1 4 0 0 0 99 0 0 12.8933
1 2 112 1 0 -1 4 0 0 0 99 0 0 5.8533
1 2 112 2 0 -1 4 0 0 0 99 0 0 6.7333
1 2 112 3 0 -1 4 0 0 0 99 0 0 7.6133
1 2 112 4 0 -1 4 0 0 0 99 0 0 4.0933
t 1 112 -3 1 1 0 0 0 0 -2
_00Tenor
1 1 112 7 0 0 4 0 0 -2
1 2 112 4 0 0 4 0 0 -2
1 1 112 112 0 1 4 0 0 -1.66
1 1 141 7 0 -1 4 0 0 0 99 0 0 3.79997
1 1 141 8 0 -1 4 0 0 0 99 0 0 6.7333
1 1 141 9 0 -1 4 0 0 0 99 0 0 7.46663
1 1 141 9 0 -1 4 0 0 0 99 0 0 3.06663
1 1 141 10 0 -1 4 0 0 0 99 0 0 4.5333
1 1 141 11 0 -1 4 0 0 0 99 0 0 6.7333
1 1 141 11 0 -1 4 0 0 0 99 0 0 13.3333
1 1 141 12 0 -1 4 0 0 0 99 0 0 10.4
1 2 141 1 0 -1 4 0 0 0 99 0 0 13.3333
1 2 141 2 0 -1 4 0 0 0 99 0 0 8.9333
1 2 141 3 0 -1 4 0 0 0 99 0 0 19.9333
1 2 141 4 0 -1 4 0 0 0 99 0 0 4.5333
t 1 141 -3 1 1 0 0 0 0 -2
_00Sesto
1 1 141 7 0 0 4 0 0 -2
1 2 141 4 0 0 4 0 0 -2
1 1 141 112 0 1 4 0 0 -1.66
1 1 170 3 0 -1 4 0 0 0 99 0 0 3.59044
1 1 170 4 0 -1 4 0 0 0 99 0 0 4.84759
1 1 170 4 0 -1 4 0 0 0 99 0 0 16.1619
1 1 170 5 0 -1 4 0 0 0 99 0 0 19.9333
1 1 170 6 0 -1 4 0 0 0 99 0 0 8.61901
1 1 170 6 0 -1 4 0 0 0 99 0 0 3.59044
1 1 170 7 0 -1 4 0 0 0 99 0 0 11.1333
1 1 170 8 0 -1 4 0 0 0 99 0 0 18.6762
1 1 170 9 0 -1 4 0 0 0 99 0 0 3.59044
1 1 170 9 0 -1 4 0 0 0 99 0 0 3.59044
1 1 170 10 0 -1 4 0 0 0 99 0 0 6.10473
1 1 170 11 0 -1 4 0 0 0 99 0 0 3.59044
1 1 170 11 0 -1 4 0 0 0 99 0 0 16.1619
1 1 170 12 0 -1 4 0 0 0 99 0 0 4.84759
t 1 170 -3 1 1 0 0 0 0 -2
_00Basso
1 1 170 3 0 0 4 0 0 -2
1 1 170 12 0 0 4 0 0 -2
1 1 170 107 0 1 4 0 0 -1.66
