#define SVG t 1 1 \n_99%svg%
t 2 10 14 1 1 0 0 0 0 -1.35
_00
8 1 0 0 0 200
8 2 0 -6 0 200
14 1 0 2
14 1 200 2
14 1 0 2 8
3 2 2
3 1 2 0 1
1 2 25 2 0 -1 4 0 0 0 99 0 0 3.08224
1 2 25 3 0 -1 4 0 0 0 99 0 0 3.4567
1 2 25 4 0 -1 4 0 0 0 99 0 0 3.08224
1 2 25 5 0 -1 4 0 0 0 99 0 0 6.45245
1 2 25 6 0 -1 4 0 0 0 99 0 0 3.4567
1 2 25 6 0 -1 4 0 0 0 99 0 0 19.9333
1 2 25 7 0 -1 4 0 0 0 99 0 0 2.70777
1 2 25 7 0 -1 4 0 0 0 99 0 0 12.0695
1 2 25 8 0 -1 4 0 0 0 99 0 0 12.8184
1 2 25 8 0 -1 4 0 0 0 99 0 0 4.20564
1 2 25 9 0 -1 4 0 0 0 99 0 0 7.95032
1 2 25 10 0 -1 4 0 0 0 99 0 0 7.20139
t 1 25 -3 1 1 0 0 0 0 -2
_00Canto
1 2 25 2 0 0 4 0 0 -2
1 2 25 10 0 0 4 0 0 -2
1 2 25 107 0 1 4 0 0 -1.66
1 2 61.25 2 0 -1 4 0 0 0 99 0 0 4.28886
1 2 61.25 3 0 -1 4 0 0 0 99 0 0 5.46219
1 2 61.25 4 0 -1 4 0 0 0 99 0 0 6.24441
1 2 61.25 4 0 -1 4 0 0 0 99 0 0 7.02663
1 2 61.25 5 0 -1 4 0 0 0 99 0 0 11.3289
1 2 61.25 6 0 -1 4 0 0 0 99 0 0 4.67997
1 2 61.25 6 0 -1 4 0 0 0 99 0 0 19.9333
1 2 61.25 7 0 -1 4 0 0 0 99 0 0 2.72441
1 2 61.25 7 0 -1 4 0 0 0 99 0 0 9.76441
1 2 61.25 8 0 -1 4 0 0 0 99 0 0 10.1555
1 2 61.25 8 0 -1 4 0 0 0 99 0 0 3.11552
1 2 61.25 9 0 -1 4 0 0 0 99 0 0 9.76441
1 2 61.25 10 0 -1 4 0 0 0 99 0 0 7.02663
t 1 61.25 -3 1 1 0 0 0 0 -2
_00Quinto
1 2 61.25 2 0 0 4 0 0 -2
1 2 61.25 10 0 0 4 0 0 -2
1 2 61.25 106 0 1 4 0 0 -1.66
1 1 97.5 10 0 -1 4 0 0 0 99 0 0 4.3333
1 1 97.5 11 0 -1 4 0 0 0 99 0 0 5.9333
1 1 97.5 12 0 -1 4 0 0 0 99 0 0 6.3333
1 2 97.5 1 0 -1 4 0 0 0 99 0 0 7.1333
1 2 97.5 1 0 -1 4 0 0 0 99 0 0 3.5333
1 2 97.5 2 0 -1 4 0 0 0 99 0 0 19.1333
1 2 97.5 3 0 -1 4 0 0 0 99 0 0 19.9333
1 2 97.5 4 0 -1 4 0 0 0 99 0 0 12.7333
1 2 97.5 4 0 -1 4 0 0 0 99 0 0 5.1333
1 2 97.5 5 0 -1 4 0 0 0 99 0 0 8.7333
1 2 97.5 6 0 -1 4 0 0 0 99 0 0 4.3333
t 1 97.5 -3 1 1 0 0 0 0 -2
_00Alto
1 1 97.5 10 0 0 4 0 0 -2
1 2 97.5 6 0 0 4 0 0 -2
1 2 97.5 103 0 1 4 0 0 -1.66
1 1 133.75 7 0 -1 4 0 0 0 99 0 0 4.61478
1 1 133.75 8 0 -1 4 0 0 0 99 0 0 4.94071
1 1 133.75 9 0 -1 4 0 0 0 99 0 0 6.57034
1 1 133.75 9 0 -1 4 0 0 0 99 0 0 2.98515
1 1 133.75 10 0 -1 4 0 0 0 99 0 0 8.19997
1 1 133.75 11 0 -1 4 0 0 0 99 0 0 2.65923
1 1 133.75 11 0 -1 4 0 0 0 99 0 0 19.9333
1 1 133.75 12 0 -1 4 0 0 0 99 0 0 2.65923
1 1 133.75 12 0 -1 4 0 0 0 99 0 0 10.4814
1 2 133.75 1 0 -1 4 0 0 0 99 0 0 8.19997
1 2 133.75 1 0 -1 4 0 0 0 99 0 0 2.98515
1 2 133.75 2 0 -1 4 0 0 0 99 0 0 5.91849
1 2 133.75 3 0 -1 4 0 0 0 99 0 0 2.98515
t 1 133.75 -3 1 1 0 0 0 0 -2
_00Tenore
1 1 133.75 7 0 0 4 0 0 -2
1 2 133.75 3 0 0 4 0 0 -2
1 1 133.75 111 0 1 4 0 0 -1.66
1 1 170 2 0 -1 4 0 0 0 99 0 0 2.9402
1 1 170 3 0 -1 4 0 0 0 99 0 0 7.18847
1 1 170 4 0 -1 4 0 0 0 99 0 0 10.8299
1 1 170 5 0 -1 4 0 0 0 99 0 0 4.15399
1 1 170 5 0 -1 4 0 0 0 99 0 0 6.58158
1 1 170 6 0 -1 4 0 0 0 99 0 0 13.2574
1 1 170 7 0 -1 4 0 0 0 99 0 0 19.9333
1 1 170 8 0 -1 4 0 0 0 99 0 0 9.00916
1 1 170 9 0 -1 4 0 0 0 99 0 0 9.61606
1 1 170 10 0 -1 4 0 0 0 99 0 0 7.18847
1 1 170 11 0 -1 4 0 0 0 99 0 0 2.9402
1 1 170 11 0 -1 4 0 0 0 99 0 0 7.18847
t 1 170 -3 1 1 0 0 0 0 -2
_00Basso
1 1 170 2 0 0 4 0 0 -2
1 1 170 11 0 0 4 0 0 -2
1 1 170 107 0 1 4 0 0 -1.66
