#define SVG t 1 1 \n_99%svg%
t 2 10 14 1 1 0 0 0 0 -1.35
_00
8 1 0 0 0 200
8 2 0 -6 0 200
14 1 0 2
14 1 200 2
14 1 0 2 8
3 2 2
3 1 2 0 1
1 2 25 4 0 -1 4 0 0 0 99 0 0 2.9402
1 2 25 4 0 -1 4 0 0 0 99 0 0 3.54709
1 2 25 6 0 -1 4 0 0 0 99 0 0 3.54709
1 2 25 6 0 -1 4 0 0 0 99 0 0 13.2574
1 2 25 7 0 -1 4 0 0 0 99 0 0 4.15399
1 2 25 7 0 -1 4 0 0 0 99 0 0 19.9333
1 2 25 8 0 -1 4 0 0 0 99 0 0 11.4367
1 2 25 8 0 -1 4 0 0 0 99 0 0 4.15399
1 2 25 9 0 -1 4 0 0 0 99 0 0 12.0436
1 2 25 10 0 -1 4 0 0 0 99 0 0 5.97468
1 2 25 10 0 -1 4 0 0 0 99 0 0 18.1126
1 2 25 11 0 -1 4 0 0 0 99 0 0 7.18847
t 1 25 -3 1 1 0 0 0 0 -2
_00Canto
1 2 25 4 0 0 4 0 0 -2
1 2 25 11 0 0 4 0 0 -2
1 2 25 108 0 1 4 0 0 -1.66
1 2 54 2 0 -1 4 0 0 0 99 0 0 3.54709
1 2 54 3 0 -1 4 0 0 0 99 0 0 4.15399
1 2 54 4 0 -1 4 0 0 0 99 0 0 4.76089
1 2 54 4 0 -1 4 0 0 0 99 0 0 3.54709
1 2 54 5 0 -1 4 0 0 0 99 0 0 7.18847
1 2 54 6 0 -1 4 0 0 0 99 0 0 5.36778
1 2 54 6 0 -1 4 0 0 0 99 0 0 19.9333
1 2 54 7 0 -1 4 0 0 0 99 0 0 2.9402
1 2 54 7 0 -1 4 0 0 0 99 0 0 19.9333
1 2 54 8 0 -1 4 0 0 0 99 0 0 12.6505
1 2 54 8 0 -1 4 0 0 0 99 0 0 5.97468
1 2 54 9 0 -1 4 0 0 0 99 0 0 12.0436
1 2 54 10 0 -1 4 0 0 0 99 0 0 5.36778
1 2 54 10 0 -1 4 0 0 0 99 0 0 13.2574
1 2 54 11 0 -1 4 0 0 0 99 0 0 4.76089
t 1 54 -3 1 1 0 0 0 0 -2
_00Quinto
1 2 54 2 0 0 4 0 0 -2
1 2 54 11 0 0 4 0 0 -2
1 2 54 107 0 1 4 0 0 -1.66
1 1 83 11 0 -1 4 0 0 0 99 0 0 9.3733
1 1 83 12 0 -1 4 0 0 0 99 0 0 3.0373
1 2 83 1 0 -1 4 0 0 0 99 0 0 5.1493
1 2 83 2 0 -1 4 0 0 0 99 0 0 10.0773
1 2 83 3 0 -1 4 0 0 0 99 0 0 7.9653
1 2 83 3 0 -1 4 0 0 0 99 0 0 19.9333
1 2 83 4 0 -1 4 0 0 0 99 0 0 12.8933
1 2 83 4 0 -1 4 0 0 0 99 0 0 17.1173
1 2 83 5 0 -1 4 0 0 0 99 0 0 13.5973
1 2 83 6 0 -1 4 0 0 0 99 0 0 7.9653
1 2 83 6 0 -1 4 0 0 0 99 0 0 17.8213
t 1 83 -3 1 1 0 0 0 0 -2
_00Alto
1 1 83 11 0 0 4 0 0 -2
1 2 83 6 0 0 4 0 0 -2
1 2 83 104 0 1 4 0 0 -1.66
1 1 112 7 0 -1 4 0 0 0 99 0 0 7.22219
1 1 112 8 0 -1 4 0 0 0 99 0 0 9.17774
1 1 112 9 0 -1 4 0 0 0 99 0 0 9.17774
1 1 112 9 0 -1 4 0 0 0 99 0 0 4.28886
1 1 112 10 0 -1 4 0 0 0 99 0 0 8.19997
1 1 112 11 0 -1 4 0 0 0 99 0 0 9.17774
1 1 112 11 0 -1 4 0 0 0 99 0 0 19.9333
1 1 112 12 0 -1 4 0 0 0 99 0 0 4.28886
1 1 112 12 0 -1 4 0 0 0 99 0 0 15.0444
1 2 112 1 0 -1 4 0 0 0 99 0 0 6.24441
1 2 112 1 0 -1 4 0 0 0 99 0 0 6.24441
1 2 112 2 0 -1 4 0 0 0 99 0 0 12.1111
1 2 112 3 0 -1 4 0 0 0 99 0 0 9.17774
1 2 112 4 0 -1 4 0 0 0 99 0 0 3.31108
t 1 112 -3 1 1 0 0 0 0 -2
_00Tenor
1 1 112 7 0 0 4 0 0 -2
1 2 112 4 0 0 4 0 0 -2
1 1 112 111 0 1 4 0 0 -1.66
1 1 141 7 0 -1 4 0 0 0 99 0 0 4.4453
1 1 141 8 0 -1 4 0 0 0 99 0 0 5.8533
1 1 141 9 0 -1 4 0 0 0 99 0 0 3.7413
1 1 141 10 0 -1 4 0 0 0 99 0 0 3.7413
1 1 141 11 0 -1 4 0 0 0 99 0 0 4.4453
1 1 141 11 0 -1 4 0 0 0 99 0 0 18.5253
1 1 141 12 0 -1 4 0 0 0 99 0 0 3.0373
1 1 141 12 0 -1 4 0 0 0 99 0 0 19.9333
1 2 141 1 0 -1 4 0 0 0 99 0 0 9.3733
1 2 141 2 0 -1 4 0 0 0 99 0 0 11.4853
1 2 141 3 0 -1 4 0 0 0 99 0 0 6.5573
1 2 141 4 0 -1 4 0 0 0 99 0 0 3.7413
t 1 141 -3 1 1 0 0 0 0 -2
_00Sesto
1 1 141 7 0 0 4 0 0 -2
1 2 141 4 0 0 4 0 0 -2
1 1 141 112 0 1 4 0 0 -1.66
1 1 170 1 0 -1 4 0 0 0 99 0 0 3.4333
1 1 170 2 0 -1 4 0 0 0 99 0 0 3.4333
1 1 170 4 0 -1 4 0 0 0 99 0 0 5.6333
1 1 170 4 0 -1 4 0 0 0 99 0 0 12.2333
1 1 170 5 0 -1 4 0 0 0 99 0 0 3.4333
1 1 170 5 0 -1 4 0 0 0 99 0 0 19.9333
1 1 170 6 0 -1 4 0 0 0 99 0 0 6.7333
1 1 170 7 0 -1 4 0 0 0 99 0 0 12.2333
1 1 170 8 0 -1 4 0 0 0 99 0 0 16.6333
1 1 170 9 0 -1 4 0 0 0 99 0 0 7.8333
1 1 170 11 0 -1 4 0 0 0 99 0 0 3.4333
t 1 170 -3 1 1 0 0 0 0 -2
_00Basso
1 1 170 1 0 0 4 0 0 -2
1 1 170 11 0 0 4 0 0 -2
1 1 170 106 0 1 4 0 0 -1.66
