#define SVG t 1 1 \n_99%svg%
t 2 10 14 1 1 0 0 0 0 -1.35
_00
8 1 0 0 0 200
8 2 0 -6 0 200
14 1 0 2
14 1 200 2
14 1 0 2 8
3 2 2
3 1 2 0 1
1 2 25 1 0 -1 4 0 0 0 99 0 0 4.94071
1 2 25 1 0 -1 4 0 0 0 99 0 0 4.28886
1 2 25 2 0 -1 4 0 0 0 99 0 0 12.1111
1 2 25 3 0 -1 4 0 0 0 99 0 0 10.1555
1 2 25 4 0 -1 4 0 0 0 99 0 0 12.1111
1 2 25 4 0 -1 4 0 0 0 99 0 0 3.637
1 2 25 5 0 -1 4 0 0 0 99 0 0 16.0222
1 2 25 6 0 -1 4 0 0 0 99 0 0 8.19997
1 2 25 6 0 -1 4 0 0 0 99 0 0 19.2814
1 2 25 7 0 -1 4 0 0 0 99 0 0 6.89626
1 2 25 7 0 -1 4 0 0 0 99 0 0 10.1555
1 2 25 8 0 -1 4 0 0 0 99 0 0 19.9333
1 2 25 8 0 -1 4 0 0 0 99 0 0 2.98515
1 2 25 9 0 -1 4 0 0 0 99 0 0 7.54811
1 2 25 10 0 -1 4 0 0 0 99 0 0 8.19997
t 1 25 -3 1 1 0 0 0 0 -2
_00Canto
1 2 25 1 0 0 4 0 0 -2
1 2 25 10 0 0 4 0 0 -2
1 2 25 106 0 1 4 0 0 -1.66
1 2 61.25 1 0 -1 4 0 0 0 99 0 0 3.23586
1 2 61.25 2 0 -1 4 0 0 0 99 0 0 3.68715
1 2 61.25 3 0 -1 4 0 0 0 99 0 0 4.58971
1 2 61.25 4 0 -1 4 0 0 0 99 0 0 4.58971
1 2 61.25 4 0 -1 4 0 0 0 99 0 0 2.78458
1 2 61.25 5 0 -1 4 0 0 0 99 0 0 9.55381
1 2 61.25 6 0 -1 4 0 0 0 99 0 0 3.23586
1 2 61.25 6 0 -1 4 0 0 0 99 0 0 19.9333
1 2 61.25 7 0 -1 4 0 0 0 99 0 0 2.78458
1 2 61.25 7 0 -1 4 0 0 0 99 0 0 14.9692
1 2 61.25 8 0 -1 4 0 0 0 99 0 0 17.2256
1 2 61.25 8 0 -1 4 0 0 0 99 0 0 3.23586
1 2 61.25 9 0 -1 4 0 0 0 99 0 0 13.6154
1 2 61.25 10 0 -1 4 0 0 0 99 0 0 9.10253
t 1 61.25 -3 1 1 0 0 0 0 -2
_00Quinto
1 2 61.25 1 0 0 4 0 0 -2
1 2 61.25 10 0 0 4 0 0 -2
1 2 61.25 107 0 1 4 0 0 -1.66
1 1 97.5 8 0 -1 4 0 0 0 99 0 0 2.90104
1 1 97.5 11 0 -1 4 0 0 0 99 0 0 8.57846
1 1 97.5 12 0 -1 4 0 0 0 99 0 0 8.57846
1 2 97.5 1 0 -1 4 0 0 0 99 0 0 13.1204
1 2 97.5 1 0 -1 4 0 0 0 99 0 0 5.73975
1 2 97.5 2 0 -1 4 0 0 0 99 0 0 19.3656
1 2 97.5 3 0 -1 4 0 0 0 99 0 0 19.9333
1 2 97.5 4 0 -1 4 0 0 0 99 0 0 11.9849
1 2 97.5 4 0 -1 4 0 0 0 99 0 0 3.46878
1 2 97.5 5 0 -1 4 0 0 0 99 0 0 10.2817
1 2 97.5 6 0 -1 4 0 0 0 99 0 0 2.90104
1 2 97.5 6 0 -1 4 0 0 0 99 0 0 3.46878
t 1 97.5 -3 1 1 0 0 0 0 -2
_00Alto
1 1 97.5 8 0 0 4 0 0 -2
1 2 97.5 6 0 0 4 0 0 -2
1 2 97.5 102 0 1 4 0 0 -1.66
1 1 133.75 6 0 -1 4 0 0 0 99 0 0 2.91997
1 1 133.75 7 0 -1 4 0 0 0 99 0 0 7.02663
1 1 133.75 8 0 -1 4 0 0 0 99 0 0 11.72
1 1 133.75 9 0 -1 4 0 0 0 99 0 0 17.5866
1 1 133.75 10 0 -1 4 0 0 0 99 0 0 12.3066
1 1 133.75 11 0 -1 4 0 0 0 99 0 0 19.9333
1 1 133.75 12 0 -1 4 0 0 0 99 0 0 11.1333
1 2 133.75 1 0 -1 4 0 0 0 99 0 0 15.8266
1 2 133.75 2 0 -1 4 0 0 0 99 0 0 5.8533
1 2 133.75 3 0 -1 4 0 0 0 99 0 0 12.3066
t 1 133.75 -3 1 1 0 0 0 0 -2
_00Tenore
1 1 133.75 6 0 0 4 0 0 -2
1 2 133.75 3 0 0 4 0 0 -2
1 1 133.75 111 0 1 4 0 0 -1.66
1 1 170 2 0 -1 4 0 0 0 99 0 0 8.81751
1 1 170 3 0 -1 4 0 0 0 99 0 0 6.96488
1 1 170 4 0 -1 4 0 0 0 99 0 0 17.1544
1 1 170 5 0 -1 4 0 0 0 99 0 0 8.81751
1 1 170 5 0 -1 4 0 0 0 99 0 0 8.81751
1 1 170 6 0 -1 4 0 0 0 99 0 0 19.9333
1 1 170 7 0 -1 4 0 0 0 99 0 0 19.9333
1 1 170 8 0 -1 4 0 0 0 99 0 0 13.4491
1 1 170 9 0 -1 4 0 0 0 99 0 0 4.18593
1 1 170 10 0 -1 4 0 0 0 99 0 0 9.74383
1 1 170 11 0 -1 4 0 0 0 99 0 0 7.89119
t 1 170 -3 1 1 0 0 0 0 -2
_00Basso
1 1 170 2 0 0 4 0 0 -2
1 1 170 11 0 0 4 0 0 -2
1 1 170 106 0 1 4 0 0 -1.66
