#define SVG t 1 1 \n_99%svg%
t 2 10 14 1 1 0 0 0 0 -1.35
_00
8 1 0 0 0 200
8 2 0 -6 0 200
14 1 0 2
14 1 200 2
14 1 0 2 8
3 2 2
3 1 2 0 1
1 2 25 5 0 -1 4 0 0 0 99 0 0 3.68715
1 2 25 6 0 -1 4 0 0 0 99 0 0 5.04099
1 2 25 7 0 -1 4 0 0 0 99 0 0 10.0051
1 2 25 8 0 -1 4 0 0 0 99 0 0 10.9077
1 2 25 8 0 -1 4 0 0 0 99 0 0 4.13843
1 2 25 9 0 -1 4 0 0 0 99 0 0 14.5179
1 2 25 10 0 -1 4 0 0 0 99 0 0 19.9333
1 2 25 11 0 -1 4 0 0 0 99 0 0 10.4564
1 2 25 12 0 -1 4 0 0 0 99 0 0 10.4564
1 2 25 13 0 -1 4 0 0 0 99 0 0 5.49227
1 2 25 14 0 -1 4 0 0 0 99 0 0 3.23586
t 1 25 -3 1 1 0 0 0 0 -2
_00Canto
1 2 25 5 0 0 4 0 0 -2
1 2 25 14 0 0 4 0 0 -2
1 2 25 110 0 1 4 0 0 -1.66
1 2 61.25 2 0 -1 4 0 0 0 99 0 0 3.19184
1 2 61.25 3 0 -1 4 0 0 0 99 0 0 3.6211
1 2 61.25 4 0 -1 4 0 0 0 99 0 0 3.19184
1 2 61.25 5 0 -1 4 0 0 0 99 0 0 5.33818
1 2 61.25 6 0 -1 4 0 0 0 99 0 0 4.47964
1 2 61.25 7 0 -1 4 0 0 0 99 0 0 3.19184
1 2 61.25 7 0 -1 4 0 0 0 99 0 0 6.19671
1 2 61.25 8 0 -1 4 0 0 0 99 0 0 7.48452
1 2 61.25 8 0 -1 4 0 0 0 99 0 0 4.05037
1 2 61.25 9 0 -1 4 0 0 0 99 0 0 12.2065
1 2 61.25 10 0 -1 4 0 0 0 99 0 0 19.9333
1 2 61.25 11 0 -1 4 0 0 0 99 0 0 12.2065
1 2 61.25 11 0 -1 4 0 0 0 99 0 0 2.76257
1 2 61.25 12 0 -1 4 0 0 0 99 0 0 15.2113
1 2 61.25 13 0 -1 4 0 0 0 99 0 0 7.05525
t 1 61.25 -3 1 1 0 0 0 0 -2
_00Quinto
1 2 61.25 2 0 0 4 0 0 -2
1 2 61.25 13 0 0 4 0 0 -2
1 2 61.25 110 0 1 4 0 0 -1.66
1 1 97.5 10 0 -1 4 0 0 0 99 0 0 3.36859
1 1 97.5 11 0 -1 4 0 0 0 99 0 0 2.85095
1 1 97.5 12 0 -1 4 0 0 0 99 0 0 3.36859
1 2 97.5 1 0 -1 4 0 0 0 99 0 0 8.02742
1 2 97.5 1 0 -1 4 0 0 0 99 0 0 2.85095
1 2 97.5 2 0 -1 4 0 0 0 99 0 0 10.6157
1 2 97.5 3 0 -1 4 0 0 0 99 0 0 12.1686
1 2 97.5 4 0 -1 4 0 0 0 99 0 0 11.6509
1 2 97.5 4 0 -1 4 0 0 0 99 0 0 2.85095
1 2 97.5 5 0 -1 4 0 0 0 99 0 0 19.9333
1 2 97.5 6 0 -1 4 0 0 0 99 0 0 4.40389
1 2 97.5 6 0 -1 4 0 0 0 99 0 0 17.8627
1 2 97.5 7 0 -1 4 0 0 0 99 0 0 8.02742
1 2 97.5 7 0 -1 4 0 0 0 99 0 0 4.92154
1 2 97.5 8 0 -1 4 0 0 0 99 0 0 10.6157
t 1 97.5 -3 1 1 0 0 0 0 -2
_00Alto
1 1 97.5 10 0 0 4 0 0 -2
1 2 97.5 8 0 0 4 0 0 -2
1 2 97.5 105 0 1 4 0 0 -1.66
1 1 133.75 8 0 -1 4 0 0 0 99 0 0 2.78458
1 1 133.75 9 0 -1 4 0 0 0 99 0 0 2.78458
1 1 133.75 10 0 -1 4 0 0 0 99 0 0 5.04099
1 1 133.75 11 0 -1 4 0 0 0 99 0 0 7.2974
1 1 133.75 12 0 -1 4 0 0 0 99 0 0 3.68715
1 1 133.75 12 0 -1 4 0 0 0 99 0 0 6.84612
1 2 133.75 1 0 -1 4 0 0 0 99 0 0 17.6769
1 2 133.75 1 0 -1 4 0 0 0 99 0 0 3.23586
1 2 133.75 2 0 -1 4 0 0 0 99 0 0 16.323
1 2 133.75 3 0 -1 4 0 0 0 99 0 0 19.9333
1 2 133.75 4 0 -1 4 0 0 0 99 0 0 9.55381
1 2 133.75 4 0 -1 4 0 0 0 99 0 0 2.78458
1 2 133.75 5 0 -1 4 0 0 0 99 0 0 5.94356
1 2 133.75 6 0 -1 4 0 0 0 99 0 0 5.94356
t 1 133.75 -3 1 1 0 0 0 0 -2
_00Tenore
1 1 133.75 8 0 0 4 0 0 -2
1 2 133.75 6 0 0 4 0 0 -2
1 2 133.75 102 0 1 4 0 0 -1.66
1 1 170 6 0 -1 4 0 0 0 99 0 0 7.9653
1 1 170 7 0 -1 4 0 0 0 99 0 0 4.4453
1 1 170 8 0 -1 4 0 0 0 99 0 0 7.9653
1 1 170 9 0 -1 4 0 0 0 99 0 0 10.7813
1 1 170 9 0 -1 4 0 0 0 99 0 0 3.7413
1 1 170 10 0 -1 4 0 0 0 99 0 0 18.5253
1 1 170 11 0 -1 4 0 0 0 99 0 0 17.8213
1 1 170 12 0 -1 4 0 0 0 99 0 0 15.0053
1 1 170 12 0 -1 4 0 0 0 99 0 0 4.4453
1 2 170 1 0 -1 4 0 0 0 99 0 0 19.9333
1 2 170 1 0 -1 4 0 0 0 99 0 0 7.2613
1 2 170 2 0 -1 4 0 0 0 99 0 0 7.9653
t 1 170 -3 1 1 0 0 0 0 -2
_00Basso
1 1 170 6 0 0 4 0 0 -2
1 2 170 2 0 0 4 0 0 -2
1 1 170 111 0 1 4 0 0 -1.66
