#define SVG t 1 1 \n_99%svg%
t 2 10 14 1 1 0 0 0 0 -1.35
_00
8 1 0 0 0 200
8 2 0 -6 0 200
14 1 0 2
14 1 200 2
14 1 0 2 8
3 2 2
3 1 2 0 1
1 2 25 1 0 -1 4 0 0 0 99 0 0 2.80898
1 2 25 2 0 -1 4 0 0 0 99 0 0 3.76033
1 2 25 3 0 -1 4 0 0 0 99 0 0 8.99276
1 2 25 4 0 -1 4 0 0 0 99 0 0 7.56573
1 2 25 4 0 -1 4 0 0 0 99 0 0 4.236
1 2 25 5 0 -1 4 0 0 0 99 0 0 18.5063
1 2 25 6 0 -1 4 0 0 0 99 0 0 19.9333
1 2 25 7 0 -1 4 0 0 0 99 0 0 9.94411
1 2 25 7 0 -1 4 0 0 0 99 0 0 2.80898
1 2 25 8 0 -1 4 0 0 0 99 0 0 17.0792
1 2 25 9 0 -1 4 0 0 0 99 0 0 15.6522
1 2 25 10 0 -1 4 0 0 0 99 0 0 3.28465
1 2 25 11 0 -1 4 0 0 0 99 0 0 3.28465
t 1 25 -3 1 1 0 0 0 0 -2
_00Canto
1 2 25 1 0 0 4 0 0 -2
1 2 25 11 0 0 4 0 0 -2
1 2 25 106 0 1 4 0 0 -1.66
1 1 61.25 9 0 -1 4 0 0 0 99 0 0 4.40389
1 1 61.25 10 0 -1 4 0 0 0 99 0 0 5.43918
1 1 61.25 11 0 -1 4 0 0 0 99 0 0 4.92154
1 1 61.25 12 0 -1 4 0 0 0 99 0 0 2.85095
1 1 61.25 12 0 -1 4 0 0 0 99 0 0 3.88624
1 2 61.25 1 0 -1 4 0 0 0 99 0 0 11.6509
1 2 61.25 1 0 -1 4 0 0 0 99 0 0 7.50977
1 2 61.25 2 0 -1 4 0 0 0 99 0 0 15.2745
1 2 61.25 3 0 -1 4 0 0 0 99 0 0 3.36859
1 2 61.25 3 0 -1 4 0 0 0 99 0 0 16.3098
1 2 61.25 4 0 -1 4 0 0 0 99 0 0 19.9333
1 2 61.25 4 0 -1 4 0 0 0 99 0 0 2.85095
1 2 61.25 5 0 -1 4 0 0 0 99 0 0 11.1333
1 2 61.25 6 0 -1 4 0 0 0 99 0 0 17.3451
t 1 61.25 -3 1 1 0 0 0 0 -2
_00Alto
1 1 61.25 9 0 0 4 0 0 -2
1 2 61.25 6 0 0 4 0 0 -2
1 2 61.25 103 0 1 4 0 0 -1.66
1 1 97.5 6 0 -1 4 0 0 0 99 0 0 3.72277
1 1 97.5 7 0 -1 4 0 0 0 99 0 0 4.18593
1 1 97.5 8 0 -1 4 0 0 0 99 0 0 7.42804
1 1 97.5 9 0 -1 4 0 0 0 99 0 0 14.3754
1 1 97.5 9 0 -1 4 0 0 0 99 0 0 4.18593
1 1 97.5 10 0 -1 4 0 0 0 99 0 0 10.207
1 1 97.5 11 0 -1 4 0 0 0 99 0 0 19.9333
1 1 97.5 12 0 -1 4 0 0 0 99 0 0 8.81751
1 1 97.5 12 0 -1 4 0 0 0 99 0 0 3.25962
1 2 97.5 1 0 -1 4 0 0 0 99 0 0 16.6912
1 2 97.5 2 0 -1 4 0 0 0 99 0 0 10.6701
1 2 97.5 3 0 -1 4 0 0 0 99 0 0 2.79646
1 2 97.5 4 0 -1 4 0 0 0 99 0 0 2.79646
t 1 97.5 -3 1 1 0 0 0 0 -2
_00Tenore
1 1 97.5 6 0 0 4 0 0 -2
1 2 97.5 4 0 0 4 0 0 -2
1 1 97.5 111 0 1 4 0 0 -1.66
1 1 133.75 6 0 -1 4 0 0 0 99 0 0 2.83616
1 1 133.75 7 0 -1 4 0 0 0 99 0 0 4.84759
1 1 133.75 8 0 -1 4 0 0 0 99 0 0 4.84759
1 1 133.75 9 0 -1 4 0 0 0 99 0 0 9.87616
1 1 133.75 10 0 -1 4 0 0 0 99 0 0 9.87616
1 1 133.75 11 0 -1 4 0 0 0 99 0 0 17.9219
1 1 133.75 12 0 -1 4 0 0 0 99 0 0 7.36187
1 1 133.75 12 0 -1 4 0 0 0 99 0 0 3.84187
1 2 133.75 1 0 -1 4 0 0 0 99 0 0 11.3847
1 2 133.75 1 0 -1 4 0 0 0 99 0 0 2.83616
1 2 133.75 2 0 -1 4 0 0 0 99 0 0 19.9333
1 2 133.75 3 0 -1 4 0 0 0 99 0 0 3.84187
1 2 133.75 3 0 -1 4 0 0 0 99 0 0 4.34473
1 2 133.75 4 0 -1 4 0 0 0 99 0 0 3.84187
1 2 133.75 5 0 -1 4 0 0 0 99 0 0 2.83616
t 1 133.75 -3 1 1 0 0 0 0 -2
_00Quinto
1 1 133.75 6 0 0 4 0 0 -2
1 2 133.75 5 0 0 4 0 0 -2
1 1 133.75 112 0 1 4 0 0 -1.66
1 1 170 2 0 -1 4 0 0 0 99 0 0 5.6333
1 1 170 3 0 -1 4 0 0 0 99 0 0 4.5333
1 1 170 4 0 -1 4 0 0 0 99 0 0 6.1833
1 1 170 5 0 -1 4 0 0 0 99 0 0 5.6333
1 1 170 5 0 -1 4 0 0 0 99 0 0 5.0833
1 1 170 6 0 -1 4 0 0 0 99 0 0 8.9333
1 1 170 7 0 -1 4 0 0 0 99 0 0 19.9333
1 1 170 8 0 -1 4 0 0 0 99 0 0 4.5333
1 1 170 8 0 -1 4 0 0 0 99 0 0 5.6333
1 1 170 9 0 -1 4 0 0 0 99 0 0 13.8833
1 1 170 10 0 -1 4 0 0 0 99 0 0 6.1833
1 1 170 11 0 -1 4 0 0 0 99 0 0 2.8833
1 1 170 12 0 -1 4 0 0 0 99 0 0 2.8833
t 1 170 -3 1 1 0 0 0 0 -2
_00Basso
1 1 170 2 0 0 4 0 0 -2
1 1 170 12 0 0 4 0 0 -2
1 1 170 107 0 1 4 0 0 -1.66
