#define SVG t 1 1 \n_99%svg%
t 2 10 14 1 1 0 0 0 0 -1.35
_00
8 1 0 0 0 200
8 2 0 -6 0 200
14 1 0 2
14 1 200 2
14 1 0 2 8
3 2 2
3 1 2 0 1
1 2 25 1 0 -1 4 0 0 0 99 0 0 2.82219
1 2 25 2 0 -1 4 0 0 0 99 0 0 3.79997
1 2 25 3 0 -1 4 0 0 0 99 0 0 6.7333
1 2 25 4 0 -1 4 0 0 0 99 0 0 3.31108
1 2 25 4 0 -1 4 0 0 0 99 0 0 3.79997
1 2 25 5 0 -1 4 0 0 0 99 0 0 5.26663
1 2 25 6 0 -1 4 0 0 0 99 0 0 7.71108
1 2 25 6 0 -1 4 0 0 0 99 0 0 17.4889
1 2 25 7 0 -1 4 0 0 0 99 0 0 19.9333
1 2 25 8 0 -1 4 0 0 0 99 0 0 18.4666
1 2 25 9 0 -1 4 0 0 0 99 0 0 11.1333
1 2 25 10 0 -1 4 0 0 0 99 0 0 2.82219
1 2 25 10 0 -1 4 0 0 0 99 0 0 18.9555
t 1 25 -3 1 1 0 0 0 0 -2
_00Canto
1 2 25 1 0 0 4 0 0 -2
1 2 25 10 0 0 4 0 0 -2
1 2 25 107 0 1 4 0 0 -1.66
1 2 54 2 0 -1 4 0 0 0 99 0 0 2.75235
1 2 54 3 0 -1 4 0 0 0 99 0 0 4.42854
1 2 54 4 0 -1 4 0 0 0 99 0 0 3.1714
1 2 54 5 0 -1 4 0 0 0 99 0 0 5.26663
1 2 54 6 0 -1 4 0 0 0 99 0 0 5.26663
1 2 54 6 0 -1 4 0 0 0 99 0 0 19.5143
1 2 54 7 0 -1 4 0 0 0 99 0 0 19.9333
1 2 54 8 0 -1 4 0 0 0 99 0 0 16.5809
1 2 54 8 0 -1 4 0 0 0 99 0 0 3.59044
1 2 54 9 0 -1 4 0 0 0 99 0 0 11.9714
1 2 54 10 0 -1 4 0 0 0 99 0 0 11.5523
t 1 54 -3 1 1 0 0 0 0 -2
_00Sesto
1 2 54 2 0 0 4 0 0 -2
1 2 54 10 0 0 4 0 0 -2
1 2 54 107 0 1 4 0 0 -1.66
1 1 83 10 0 -1 4 0 0 0 99 0 0 2.82907
1 1 83 11 0 -1 4 0 0 0 99 0 0 5.06006
1 1 83 12 0 -1 4 0 0 0 99 0 0 5.06006
1 2 83 1 0 -1 4 0 0 0 99 0 0 8.53048
1 2 83 1 0 -1 4 0 0 0 99 0 0 2.58119
1 2 83 2 0 -1 4 0 0 0 99 0 0 9.52203
1 2 83 3 0 -1 4 0 0 0 99 0 0 2.58119
1 2 83 3 0 -1 4 0 0 0 99 0 0 19.9333
1 2 83 4 0 -1 4 0 0 0 99 0 0 5.30795
1 2 83 4 0 -1 4 0 0 0 99 0 0 2.82907
1 2 83 5 0 -1 4 0 0 0 99 0 0 7.04316
1 2 83 6 0 -1 4 0 0 0 99 0 0 2.82907
1 2 83 6 0 -1 4 0 0 0 99 0 0 4.3164
t 1 83 -3 1 1 0 0 0 0 -2
_00Alto
1 1 83 10 0 0 4 0 0 -2
1 2 83 6 0 0 4 0 0 -2
1 2 83 103 0 1 4 0 0 -1.66
1 1 112 6 0 -1 4 0 0 0 99 0 0 3.09852
1 1 112 7 0 -1 4 0 0 0 99 0 0 6.15939
1 1 112 8 0 -1 4 0 0 0 99 0 0 19.9333
1 1 112 9 0 -1 4 0 0 0 99 0 0 9.98547
1 1 112 9 0 -1 4 0 0 0 99 0 0 3.09852
1 1 112 10 0 -1 4 0 0 0 99 0 0 19.1681
1 1 112 11 0 -1 4 0 0 0 99 0 0 5.39417
1 1 112 11 0 -1 4 0 0 0 99 0 0 18.4029
1 1 112 12 0 -1 4 0 0 0 99 0 0 14.5768
1 2 112 1 0 -1 4 0 0 0 99 0 0 16.8724
1 2 112 2 0 -1 4 0 0 0 99 0 0 11.5159
1 2 112 3 0 -1 4 0 0 0 99 0 0 13.8116
t 1 112 -3 1 1 0 0 0 0 -2
_00Tenore
1 1 112 6 0 0 4 0 0 -2
1 2 112 3 0 0 4 0 0 -2
1 1 112 111 0 1 4 0 0 -1.66
1 1 141 6 0 -1 4 0 0 0 99 0 0 3.25962
1 1 141 7 0 -1 4 0 0 0 99 0 0 4.64909
1 1 141 8 0 -1 4 0 0 0 99 0 0 9.74383
1 1 141 9 0 -1 4 0 0 0 99 0 0 5.57541
1 1 141 10 0 -1 4 0 0 0 99 0 0 10.6701
1 1 141 11 0 -1 4 0 0 0 99 0 0 5.57541
1 1 141 11 0 -1 4 0 0 0 99 0 0 19.9333
1 1 141 12 0 -1 4 0 0 0 99 0 0 19.007
1 2 141 1 0 -1 4 0 0 0 99 0 0 13.9122
1 2 141 1 0 -1 4 0 0 0 99 0 0 2.79646
1 2 141 2 0 -1 4 0 0 0 99 0 0 10.6701
1 2 141 3 0 -1 4 0 0 0 99 0 0 16.228
1 2 141 4 0 -1 4 0 0 0 99 0 0 2.79646
t 1 141 -3 1 1 0 0 0 0 -2
_00Quinto
1 1 141 6 0 0 4 0 0 -2
1 2 141 4 0 0 4 0 0 -2
1 1 141 112 0 1 4 0 0 -1.66
1 1 170 1 0 -1 4 0 0 0 99 0 0 5.47616
1 1 170 3 0 -1 4 0 0 0 99 0 0 5.47616
1 1 170 4 0 -1 4 0 0 0 99 0 0 3.59044
1 1 170 4 0 -1 4 0 0 0 99 0 0 16.7904
1 1 170 5 0 -1 4 0 0 0 99 0 0 11.1333
1 1 170 6 0 -1 4 0 0 0 99 0 0 13.019
1 1 170 6 0 -1 4 0 0 0 99 0 0 2.96187
1 1 170 7 0 -1 4 0 0 0 99 0 0 9.24759
1 1 170 8 0 -1 4 0 0 0 99 0 0 19.9333
1 1 170 9 0 -1 4 0 0 0 99 0 0 5.47616
1 1 170 9 0 -1 4 0 0 0 99 0 0 3.59044
1 1 170 10 0 -1 4 0 0 0 99 0 0 6.10473
1 1 170 11 0 -1 4 0 0 0 99 0 0 7.36187
t 1 170 -3 1 1 0 0 0 0 -2
_00Basso
1 1 170 1 0 0 4 0 0 -2
1 1 170 11 0 0 4 0 0 -2
1 1 170 106 0 1 4 0 0 -1.66
