#define SVG t 1 1 \n_99%svg%
t 2 10 14 1 1 0 0 0 0 -1.35
_00
8 1 0 0 0 200
8 2 0 -6 0 200
14 1 0 2
14 1 200 2
14 1 0 2 8
3 2 2
3 1 2 0 1
1 1 25 11 0 -1 4 0 0 0 99 0 0 3.3893
1 1 25 12 0 -1 4 0 0 0 99 0 0 3.0373
1 2 25 1 0 -1 4 0 0 0 99 0 0 3.3893
1 2 25 2 0 -1 4 0 0 0 99 0 0 4.0933
1 2 25 3 0 -1 4 0 0 0 99 0 0 6.2053
1 2 25 4 0 -1 4 0 0 0 99 0 0 4.7973
1 2 25 4 0 -1 4 0 0 0 99 0 0 3.7413
1 2 25 5 0 -1 4 0 0 0 99 0 0 12.8933
1 2 25 6 0 -1 4 0 0 0 99 0 0 6.2053
1 2 25 6 0 -1 4 0 0 0 99 0 0 19.9333
1 2 25 7 0 -1 4 0 0 0 99 0 0 4.4453
1 2 25 7 0 -1 4 0 0 0 99 0 0 6.9093
1 2 25 8 0 -1 4 0 0 0 99 0 0 9.3733
1 2 25 8 0 -1 4 0 0 0 99 0 0 3.0373
1 2 25 9 0 -1 4 0 0 0 99 0 0 6.5573
1 2 25 10 0 -1 4 0 0 0 99 0 0 7.9653
t 1 25 -3 1 1 0 0 0 0 -2
_00Canto
1 1 25 11 0 0 4 0 0 -2
1 2 25 10 0 0 4 0 0 -2
1 2 25 106 0 1 4 0 0 -1.66
1 1 61.25 11 0 -1 4 0 0 0 99 0 0 4.92154
1 1 61.25 12 0 -1 4 0 0 0 99 0 0 3.88624
1 2 61.25 1 0 -1 4 0 0 0 99 0 0 6.99212
1 2 61.25 1 0 -1 4 0 0 0 99 0 0 2.85095
1 2 61.25 2 0 -1 4 0 0 0 99 0 0 8.54506
1 2 61.25 3 0 -1 4 0 0 0 99 0 0 19.9333
1 2 61.25 4 0 -1 4 0 0 0 99 0 0 8.54506
1 2 61.25 4 0 -1 4 0 0 0 99 0 0 8.02742
1 2 61.25 5 0 -1 4 0 0 0 99 0 0 10.6157
1 2 61.25 6 0 -1 4 0 0 0 99 0 0 4.92154
1 2 61.25 6 0 -1 4 0 0 0 99 0 0 19.9333
1 2 61.25 7 0 -1 4 0 0 0 99 0 0 3.36859
1 2 61.25 7 0 -1 4 0 0 0 99 0 0 8.02742
1 2 61.25 8 0 -1 4 0 0 0 99 0 0 10.098
1 2 61.25 8 0 -1 4 0 0 0 99 0 0 2.85095
1 2 61.25 9 0 -1 4 0 0 0 99 0 0 8.54506
1 2 61.25 10 0 -1 4 0 0 0 99 0 0 4.92154
t 1 61.25 -3 1 1 0 0 0 0 -2
_00Quinto
1 1 61.25 11 0 0 4 0 0 -2
1 2 61.25 10 0 0 4 0 0 -2
1 2 61.25 105 0 1 4 0 0 -1.66
1 1 97.5 9 0 -1 4 0 0 0 99 0 0 2.65923
1 1 97.5 9 0 -1 4 0 0 0 99 0 0 2.65923
1 1 97.5 10 0 -1 4 0 0 0 99 0 0 5.26663
1 1 97.5 11 0 -1 4 0 0 0 99 0 0 2.65923
1 1 97.5 11 0 -1 4 0 0 0 99 0 0 12.7629
1 1 97.5 12 0 -1 4 0 0 0 99 0 0 11.7852
1 2 97.5 1 0 -1 4 0 0 0 99 0 0 10.1555
1 2 97.5 1 0 -1 4 0 0 0 99 0 0 3.96293
1 2 97.5 2 0 -1 4 0 0 0 99 0 0 19.9333
1 2 97.5 3 0 -1 4 0 0 0 99 0 0 17.9777
1 2 97.5 4 0 -1 4 0 0 0 99 0 0 6.57034
1 2 97.5 4 0 -1 4 0 0 0 99 0 0 2.98515
1 2 97.5 5 0 -1 4 0 0 0 99 0 0 6.24441
1 2 97.5 6 0 -1 4 0 0 0 99 0 0 2.65923
1 2 97.5 6 0 -1 4 0 0 0 99 0 0 4.28886
t 1 97.5 -3 1 1 0 0 0 0 -2
_00Alto
1 1 97.5 9 0 0 4 0 0 -2
1 2 97.5 6 0 0 4 0 0 -2
1 2 97.5 102 0 1 4 0 0 -1.66
1 1 133.75 6 0 -1 4 0 0 0 99 0 0 3.01022
1 1 133.75 7 0 -1 4 0 0 0 99 0 0 7.07176
1 1 133.75 8 0 -1 4 0 0 0 99 0 0 12.1487
1 1 133.75 9 0 -1 4 0 0 0 99 0 0 6.05638
1 1 133.75 9 0 -1 4 0 0 0 99 0 0 3.01022
1 1 133.75 10 0 -1 4 0 0 0 99 0 0 10.4564
1 1 133.75 11 0 -1 4 0 0 0 99 0 0 4.02561
1 1 133.75 11 0 -1 4 0 0 0 99 0 0 19.9333
1 1 133.75 12 0 -1 4 0 0 0 99 0 0 3.01022
1 1 133.75 12 0 -1 4 0 0 0 99 0 0 6.7333
1 2 133.75 1 0 -1 4 0 0 0 99 0 0 10.1179
1 2 133.75 1 0 -1 4 0 0 0 99 0 0 2.67176
1 2 133.75 2 0 -1 4 0 0 0 99 0 0 7.74868
1 2 133.75 3 0 -1 4 0 0 0 99 0 0 7.41022
1 2 133.75 4 0 -1 4 0 0 0 99 0 0 2.67176
t 1 133.75 -3 1 1 0 0 0 0 -2
_00Tenore
1 1 133.75 6 0 0 4 0 0 -2
1 2 133.75 4 0 0 4 0 0 -2
1 1 133.75 111 0 1 4 0 0 -1.66
1 1 170 3 0 -1 4 0 0 0 99 0 0 3.06663
1 1 170 4 0 -1 4 0 0 0 99 0 0 12.6
1 1 170 5 0 -1 4 0 0 0 99 0 0 3.06663
1 1 170 5 0 -1 4 0 0 0 99 0 0 10.4
1 1 170 6 0 -1 4 0 0 0 99 0 0 11.8666
1 1 170 6 0 -1 4 0 0 0 99 0 0 3.79997
1 1 170 7 0 -1 4 0 0 0 99 0 0 19.9333
1 1 170 8 0 -1 4 0 0 0 99 0 0 16.2666
1 1 170 9 0 -1 4 0 0 0 99 0 0 5.26663
1 1 170 9 0 -1 4 0 0 0 99 0 0 3.79997
1 1 170 10 0 -1 4 0 0 0 99 0 0 12.6
1 1 170 11 0 -1 4 0 0 0 99 0 0 4.5333
1 1 170 11 0 -1 4 0 0 0 99 0 0 14.0666
t 1 170 -3 1 1 0 0 0 0 -2
_00Basso
1 1 170 3 0 0 4 0 0 -2
1 1 170 11 0 0 4 0 0 -2
1 1 170 107 0 1 4 0 0 -1.66
