#define SVG t 1 1 \n_99%svg%
t 2 10 14 1 1 0 0 0 0 -1.35
_00
8 1 0 0 0 200
8 2 0 -6 0 200
14 1 0 2
14 1 200 2
14 1 0 2 8
3 2 2
3 1 2 0 1
1 2 25 5 0 -1 4 0 0 0 99 0 0 9.4833
1 2 25 6 0 -1 4 0 0 0 99 0 0 8.9333
1 2 25 7 0 -1 4 0 0 0 99 0 0 12.2333
1 2 25 8 0 -1 4 0 0 0 99 0 0 13.3333
1 2 25 8 0 -1 4 0 0 0 99 0 0 2.8833
1 2 25 9 0 -1 4 0 0 0 99 0 0 19.9333
1 2 25 10 0 -1 4 0 0 0 99 0 0 16.6333
1 2 25 11 0 -1 4 0 0 0 99 0 0 5.6333
1 2 25 11 0 -1 4 0 0 0 99 0 0 2.8833
1 2 25 12 0 -1 4 0 0 0 99 0 0 6.7333
t 1 25 -3 1 1 0 0 0 0 -2
_00Canto
1 2 25 5 0 0 4 0 0 -2
1 2 25 12 0 0 4 0 0 -2
1 2 25 109 0 1 4 0 0 -1.66
1 2 73.3333 1 0 -1 4 0 0 0 99 0 0 5.92514
1 2 73.3333 2 0 -1 4 0 0 0 99 0 0 7.00269
1 2 73.3333 3 0 -1 4 0 0 0 99 0 0 8.43942
1 2 73.3333 4 0 -1 4 0 0 0 99 0 0 4.84759
1 2 73.3333 4 0 -1 4 0 0 0 99 0 0 6.28432
1 2 73.3333 5 0 -1 4 0 0 0 99 0 0 19.9333
1 2 73.3333 6 0 -1 4 0 0 0 99 0 0 3.05167
1 2 73.3333 6 0 -1 4 0 0 0 99 0 0 6.6435
1 2 73.3333 7 0 -1 4 0 0 0 99 0 0 8.43942
1 2 73.3333 8 0 -1 4 0 0 0 99 0 0 6.6435
t 1 73.3333 -3 1 1 0 0 0 0 -2
_00Alto
1 2 73.3333 1 0 0 4 0 0 -2
1 2 73.3333 8 0 0 4 0 0 -2
1 2 73.3333 105 0 1 4 0 0 -1.66
1 1 121.667 10 0 -1 4 0 0 0 99 0 0 9.87616
1 1 121.667 11 0 -1 4 0 0 0 99 0 0 14.9047
1 1 121.667 12 0 -1 4 0 0 0 99 0 0 18.0476
1 2 121.667 1 0 -1 4 0 0 0 99 0 0 17.419
1 2 121.667 2 0 -1 4 0 0 0 99 0 0 14.9047
1 2 121.667 3 0 -1 4 0 0 0 99 0 0 19.9333
1 2 121.667 4 0 -1 4 0 0 0 99 0 0 4.84759
1 2 121.667 4 0 -1 4 0 0 0 99 0 0 3.59044
1 2 121.667 5 0 -1 4 0 0 0 99 0 0 10.5047
1 2 121.667 6 0 -1 4 0 0 0 99 0 0 3.59044
t 1 121.667 -3 1 1 0 0 0 0 -2
_00Tenore
1 1 121.667 10 0 0 4 0 0 -2
1 2 121.667 6 0 0 4 0 0 -2
1 2 121.667 101 0 1 4 0 0 -1.66
1 1 170 6 0 -1 4 0 0 0 99 0 0 11.9849
1 1 170 7 0 -1 4 0 0 0 99 0 0 8.01072
1 1 170 8 0 -1 4 0 0 0 99 0 0 7.44298
1 1 170 9 0 -1 4 0 0 0 99 0 0 5.17201
1 1 170 9 0 -1 4 0 0 0 99 0 0 3.46878
1 1 170 10 0 -1 4 0 0 0 99 0 0 19.9333
1 1 170 11 0 -1 4 0 0 0 99 0 0 8.01072
1 1 170 12 0 -1 4 0 0 0 99 0 0 5.17201
1 2 170 1 0 -1 4 0 0 0 99 0 0 15.3914
1 2 170 2 0 -1 4 0 0 0 99 0 0 3.46878
t 1 170 -3 1 1 0 0 0 0 -2
_00Basso
1 1 170 6 0 0 4 0 0 -2
1 2 170 2 0 0 4 0 0 -2
1 1 170 110 0 1 4 0 0 -1.66
