#define SVG t 1 1 \n_99%svg%
t 2 10 14 1 1 0 0 0 0 -1.35
_00
8 1 0 0 0 200
8 2 0 -6 0 200
14 1 0 2
14 1 200 2
14 1 0 2 8
3 2 2
3 1 2 0 1
1 2 25 5 0 -1 4 0 0 0 99 0 0 3.82483
1 2 25 6 0 -1 4 0 0 0 99 0 0 3.22822
1 2 25 6 0 -1 4 0 0 0 99 0 0 10.0892
1 2 25 7 0 -1 4 0 0 0 99 0 0 13.0723
1 2 25 8 0 -1 4 0 0 0 99 0 0 19.9333
1 2 25 8 0 -1 4 0 0 0 99 0 0 5.01805
1 2 25 9 0 -1 4 0 0 0 99 0 0 17.2486
1 2 25 10 0 -1 4 0 0 0 99 0 0 18.4418
1 2 25 11 0 -1 4 0 0 0 99 0 0 8.0011
1 2 25 11 0 -1 4 0 0 0 99 0 0 3.52652
1 2 25 12 0 -1 4 0 0 0 99 0 0 4.12313
t 1 25 -3 1 1 0 0 0 0 -2
_00Quinto
1 2 25 5 0 0 4 0 0 -2
1 2 25 12 0 0 4 0 0 -2
1 2 25 108 0 1 4 0 0 -1.66
1 1 97.5 9 0 -1 4 0 0 0 99 0 0 3.19887
1 1 97.5 10 0 -1 4 0 0 0 99 0 0 6.08412
1 1 97.5 11 0 -1 4 0 0 0 99 0 0 9.54641
1 1 97.5 12 0 -1 4 0 0 0 99 0 0 2.62182
1 1 97.5 12 0 -1 4 0 0 0 99 0 0 10.989
1 2 97.5 1 0 -1 4 0 0 0 99 0 0 19.9333
1 2 97.5 1 0 -1 4 0 0 0 99 0 0 2.91035
1 2 97.5 2 0 -1 4 0 0 0 99 0 0 14.1628
1 2 97.5 3 0 -1 4 0 0 0 99 0 0 16.1825
1 2 97.5 4 0 -1 4 0 0 0 99 0 0 5.7956
1 2 97.5 4 0 -1 4 0 0 0 99 0 0 3.4874
1 2 97.5 5 0 -1 4 0 0 0 99 0 0 6.66117
t 1 97.5 -3 1 1 0 0 0 0 -2
_00Tenore
1 1 97.5 9 0 0 4 0 0 -2
1 2 97.5 5 0 0 4 0 0 -2
1 2 97.5 101 0 1 4 0 0 -1.66
1 1 170 4 0 -1 4 0 0 0 99 0 0 4.0933
1 1 170 6 0 -1 4 0 0 0 99 0 0 12.4533
1 1 170 7 0 -1 4 0 0 0 99 0 0 13.3333
1 1 170 8 0 -1 4 0 0 0 99 0 0 17.7333
1 1 170 9 0 -1 4 0 0 0 99 0 0 18.1733
1 1 170 9 0 -1 4 0 0 0 99 0 0 3.2133
1 1 170 10 0 -1 4 0 0 0 99 0 0 19.9333
1 1 170 11 0 -1 4 0 0 0 99 0 0 19.4933
1 1 170 12 0 -1 4 0 0 0 99 0 0 2.7733
1 1 170 12 0 -1 4 0 0 0 99 0 0 4.5333
1 2 170 1 0 -1 4 0 0 0 99 0 0 11.5733
1 2 170 2 0 -1 4 0 0 0 99 0 0 4.0933
t 1 170 -3 1 1 0 0 0 0 -2
_00Basso
1 1 170 4 0 0 4 0 0 -2
1 2 170 2 0 0 4 0 0 -2
1 1 170 109 0 1 4 0 0 -1.66
