#define SVG t 1 1 \n_99%svg%
t 2 10 14 1 1 0 0 0 0 -1.35
_00
8 1 0 0 0 200
8 2 0 -6 0 200
14 1 0 2
14 1 200 2
14 1 0 2 8
3 2 2
3 1 2 0 1
1 1 25 11 0 -1 4 0 0 0 99 0 0 3.6211
1 1 25 12 0 -1 4 0 0 0 99 0 0 3.6211
1 2 25 1 0 -1 4 0 0 0 99 0 0 10.0601
1 2 25 1 0 -1 4 0 0 0 99 0 0 4.47964
1 2 25 2 0 -1 4 0 0 0 99 0 0 19.9333
1 2 25 3 0 -1 4 0 0 0 99 0 0 16.9284
1 2 25 4 0 -1 4 0 0 0 99 0 0 17.787
1 2 25 4 0 -1 4 0 0 0 99 0 0 3.6211
1 2 25 5 0 -1 4 0 0 0 99 0 0 12.6357
1 2 25 6 0 -1 4 0 0 0 99 0 0 19.504
1 2 25 7 0 -1 4 0 0 0 99 0 0 2.76257
1 2 25 7 0 -1 4 0 0 0 99 0 0 3.6211
1 2 25 8 0 -1 4 0 0 0 99 0 0 4.90891
1 2 25 9 0 -1 4 0 0 0 99 0 0 3.19184
t 1 25 -3 1 1 0 0 0 0 -2
_00Canto
1 1 25 11 0 0 4 0 0 -2
1 2 25 9 0 0 4 0 0 -2
1 2 25 104 0 1 4 0 0 -1.66
1 1 61.25 11 0 -1 4 0 0 0 99 0 0 7.42804
1 1 61.25 12 0 -1 4 0 0 0 99 0 0 3.72277
1 1 61.25 12 0 -1 4 0 0 0 99 0 0 4.64909
1 2 61.25 1 0 -1 4 0 0 0 99 0 0 7.89119
1 2 61.25 1 0 -1 4 0 0 0 99 0 0 4.64909
1 2 61.25 2 0 -1 4 0 0 0 99 0 0 15.3017
1 2 61.25 3 0 -1 4 0 0 0 99 0 0 12.5228
1 2 61.25 4 0 -1 4 0 0 0 99 0 0 19.9333
1 2 61.25 4 0 -1 4 0 0 0 99 0 0 3.25962
1 2 61.25 5 0 -1 4 0 0 0 99 0 0 10.6701
1 2 61.25 6 0 -1 4 0 0 0 99 0 0 16.6912
1 2 61.25 7 0 -1 4 0 0 0 99 0 0 2.79646
1 2 61.25 7 0 -1 4 0 0 0 99 0 0 4.18593
1 2 61.25 8 0 -1 4 0 0 0 99 0 0 6.96488
t 1 61.25 -3 1 1 0 0 0 0 -2
_00Quinto
1 1 61.25 11 0 0 4 0 0 -2
1 2 61.25 8 0 0 4 0 0 -2
1 2 61.25 104 0 1 4 0 0 -1.66
1 1 97.5 7 0 -1 4 0 0 0 99 0 0 4.3333
1 1 97.5 8 0 -1 4 0 0 0 99 0 0 3.9333
1 1 97.5 9 0 -1 4 0 0 0 99 0 0 8.7333
1 1 97.5 9 0 -1 4 0 0 0 99 0 0 3.1333
1 1 97.5 10 0 -1 4 0 0 0 99 0 0 7.9333
1 1 97.5 11 0 -1 4 0 0 0 99 0 0 2.7333
1 1 97.5 11 0 -1 4 0 0 0 99 0 0 19.9333
1 1 97.5 12 0 -1 4 0 0 0 99 0 0 7.9333
1 1 97.5 12 0 -1 4 0 0 0 99 0 0 7.5333
1 2 97.5 1 0 -1 4 0 0 0 99 0 0 12.7333
1 2 97.5 1 0 -1 4 0 0 0 99 0 0 3.1333
1 2 97.5 2 0 -1 4 0 0 0 99 0 0 14.7333
1 2 97.5 3 0 -1 4 0 0 0 99 0 0 9.5333
1 2 97.5 4 0 -1 4 0 0 0 99 0 0 12.7333
1 2 97.5 5 0 -1 4 0 0 0 99 0 0 4.3333
1 2 97.5 6 0 -1 4 0 0 0 99 0 0 3.5333
t 1 97.5 -3 1 1 0 0 0 0 -2
_00Alto
1 1 97.5 7 0 0 4 0 0 -2
1 2 97.5 6 0 0 4 0 0 -2
1 1 97.5 112 0 1 4 0 0 -1.66
1 2 133.75 1 0 -1 4 0 0 0 99 0 0 4.28886
1 2 133.75 2 0 -1 4 0 0 0 99 0 0 11.3289
1 2 133.75 3 0 -1 4 0 0 0 99 0 0 11.72
1 2 133.75 4 0 -1 4 0 0 0 99 0 0 14.4577
1 2 133.75 4 0 -1 4 0 0 0 99 0 0 3.50663
1 2 133.75 5 0 -1 4 0 0 0 99 0 0 13.2844
1 2 133.75 6 0 -1 4 0 0 0 99 0 0 19.9333
1 2 133.75 7 0 -1 4 0 0 0 99 0 0 3.89774
1 2 133.75 7 0 -1 4 0 0 0 99 0 0 5.8533
1 2 133.75 8 0 -1 4 0 0 0 99 0 0 9.3733
1 2 133.75 9 0 -1 4 0 0 0 99 0 0 8.59108
1 2 133.75 10 0 -1 4 0 0 0 99 0 0 3.11552
1 2 133.75 11 0 -1 4 0 0 0 99 0 0 2.72441
t 1 133.75 -3 1 1 0 0 0 0 -2
_00Tenore
1 2 133.75 1 0 0 4 0 0 -2
1 2 133.75 11 0 0 4 0 0 -2
1 2 133.75 105 0 1 4 0 0 -1.66
1 1 170 1 0 -1 4 0 0 0 99 0 0 2.85095
1 1 170 2 0 -1 4 0 0 0 99 0 0 8.54506
1 1 170 3 0 -1 4 0 0 0 99 0 0 12.1686
1 1 170 4 0 -1 4 0 0 0 99 0 0 18.3804
1 1 170 5 0 -1 4 0 0 0 99 0 0 9.06271
1 1 170 5 0 -1 4 0 0 0 99 0 0 4.92154
1 1 170 6 0 -1 4 0 0 0 99 0 0 9.58036
1 1 170 7 0 -1 4 0 0 0 99 0 0 19.9333
1 1 170 8 0 -1 4 0 0 0 99 0 0 6.47448
1 1 170 9 0 -1 4 0 0 0 99 0 0 6.47448
1 1 170 10 0 -1 4 0 0 0 99 0 0 2.85095
t 1 170 -3 1 1 0 0 0 0 -2
_00Basso
1 1 170 1 0 0 4 0 0 -2
1 1 170 10 0 0 4 0 0 -2
1 1 170 105 0 1 4 0 0 -1.66
