#define SVG t 1 1 \n_99%svg%
t 2 10 14 1 1 0 0 0 0 -1.35
_00
8 1 0 0 0 200
8 2 0 -6 0 200
14 1 0 2
14 1 200 2
14 1 0 2 8
3 2 2
3 1 2 0 1
1 2 25 3 0 -1 4 0 0 0 99 0 0 2.92991
1 2 25 4 0 -1 4 0 0 0 99 0 0 2.92991
1 2 25 5 0 -1 4 0 0 0 99 0 0 5.31635
1 2 25 6 0 -1 4 0 0 0 99 0 0 7.70279
1 2 25 7 0 -1 4 0 0 0 99 0 0 3.52652
1 2 25 7 0 -1 4 0 0 0 99 0 0 5.91296
1 2 25 8 0 -1 4 0 0 0 99 0 0 19.9333
1 2 25 9 0 -1 4 0 0 0 99 0 0 11.2825
1 2 25 10 0 -1 4 0 0 0 99 0 0 2.63161
1 2 25 10 0 -1 4 0 0 0 99 0 0 7.70279
1 2 25 11 0 -1 4 0 0 0 99 0 0 5.61466
1 2 25 12 0 -1 4 0 0 0 99 0 0 3.22822
t 1 25 -3 1 1 0 0 0 0 -2
_00Canto
1 2 25 3 0 0 4 0 0 -2
1 2 25 12 0 0 4 0 0 -2
1 2 25 108 0 1 4 0 0 -1.66
1 1 73.3333 12 0 -1 4 0 0 0 99 0 0 3.28465
1 2 73.3333 1 0 -1 4 0 0 0 99 0 0 7.09006
1 2 73.3333 2 0 -1 4 0 0 0 99 0 0 6.13871
1 2 73.3333 3 0 -1 4 0 0 0 99 0 0 9.46844
1 2 73.3333 4 0 -1 4 0 0 0 99 0 0 10.4198
1 2 73.3333 4 0 -1 4 0 0 0 99 0 0 3.28465
1 2 73.3333 5 0 -1 4 0 0 0 99 0 0 19.9333
1 2 73.3333 6 0 -1 4 0 0 0 99 0 0 2.80898
1 2 73.3333 6 0 -1 4 0 0 0 99 0 0 16.6036
1 2 73.3333 7 0 -1 4 0 0 0 99 0 0 10.8955
1 2 73.3333 7 0 -1 4 0 0 0 99 0 0 3.28465
1 2 73.3333 8 0 -1 4 0 0 0 99 0 0 13.2738
t 1 73.3333 -3 1 1 0 0 0 0 -2
_00Alto
1 1 73.3333 12 0 0 4 0 0 -2
1 2 73.3333 8 0 0 4 0 0 -2
1 2 73.3333 105 0 1 4 0 0 -1.66
1 1 121.667 9 0 -1 4 0 0 0 99 0 0 3.76033
1 1 121.667 10 0 -1 4 0 0 0 99 0 0 7.09006
1 1 121.667 11 0 -1 4 0 0 0 99 0 0 8.04141
1 1 121.667 12 0 -1 4 0 0 0 99 0 0 3.76033
1 1 121.667 12 0 -1 4 0 0 0 99 0 0 4.236
1 2 121.667 1 0 -1 4 0 0 0 99 0 0 15.1765
1 2 121.667 2 0 -1 4 0 0 0 99 0 0 11.3711
1 2 121.667 3 0 -1 4 0 0 0 99 0 0 18.0306
1 2 121.667 4 0 -1 4 0 0 0 99 0 0 19.9333
1 2 121.667 5 0 -1 4 0 0 0 99 0 0 12.7982
1 2 121.667 6 0 -1 4 0 0 0 99 0 0 6.13871
t 1 121.667 -3 1 1 0 0 0 0 -2
_00Tenore
1 1 121.667 9 0 0 4 0 0 -2
1 2 121.667 6 0 0 4 0 0 -2
1 2 121.667 103 0 1 4 0 0 -1.66
1 1 170 6 0 -1 4 0 0 0 99 0 0 7.2833
1 1 170 7 0 -1 4 0 0 0 99 0 0 5.0833
1 1 170 8 0 -1 4 0 0 0 99 0 0 6.1833
1 1 170 9 0 -1 4 0 0 0 99 0 0 18.2833
1 1 170 10 0 -1 4 0 0 0 99 0 0 15.5333
1 1 170 11 0 -1 4 0 0 0 99 0 0 15.5333
1 1 170 12 0 -1 4 0 0 0 99 0 0 11.1333
1 1 170 12 0 -1 4 0 0 0 99 0 0 5.0833
1 2 170 1 0 -1 4 0 0 0 99 0 0 19.9333
1 2 170 2 0 -1 4 0 0 0 99 0 0 3.9833
t 1 170 -3 1 1 0 0 0 0 -2
_00Basso
1 1 170 6 0 0 4 0 0 -2
1 2 170 2 0 0 4 0 0 -2
1 1 170 111 0 1 4 0 0 -1.66
