#define SVG t 1 1 \n_99%svg%
t 2 10 14 1 1 0 0 0 0 -1.35
_00
8 1 0 0 0 200
8 2 0 -6 0 200
14 1 0 2
14 1 200 2
14 1 0 2 8
3 2 2
3 1 2 0 1
1 2 25 4 0 -1 4 0 0 0 99 0 0 2.65923
1 2 25 5 0 -1 4 0 0 0 99 0 0 3.31108
1 2 25 6 0 -1 4 0 0 0 99 0 0 4.61478
1 2 25 7 0 -1 4 0 0 0 99 0 0 4.94071
1 2 25 7 0 -1 4 0 0 0 99 0 0 3.31108
1 2 25 8 0 -1 4 0 0 0 99 0 0 9.17774
1 2 25 8 0 -1 4 0 0 0 99 0 0 4.28886
1 2 25 9 0 -1 4 0 0 0 99 0 0 19.9333
1 2 25 10 0 -1 4 0 0 0 99 0 0 4.61478
1 2 25 10 0 -1 4 0 0 0 99 0 0 7.54811
1 2 25 11 0 -1 4 0 0 0 99 0 0 8.85182
1 2 25 11 0 -1 4 0 0 0 99 0 0 3.637
1 2 25 12 0 -1 4 0 0 0 99 0 0 5.59256
t 1 25 -3 1 1 0 0 0 0 -2
_00Canto
1 2 25 4 0 0 4 0 0 -2
1 2 25 12 0 0 4 0 0 -2
1 2 25 109 0 1 4 0 0 -1.66
1 2 54 3 0 -1 4 0 0 0 99 0 0 2.80898
1 2 54 4 0 -1 4 0 0 0 99 0 0 4.236
1 2 54 4 0 -1 4 0 0 0 99 0 0 3.28465
1 2 54 5 0 -1 4 0 0 0 99 0 0 9.94411
1 2 54 6 0 -1 4 0 0 0 99 0 0 19.9333
1 2 54 7 0 -1 4 0 0 0 99 0 0 9.46844
1 2 54 7 0 -1 4 0 0 0 99 0 0 5.66303
1 2 54 8 0 -1 4 0 0 0 99 0 0 11.3711
1 2 54 8 0 -1 4 0 0 0 99 0 0 4.71168
1 2 54 9 0 -1 4 0 0 0 99 0 0 16.1279
1 2 54 10 0 -1 4 0 0 0 99 0 0 3.76033
1 2 54 10 0 -1 4 0 0 0 99 0 0 6.13871
1 2 54 11 0 -1 4 0 0 0 99 0 0 8.99276
1 2 54 11 0 -1 4 0 0 0 99 0 0 2.80898
1 2 54 12 0 -1 4 0 0 0 99 0 0 5.18735
t 1 54 -3 1 1 0 0 0 0 -2
_00Sesto
1 2 54 3 0 0 4 0 0 -2
1 2 54 12 0 0 4 0 0 -2
1 2 54 108 0 1 4 0 0 -1.66
1 1 83 10 0 -1 4 0 0 0 99 0 0 3.28465
1 1 83 11 0 -1 4 0 0 0 99 0 0 2.80898
1 1 83 12 0 -1 4 0 0 0 99 0 0 2.80898
1 2 83 2 0 -1 4 0 0 0 99 0 0 6.61438
1 2 83 3 0 -1 4 0 0 0 99 0 0 7.09006
1 2 83 4 0 -1 4 0 0 0 99 0 0 8.51708
1 2 83 4 0 -1 4 0 0 0 99 0 0 8.04141
1 2 83 5 0 -1 4 0 0 0 99 0 0 19.9333
1 2 83 6 0 -1 4 0 0 0 99 0 0 19.9333
1 2 83 7 0 -1 4 0 0 0 99 0 0 9.94411
1 2 83 7 0 -1 4 0 0 0 99 0 0 3.28465
1 2 83 8 0 -1 4 0 0 0 99 0 0 3.28465
t 1 83 -3 1 1 0 0 0 0 -2
_00Alto
1 1 83 10 0 0 4 0 0 -2
1 2 83 8 0 0 4 0 0 -2
1 2 83 105 0 1 4 0 0 -1.66
1 1 112 9 0 -1 4 0 0 0 99 0 0 2.83616
1 1 112 10 0 -1 4 0 0 0 99 0 0 5.35044
1 1 112 11 0 -1 4 0 0 0 99 0 0 6.35616
1 1 112 12 0 -1 4 0 0 0 99 0 0 5.8533
1 1 112 12 0 -1 4 0 0 0 99 0 0 3.84187
1 2 112 1 0 -1 4 0 0 0 99 0 0 13.3962
1 2 112 1 0 -1 4 0 0 0 99 0 0 2.83616
1 2 112 2 0 -1 4 0 0 0 99 0 0 19.9333
1 2 112 3 0 -1 4 0 0 0 99 0 0 5.35044
1 2 112 3 0 -1 4 0 0 0 99 0 0 4.84759
1 2 112 4 0 -1 4 0 0 0 99 0 0 9.3733
1 2 112 4 0 -1 4 0 0 0 99 0 0 3.33901
1 2 112 5 0 -1 4 0 0 0 99 0 0 5.35044
1 2 112 6 0 -1 4 0 0 0 99 0 0 2.83616
t 1 112 -3 1 1 0 0 0 0 -2
_00Tenore
1 1 112 9 0 0 4 0 0 -2
1 2 112 6 0 0 4 0 0 -2
1 2 112 102 0 1 4 0 0 -1.66
1 1 141 9 0 -1 4 0 0 0 99 0 0 3.39997
1 1 141 10 0 -1 4 0 0 0 99 0 0 11.4
1 1 141 11 0 -1 4 0 0 0 99 0 0 11.4
1 1 141 12 0 -1 4 0 0 0 99 0 0 8.7333
1 1 141 12 0 -1 4 0 0 0 99 0 0 2.86663
1 2 141 1 0 -1 4 0 0 0 99 0 0 11.4
1 2 141 1 0 -1 4 0 0 0 99 0 0 2.86663
1 2 141 2 0 -1 4 0 0 0 99 0 0 19.9333
1 2 141 3 0 -1 4 0 0 0 99 0 0 3.39997
1 2 141 3 0 -1 4 0 0 0 99 0 0 7.1333
1 2 141 4 0 -1 4 0 0 0 99 0 0 6.06663
1 2 141 4 0 -1 4 0 0 0 99 0 0 2.86663
1 2 141 5 0 -1 4 0 0 0 99 0 0 4.99997
1 2 141 6 0 -1 4 0 0 0 99 0 0 3.39997
t 1 141 -3 1 1 0 0 0 0 -2
_00Quinto
1 1 141 9 0 0 4 0 0 -2
1 2 141 6 0 0 4 0 0 -2
1 2 141 101 0 1 4 0 0 -1.66
1 1 170 5 0 -1 4 0 0 0 99 0 0 3.59044
1 1 170 6 0 -1 4 0 0 0 99 0 0 6.7333
1 1 170 7 0 -1 4 0 0 0 99 0 0 11.7619
1 1 170 8 0 -1 4 0 0 0 99 0 0 3.59044
1 1 170 8 0 -1 4 0 0 0 99 0 0 4.21901
1 1 170 9 0 -1 4 0 0 0 99 0 0 9.87616
1 1 170 9 0 -1 4 0 0 0 99 0 0 2.96187
1 1 170 10 0 -1 4 0 0 0 99 0 0 19.9333
1 1 170 11 0 -1 4 0 0 0 99 0 0 10.5047
1 1 170 12 0 -1 4 0 0 0 99 0 0 5.47616
1 1 170 12 0 -1 4 0 0 0 99 0 0 2.96187
1 2 170 1 0 -1 4 0 0 0 99 0 0 3.59044
1 2 170 2 0 -1 4 0 0 0 99 0 0 2.96187
t 1 170 -3 1 1 0 0 0 0 -2
_00Basso
1 1 170 5 0 0 4 0 0 -2
1 2 170 2 0 0 4 0 0 -2
1 1 170 110 0 1 4 0 0 -1.66
