#define SVG t 1 1 \n_99%svg%
t 2 10 14 1 1 0 0 0 0 -1.35
_00
8 1 0 0 0 200
8 2 0 -6 0 200
14 1 0 2
14 1 200 2
14 1 0 2 8
3 2 2
3 1 2 0 1
1 2 25 1 0 -1 4 0 0 0 99 0 0 2.9402
1 2 25 2 0 -1 4 0 0 0 99 0 0 3.54709
1 2 25 3 0 -1 4 0 0 0 99 0 0 3.54709
1 2 25 4 0 -1 4 0 0 0 99 0 0 9.00916
1 2 25 4 0 -1 4 0 0 0 99 0 0 5.36778
1 2 25 5 0 -1 4 0 0 0 99 0 0 15.0781
1 2 25 6 0 -1 4 0 0 0 99 0 0 19.9333
1 2 25 7 0 -1 4 0 0 0 99 0 0 16.2919
1 2 25 7 0 -1 4 0 0 0 99 0 0 3.54709
1 2 25 8 0 -1 4 0 0 0 99 0 0 7.79537
1 2 25 8 0 -1 4 0 0 0 99 0 0 5.97468
1 2 25 9 0 -1 4 0 0 0 99 0 0 10.8299
t 1 25 -3 1 1 0 0 0 0 -2
_00Canto
1 2 25 1 0 0 4 0 0 -2
1 2 25 9 0 0 4 0 0 -2
1 2 25 106 0 1 4 0 0 -1.66
1 1 61.25 10 0 -1 4 0 0 0 99 0 0 2.9402
1 1 61.25 11 0 -1 4 0 0 0 99 0 0 4.76089
1 1 61.25 12 0 -1 4 0 0 0 99 0 0 5.97468
1 1 61.25 12 0 -1 4 0 0 0 99 0 0 2.9402
1 2 61.25 1 0 -1 4 0 0 0 99 0 0 5.97468
1 2 61.25 1 0 -1 4 0 0 0 99 0 0 3.54709
1 2 61.25 2 0 -1 4 0 0 0 99 0 0 19.9333
1 2 61.25 3 0 -1 4 0 0 0 99 0 0 7.79537
1 2 61.25 3 0 -1 4 0 0 0 99 0 0 5.36778
1 2 61.25 4 0 -1 4 0 0 0 99 0 0 14.4712
1 2 61.25 4 0 -1 4 0 0 0 99 0 0 11.4367
1 2 61.25 5 0 -1 4 0 0 0 99 0 0 12.0436
1 2 61.25 6 0 -1 4 0 0 0 99 0 0 12.6505
t 1 61.25 -3 1 1 0 0 0 0 -2
_00Alto
1 1 61.25 10 0 0 4 0 0 -2
1 2 61.25 6 0 0 4 0 0 -2
1 2 61.25 104 0 1 4 0 0 -1.66
1 1 97.5 7 0 -1 4 0 0 0 99 0 0 3.39997
1 1 97.5 8 0 -1 4 0 0 0 99 0 0 2.86663
1 1 97.5 9 0 -1 4 0 0 0 99 0 0 6.06663
1 1 97.5 10 0 -1 4 0 0 0 99 0 0 12.4666
1 1 97.5 11 0 -1 4 0 0 0 99 0 0 19.9333
1 1 97.5 12 0 -1 4 0 0 0 99 0 0 9.79997
1 1 97.5 12 0 -1 4 0 0 0 99 0 0 3.39997
1 2 97.5 1 0 -1 4 0 0 0 99 0 0 7.1333
1 2 97.5 1 0 -1 4 0 0 0 99 0 0 3.39997
1 2 97.5 2 0 -1 4 0 0 0 99 0 0 12.4666
1 2 97.5 3 0 -1 4 0 0 0 99 0 0 3.39997
1 2 97.5 3 0 -1 4 0 0 0 99 0 0 4.99997
1 2 97.5 4 0 -1 4 0 0 0 99 0 0 5.5333
t 1 97.5 -3 1 1 0 0 0 0 -2
_00Tenore
1 1 97.5 7 0 0 4 0 0 -2
1 2 97.5 4 0 0 4 0 0 -2
1 1 97.5 111 0 1 4 0 0 -1.66
1 1 133.75 7 0 -1 4 0 0 0 99 0 0 6.1833
1 1 133.75 8 0 -1 4 0 0 0 99 0 0 2.8833
1 1 133.75 9 0 -1 4 0 0 0 99 0 0 5.6333
1 1 133.75 10 0 -1 4 0 0 0 99 0 0 6.1833
1 1 133.75 11 0 -1 4 0 0 0 99 0 0 4.5333
1 1 133.75 12 0 -1 4 0 0 0 99 0 0 7.8333
1 1 133.75 12 0 -1 4 0 0 0 99 0 0 2.8833
1 2 133.75 1 0 -1 4 0 0 0 99 0 0 12.2333
1 2 133.75 1 0 -1 4 0 0 0 99 0 0 3.4333
1 2 133.75 2 0 -1 4 0 0 0 99 0 0 19.9333
1 2 133.75 3 0 -1 4 0 0 0 99 0 0 3.9833
1 2 133.75 3 0 -1 4 0 0 0 99 0 0 7.2833
1 2 133.75 4 0 -1 4 0 0 0 99 0 0 10.0333
1 2 133.75 5 0 -1 4 0 0 0 99 0 0 3.4333
t 1 133.75 -3 1 1 0 0 0 0 -2
_00Quinto
1 1 133.75 7 0 0 4 0 0 -2
1 2 133.75 5 0 0 4 0 0 -2
1 2 133.75 102 0 1 4 0 0 -1.66
1 1 170 2 0 -1 4 0 0 0 99 0 0 3.28465
1 1 170 3 0 -1 4 0 0 0 99 0 0 8.04141
1 1 170 4 0 -1 4 0 0 0 99 0 0 5.66303
1 1 170 5 0 -1 4 0 0 0 99 0 0 8.04141
1 1 170 6 0 -1 4 0 0 0 99 0 0 8.04141
1 1 170 7 0 -1 4 0 0 0 99 0 0 19.9333
1 1 170 8 0 -1 4 0 0 0 99 0 0 4.71168
1 1 170 8 0 -1 4 0 0 0 99 0 0 3.28465
1 1 170 9 0 -1 4 0 0 0 99 0 0 7.09006
1 1 170 10 0 -1 4 0 0 0 99 0 0 6.13871
1 1 170 11 0 -1 4 0 0 0 99 0 0 4.71168
1 1 170 12 0 -1 4 0 0 0 99 0 0 3.28465
t 1 170 -3 1 1 0 0 0 0 -2
_00Basso
1 1 170 2 0 0 4 0 0 -2
1 1 170 12 0 0 4 0 0 -2
1 1 170 107 0 1 4 0 0 -1.66
