#define SVG t 1 1 \n_99%svg%
t 2 10 14 1 1 0 0 0 0 -1.35
_00
8 1 0 0 0 200
8 2 0 -6 0 200
14 1 0 2
14 1 200 2
14 1 0 2 8
3 2 2
3 1 2 0 1
1 2 25 4 0 -1 4 0 0 0 99 0 0 2.90104
1 2 25 5 0 -1 4 0 0 0 99 0 0 5.73975
1 2 25 6 0 -1 4 0 0 0 99 0 0 8.86233
1 2 25 7 0 -1 4 0 0 0 99 0 0 8.01072
1 2 25 7 0 -1 4 0 0 0 99 0 0 4.03653
1 2 25 8 0 -1 4 0 0 0 99 0 0 9.99782
1 2 25 8 0 -1 4 0 0 0 99 0 0 3.75265
1 2 25 9 0 -1 4 0 0 0 99 0 0 19.9333
1 2 25 10 0 -1 4 0 0 0 99 0 0 4.3204
1 2 25 10 0 -1 4 0 0 0 99 0 0 6.02362
1 2 25 11 0 -1 4 0 0 0 99 0 0 9.71395
1 2 25 11 0 -1 4 0 0 0 99 0 0 2.61717
1 2 25 12 0 -1 4 0 0 0 99 0 0 4.03653
1 2 25 13 0 -1 4 0 0 0 99 0 0 2.90104
t 1 25 -3 1 1 0 0 0 0 -2
_00Canto
1 2 25 4 0 0 4 0 0 -2
1 2 25 13 0 0 4 0 0 -2
1 2 25 109 0 1 4 0 0 -1.66
1 2 54 3 0 -1 4 0 0 0 99 0 0 2.65923
1 2 54 4 0 -1 4 0 0 0 99 0 0 3.31108
1 2 54 4 0 -1 4 0 0 0 99 0 0 3.637
1 2 54 5 0 -1 4 0 0 0 99 0 0 8.19997
1 2 54 6 0 -1 4 0 0 0 99 0 0 12.7629
1 2 54 7 0 -1 4 0 0 0 99 0 0 9.8296
1 2 54 7 0 -1 4 0 0 0 99 0 0 4.28886
1 2 54 8 0 -1 4 0 0 0 99 0 0 10.1555
1 2 54 8 0 -1 4 0 0 0 99 0 0 3.96293
1 2 54 9 0 -1 4 0 0 0 99 0 0 19.9333
1 2 54 10 0 -1 4 0 0 0 99 0 0 3.31108
1 2 54 10 0 -1 4 0 0 0 99 0 0 7.54811
1 2 54 11 0 -1 4 0 0 0 99 0 0 8.85182
1 2 54 11 0 -1 4 0 0 0 99 0 0 3.31108
1 2 54 12 0 -1 4 0 0 0 99 0 0 4.61478
1 2 54 13 0 -1 4 0 0 0 99 0 0 2.65923
t 1 54 -3 1 1 0 0 0 0 -2
_00Sesto
1 2 54 3 0 0 4 0 0 -2
1 2 54 13 0 0 4 0 0 -2
1 2 54 108 0 1 4 0 0 -1.66
1 1 83 10 0 -1 4 0 0 0 99 0 0 3.68715
1 1 83 12 0 -1 4 0 0 0 99 0 0 2.67176
1 1 83 12 0 -1 4 0 0 0 99 0 0 2.67176
1 2 83 1 0 -1 4 0 0 0 99 0 0 3.01022
1 2 83 1 0 -1 4 0 0 0 99 0 0 2.67176
1 2 83 2 0 -1 4 0 0 0 99 0 0 10.7948
1 2 83 3 0 -1 4 0 0 0 99 0 0 2.67176
1 2 83 3 0 -1 4 0 0 0 99 0 0 8.08715
1 2 83 4 0 -1 4 0 0 0 99 0 0 14.1795
1 2 83 4 0 -1 4 0 0 0 99 0 0 5.37945
1 2 83 5 0 -1 4 0 0 0 99 0 0 18.241
1 2 83 6 0 -1 4 0 0 0 99 0 0 19.9333
1 2 83 7 0 -1 4 0 0 0 99 0 0 12.4871
1 2 83 7 0 -1 4 0 0 0 99 0 0 2.67176
1 2 83 8 0 -1 4 0 0 0 99 0 0 8.08715
1 2 83 9 0 -1 4 0 0 0 99 0 0 2.67176
t 1 83 -3 1 1 0 0 0 0 -2
_00Alto
1 1 83 10 0 0 4 0 0 -2
1 2 83 9 0 0 4 0 0 -2
1 2 83 105 0 1 4 0 0 -1.66
1 1 112 10 0 -1 4 0 0 0 99 0 0 3.6211
1 1 112 11 0 -1 4 0 0 0 99 0 0 3.19184
1 1 112 12 0 -1 4 0 0 0 99 0 0 4.90891
1 2 112 1 0 -1 4 0 0 0 99 0 0 5.33818
1 2 112 1 0 -1 4 0 0 0 99 0 0 3.6211
1 2 112 2 0 -1 4 0 0 0 99 0 0 19.9333
1 2 112 3 0 -1 4 0 0 0 99 0 0 4.05037
1 2 112 3 0 -1 4 0 0 0 99 0 0 9.20159
1 2 112 4 0 -1 4 0 0 0 99 0 0 17.3577
1 2 112 4 0 -1 4 0 0 0 99 0 0 7.05525
1 2 112 5 0 -1 4 0 0 0 99 0 0 19.504
1 2 112 6 0 -1 4 0 0 0 99 0 0 15.6406
1 2 112 7 0 -1 4 0 0 0 99 0 0 10.4894
1 2 112 8 0 -1 4 0 0 0 99 0 0 6.62598
t 1 112 -3 1 1 0 0 0 0 -2
_00Quinto
1 1 112 10 0 0 4 0 0 -2
1 2 112 8 0 0 4 0 0 -2
1 2 112 104 0 1 4 0 0 -1.66
1 1 141 7 0 -1 4 0 0 0 99 0 0 3.01022
1 1 141 9 0 -1 4 0 0 0 99 0 0 4.36407
1 1 141 10 0 -1 4 0 0 0 99 0 0 9.44099
1 1 141 11 0 -1 4 0 0 0 99 0 0 10.7948
1 1 141 12 0 -1 4 0 0 0 99 0 0 11.4718
1 1 141 12 0 -1 4 0 0 0 99 0 0 2.67176
1 2 141 1 0 -1 4 0 0 0 99 0 0 12.1487
1 2 141 1 0 -1 4 0 0 0 99 0 0 3.68715
1 2 141 2 0 -1 4 0 0 0 99 0 0 19.9333
1 2 141 3 0 -1 4 0 0 0 99 0 0 3.34868
1 2 141 3 0 -1 4 0 0 0 99 0 0 7.74868
1 2 141 4 0 -1 4 0 0 0 99 0 0 10.4564
1 2 141 4 0 -1 4 0 0 0 99 0 0 3.34868
1 2 141 5 0 -1 4 0 0 0 99 0 0 7.41022
t 1 141 -3 1 1 0 0 0 0 -2
_00Tenore
1 1 141 7 0 0 4 0 0 -2
1 2 141 5 0 0 4 0 0 -2
1 2 141 101 0 1 4 0 0 -1.66
1 1 170 3 0 -1 4 0 0 0 99 0 0 4.18593
1 1 170 5 0 -1 4 0 0 0 99 0 0 5.11225
1 1 170 6 0 -1 4 0 0 0 99 0 0 7.89119
1 1 170 7 0 -1 4 0 0 0 99 0 0 19.9333
1 1 170 8 0 -1 4 0 0 0 99 0 0 5.11225
1 1 170 8 0 -1 4 0 0 0 99 0 0 6.96488
1 1 170 9 0 -1 4 0 0 0 99 0 0 9.74383
1 1 170 9 0 -1 4 0 0 0 99 0 0 4.18593
1 1 170 10 0 -1 4 0 0 0 99 0 0 17.6175
1 1 170 11 0 -1 4 0 0 0 99 0 0 12.0596
1 1 170 12 0 -1 4 0 0 0 99 0 0 10.207
1 2 170 1 0 -1 4 0 0 0 99 0 0 8.35435
1 2 170 1 0 -1 4 0 0 0 99 0 0 2.79646
1 2 170 2 0 -1 4 0 0 0 99 0 0 11.1333
t 1 170 -3 1 1 0 0 0 0 -2
_00Basso
1 1 170 3 0 0 4 0 0 -2
1 2 170 2 0 0 4 0 0 -2
1 1 170 110 0 1 4 0 0 -1.66
