#define SVG t 1 1 \n_99%svg%
t 2 10 14 1 1 0 0 0 0 -1.35
_00
8 1 0 0 0 200
8 2 0 -6 0 200
14 1 0 2
14 1 200 2
14 1 0 2 8
3 2 2
3 1 2 0 1
1 2 25 3 0 -1 4 0 0 0 99 0 0 9.17774
1 2 25 4 0 -1 4 0 0 0 99 0 0 6.24441
1 2 25 4 0 -1 4 0 0 0 99 0 0 4.28886
1 2 25 5 0 -1 4 0 0 0 99 0 0 9.17774
1 2 25 6 0 -1 4 0 0 0 99 0 0 5.26663
1 2 25 6 0 -1 4 0 0 0 99 0 0 19.9333
1 2 25 7 0 -1 4 0 0 0 99 0 0 17.9777
1 2 25 8 0 -1 4 0 0 0 99 0 0 17.9777
1 2 25 9 0 -1 4 0 0 0 99 0 0 14.0666
1 2 25 10 0 -1 4 0 0 0 99 0 0 11.1333
t 1 25 -3 1 1 0 0 0 0 -2
_00Canto
1 2 25 3 0 0 4 0 0 -2
1 2 25 10 0 0 4 0 0 -2
1 2 25 107 0 1 4 0 0 -1.66
1 1 73.3333 11 0 -1 4 0 0 0 99 0 0 3.84187
1 1 73.3333 12 0 -1 4 0 0 0 99 0 0 6.35616
1 2 73.3333 1 0 -1 4 0 0 0 99 0 0 5.8533
1 2 73.3333 1 0 -1 4 0 0 0 99 0 0 4.34473
1 2 73.3333 2 0 -1 4 0 0 0 99 0 0 12.3904
1 2 73.3333 3 0 -1 4 0 0 0 99 0 0 2.83616
1 2 73.3333 3 0 -1 4 0 0 0 99 0 0 19.9333
1 2 73.3333 4 0 -1 4 0 0 0 99 0 0 12.3904
1 2 73.3333 4 0 -1 4 0 0 0 99 0 0 3.84187
1 2 73.3333 5 0 -1 4 0 0 0 99 0 0 14.4019
1 2 73.3333 6 0 -1 4 0 0 0 99 0 0 3.33901
1 2 73.3333 6 0 -1 4 0 0 0 99 0 0 4.84759
t 1 73.3333 -3 1 1 0 0 0 0 -2
_00Alto
1 1 73.3333 11 0 0 4 0 0 -2
1 2 73.3333 6 0 0 4 0 0 -2
1 2 73.3333 103 0 1 4 0 0 -1.66
1 1 121.667 4 0 -1 4 0 0 0 99 0 0 4.15399
1 1 121.667 6 0 -1 4 0 0 0 99 0 0 2.9402
1 1 121.667 7 0 -1 4 0 0 0 99 0 0 4.76089
1 1 121.667 8 0 -1 4 0 0 0 99 0 0 8.40227
1 1 121.667 9 0 -1 4 0 0 0 99 0 0 7.18847
1 1 121.667 9 0 -1 4 0 0 0 99 0 0 3.54709
1 1 121.667 10 0 -1 4 0 0 0 99 0 0 16.8988
1 1 121.667 11 0 -1 4 0 0 0 99 0 0 4.76089
1 1 121.667 11 0 -1 4 0 0 0 99 0 0 19.9333
1 1 121.667 12 0 -1 4 0 0 0 99 0 0 10.8299
1 2 121.667 1 0 -1 4 0 0 0 99 0 0 9.61606
1 2 121.667 1 0 -1 4 0 0 0 99 0 0 2.9402
1 2 121.667 2 0 -1 4 0 0 0 99 0 0 4.15399
1 2 121.667 3 0 -1 4 0 0 0 99 0 0 5.36778
t 1 121.667 -3 1 1 0 0 0 0 -2
_00Tenore
1 1 121.667 4 0 0 4 0 0 -2
1 2 121.667 3 0 0 4 0 0 -2
1 1 121.667 111 0 1 4 0 0 -1.66
1 1 170 6 0 -1 4 0 0 0 99 0 0 3.0373
1 1 170 7 0 -1 4 0 0 0 99 0 0 3.0373
1 1 170 8 0 -1 4 0 0 0 99 0 0 3.7413
1 1 170 8 0 -1 4 0 0 0 99 0 0 6.5573
1 1 170 9 0 -1 4 0 0 0 99 0 0 3.7413
1 1 170 9 0 -1 4 0 0 0 99 0 0 4.4453
1 1 170 10 0 -1 4 0 0 0 99 0 0 7.9653
1 1 170 11 0 -1 4 0 0 0 99 0 0 5.1493
1 1 170 11 0 -1 4 0 0 0 99 0 0 19.9333
1 1 170 12 0 -1 4 0 0 0 99 0 0 17.1173
1 2 170 1 0 -1 4 0 0 0 99 0 0 19.9333
1 2 170 2 0 -1 4 0 0 0 99 0 0 16.4133
1 2 170 3 0 -1 4 0 0 0 99 0 0 15.7093
t 1 170 -3 1 1 0 0 0 0 -2
_00Quinto
1 1 170 6 0 0 4 0 0 -2
1 2 170 3 0 0 4 0 0 -2
1 1 170 112 0 1 4 0 0 -1.66
