#define SVG t 1 1 \n_99%svg%
t 2 10 14 1 1 0 0 0 0 -1.35
_00
8 1 0 0 0 200
8 2 0 -6 0 200
14 1 0 2
14 1 200 2
14 1 0 2 8
3 2 2
3 1 2 0 1
1 1 25 11 0 -1 4 0 0 0 99 0 0 2.96187
1 2 25 2 0 -1 4 0 0 0 99 0 0 3.59044
1 2 25 3 0 -1 4 0 0 0 99 0 0 8.61901
1 2 25 4 0 -1 4 0 0 0 99 0 0 7.99044
1 2 25 5 0 -1 4 0 0 0 99 0 0 16.7904
1 2 25 6 0 -1 4 0 0 0 99 0 0 5.47616
1 2 25 6 0 -1 4 0 0 0 99 0 0 19.9333
1 2 25 7 0 -1 4 0 0 0 99 0 0 19.9333
1 2 25 8 0 -1 4 0 0 0 99 0 0 14.9047
1 2 25 9 0 -1 4 0 0 0 99 0 0 6.10473
1 2 25 10 0 -1 4 0 0 0 99 0 0 2.96187
t 1 25 -3 1 1 0 0 0 0 -2
_00Canto
1 1 25 11 0 0 4 0 0 -2
1 2 25 10 0 0 4 0 0 -2
1 2 25 106 0 1 4 0 0 -1.66
1 1 61.25 10 0 -1 4 0 0 0 99 0 0 2.7733
1 1 61.25 11 0 -1 4 0 0 0 99 0 0 4.5333
1 1 61.25 12 0 -1 4 0 0 0 99 0 0 6.2933
1 2 61.25 1 0 -1 4 0 0 0 99 0 0 8.0533
1 2 61.25 2 0 -1 4 0 0 0 99 0 0 8.0533
1 2 61.25 3 0 -1 4 0 0 0 99 0 0 19.9333
1 2 61.25 4 0 -1 4 0 0 0 99 0 0 5.8533
1 2 61.25 4 0 -1 4 0 0 0 99 0 0 4.0933
1 2 61.25 5 0 -1 4 0 0 0 99 0 0 9.8133
1 2 61.25 6 0 -1 4 0 0 0 99 0 0 3.6533
t 1 61.25 -3 1 1 0 0 0 0 -2
_00Alto
1 1 61.25 10 0 0 4 0 0 -2
1 2 61.25 6 0 0 4 0 0 -2
1 2 61.25 103 0 1 4 0 0 -1.66
1 1 97.5 6 0 -1 4 0 0 0 99 0 0 2.8833
1 1 97.5 7 0 -1 4 0 0 0 99 0 0 3.4333
1 1 97.5 8 0 -1 4 0 0 0 99 0 0 8.9333
1 1 97.5 9 0 -1 4 0 0 0 99 0 0 6.1833
1 1 97.5 10 0 -1 4 0 0 0 99 0 0 13.3333
1 1 97.5 11 0 -1 4 0 0 0 99 0 0 5.0833
1 1 97.5 11 0 -1 4 0 0 0 99 0 0 19.9333
1 1 97.5 12 0 -1 4 0 0 0 99 0 0 13.3333
1 2 97.5 1 0 -1 4 0 0 0 99 0 0 16.6333
1 2 97.5 1 0 -1 4 0 0 0 99 0 0 3.9833
1 2 97.5 2 0 -1 4 0 0 0 99 0 0 6.1833
1 2 97.5 3 0 -1 4 0 0 0 99 0 0 5.0833
t 1 97.5 -3 1 1 0 0 0 0 -2
_00Tenore
1 1 97.5 6 0 0 4 0 0 -2
1 2 97.5 3 0 0 4 0 0 -2
1 1 97.5 111 0 1 4 0 0 -1.66
1 1 133.75 6 0 -1 4 0 0 0 99 0 0 3.1714
1 1 133.75 8 0 -1 4 0 0 0 99 0 0 8.19997
1 1 133.75 9 0 -1 4 0 0 0 99 0 0 4.84759
1 1 133.75 10 0 -1 4 0 0 0 99 0 0 9.87616
1 1 133.75 11 0 -1 4 0 0 0 99 0 0 4.00949
1 1 133.75 11 0 -1 4 0 0 0 99 0 0 19.9333
1 1 133.75 12 0 -1 4 0 0 0 99 0 0 11.5523
1 2 133.75 1 0 -1 4 0 0 0 99 0 0 15.7428
1 2 133.75 2 0 -1 4 0 0 0 99 0 0 16.5809
1 2 133.75 3 0 -1 4 0 0 0 99 0 0 19.0952
1 2 133.75 4 0 -1 4 0 0 0 99 0 0 5.68568
t 1 133.75 -3 1 1 0 0 0 0 -2
_00Quinto
1 1 133.75 6 0 0 4 0 0 -2
1 2 133.75 4 0 0 4 0 0 -2
1 2 133.75 101 0 1 4 0 0 -1.66
1 1 170 4 0 -1 4 0 0 0 99 0 0 6.5573
1 1 170 5 0 -1 4 0 0 0 99 0 0 3.7413
1 1 170 6 0 -1 4 0 0 0 99 0 0 12.1893
1 1 170 7 0 -1 4 0 0 0 99 0 0 12.1893
1 1 170 8 0 -1 4 0 0 0 99 0 0 19.9333
1 1 170 9 0 -1 4 0 0 0 99 0 0 12.8933
1 1 170 10 0 -1 4 0 0 0 99 0 0 12.1893
1 1 170 11 0 -1 4 0 0 0 99 0 0 10.0773
1 1 170 12 0 -1 4 0 0 0 99 0 0 4.4453
1 2 170 1 0 -1 4 0 0 0 99 0 0 3.7413
t 1 170 -3 1 1 0 0 0 0 -2
_00Basso
1 1 170 4 0 0 4 0 0 -2
1 2 170 1 0 0 4 0 0 -2
1 1 170 108 0 1 4 0 0 -1.66
