#define SVG t 1 1 \n_99%svg%
t 2 10 14 1 1 0 0 0 0 -1.35
_00
8 1 0 0 0 200
8 2 0 -6 0 200
14 1 0 2
14 1 200 2
14 1 0 2 8
3 2 2
3 1 2 0 1
1 2 25 2 0 -1 4 0 0 0 99 0 0 2.90104
1 2 25 3 0 -1 4 0 0 0 99 0 0 2.61717
1 2 25 3 0 -1 4 0 0 0 99 0 0 2.61717
1 2 25 4 0 -1 4 0 0 0 99 0 0 4.03653
1 2 25 5 0 -1 4 0 0 0 99 0 0 6.30749
1 2 25 6 0 -1 4 0 0 0 99 0 0 9.99782
1 2 25 7 0 -1 4 0 0 0 99 0 0 13.972
1 2 25 7 0 -1 4 0 0 0 99 0 0 4.03653
1 2 25 8 0 -1 4 0 0 0 99 0 0 16.8107
1 2 25 9 0 -1 4 0 0 0 99 0 0 19.9333
1 2 25 10 0 -1 4 0 0 0 99 0 0 3.46878
1 2 25 10 0 -1 4 0 0 0 99 0 0 7.72685
1 2 25 11 0 -1 4 0 0 0 99 0 0 9.1462
1 2 25 12 0 -1 4 0 0 0 99 0 0 3.18491
1 2 25 13 0 -1 4 0 0 0 99 0 0 2.90104
t 1 25 -3 1 1 0 0 0 0 -2
_00Canto
1 2 25 2 0 0 4 0 0 -2
1 2 25 13 0 0 4 0 0 -2
1 2 25 108 0 1 4 0 0 -1.66
1 1 61.25 11 0 -1 4 0 0 0 99 0 0 2.63161
1 2 61.25 1 0 -1 4 0 0 0 99 0 0 2.92991
1 2 61.25 2 0 -1 4 0 0 0 99 0 0 3.82483
1 2 61.25 3 0 -1 4 0 0 0 99 0 0 2.63161
1 2 61.25 3 0 -1 4 0 0 0 99 0 0 4.71974
1 2 61.25 4 0 -1 4 0 0 0 99 0 0 14.5638
1 2 61.25 4 0 -1 4 0 0 0 99 0 0 4.12313
1 2 61.25 5 0 -1 4 0 0 0 99 0 0 19.9333
1 2 61.25 6 0 -1 4 0 0 0 99 0 0 18.1435
1 2 61.25 7 0 -1 4 0 0 0 99 0 0 12.4757
1 2 61.25 7 0 -1 4 0 0 0 99 0 0 2.63161
1 2 61.25 8 0 -1 4 0 0 0 99 0 0 9.49262
1 2 61.25 8 0 -1 4 0 0 0 99 0 0 3.22822
1 2 61.25 9 0 -1 4 0 0 0 99 0 0 8.59771
1 2 61.25 10 0 -1 4 0 0 0 99 0 0 2.63161
1 2 61.25 11 0 -1 4 0 0 0 99 0 0 2.92991
t 1 61.25 -3 1 1 0 0 0 0 -2
_00Quinto
1 1 61.25 11 0 0 4 0 0 -2
1 2 61.25 11 0 0 4 0 0 -2
1 2 61.25 106 0 1 4 0 0 -1.66
1 1 97.5 10 0 -1 4 0 0 0 99 0 0 3.18491
1 1 97.5 11 0 -1 4 0 0 0 99 0 0 3.18491
1 1 97.5 12 0 -1 4 0 0 0 99 0 0 4.3204
1 1 97.5 12 0 -1 4 0 0 0 99 0 0 3.18491
1 2 97.5 1 0 -1 4 0 0 0 99 0 0 8.01072
1 2 97.5 1 0 -1 4 0 0 0 99 0 0 3.18491
1 2 97.5 2 0 -1 4 0 0 0 99 0 0 19.9333
1 2 97.5 3 0 -1 4 0 0 0 99 0 0 5.45588
1 2 97.5 3 0 -1 4 0 0 0 99 0 0 6.87524
1 2 97.5 4 0 -1 4 0 0 0 99 0 0 16.243
1 2 97.5 4 0 -1 4 0 0 0 99 0 0 2.61717
1 2 97.5 5 0 -1 4 0 0 0 99 0 0 11.701
1 2 97.5 6 0 -1 4 0 0 0 99 0 0 9.1462
1 2 97.5 7 0 -1 4 0 0 0 99 0 0 7.44298
1 2 97.5 8 0 -1 4 0 0 0 99 0 0 4.3204
1 2 97.5 9 0 -1 4 0 0 0 99 0 0 2.90104
t 1 97.5 -3 1 1 0 0 0 0 -2
_00Alto
1 1 97.5 10 0 0 4 0 0 -2
1 2 97.5 9 0 0 4 0 0 -2
1 2 97.5 104 0 1 4 0 0 -1.66
1 1 133.75 9 0 -1 4 0 0 0 99 0 0 4.80348
1 1 133.75 10 0 -1 4 0 0 0 99 0 0 10.9789
1 1 133.75 11 0 -1 4 0 0 0 99 0 0 10.0526
1 1 133.75 12 0 -1 4 0 0 0 99 0 0 19.9333
1 1 133.75 12 0 -1 4 0 0 0 99 0 0 2.95084
1 2 133.75 1 0 -1 4 0 0 0 99 0 0 12.214
1 2 133.75 2 0 -1 4 0 0 0 99 0 0 12.214
1 2 133.75 3 0 -1 4 0 0 0 99 0 0 3.25962
1 2 133.75 3 0 -1 4 0 0 0 99 0 0 7.27365
1 2 133.75 4 0 -1 4 0 0 0 99 0 0 10.9789
1 2 133.75 4 0 -1 4 0 0 0 99 0 0 2.95084
1 2 133.75 5 0 -1 4 0 0 0 99 0 0 4.80348
1 2 133.75 6 0 -1 4 0 0 0 99 0 0 3.25962
t 1 133.75 -3 1 1 0 0 0 0 -2
_00Tenore
1 1 133.75 9 0 0 4 0 0 -2
1 2 133.75 6 0 0 4 0 0 -2
1 2 133.75 101 0 1 4 0 0 -1.66
1 1 170 4 0 -1 4 0 0 0 99 0 0 2.7733
1 1 170 5 0 -1 4 0 0 0 99 0 0 9.8133
1 1 170 6 0 -1 4 0 0 0 99 0 0 8.4933
1 1 170 7 0 -1 4 0 0 0 99 0 0 11.5733
1 1 170 8 0 -1 4 0 0 0 99 0 0 7.6133
1 1 170 8 0 -1 4 0 0 0 99 0 0 4.5333
1 1 170 9 0 -1 4 0 0 0 99 0 0 18.6133
1 1 170 10 0 -1 4 0 0 0 99 0 0 19.9333
1 1 170 11 0 -1 4 0 0 0 99 0 0 7.6133
1 1 170 12 0 -1 4 0 0 0 99 0 0 10.2533
1 1 170 12 0 -1 4 0 0 0 99 0 0 3.6533
1 2 170 1 0 -1 4 0 0 0 99 0 0 8.0533
1 2 170 2 0 -1 4 0 0 0 99 0 0 5.8533
t 1 170 -3 1 1 0 0 0 0 -2
_00Basso
1 1 170 4 0 0 4 0 0 -2
1 2 170 2 0 0 4 0 0 -2
1 1 170 109 0 1 4 0 0 -1.66
