#define SVG t 1 1 \n_99%svg%
t 2 10 14 1 1 0 0 0 0 -1.35
_00
8 1 0 0 0 200
8 2 0 -6 0 200
14 1 0 2
14 1 200 2
14 1 0 2 8
3 2 2
3 1 2 0 1
1 2 25 3 0 -1 4 0 0 0 99 0 0 2.83616
1 2 25 6 0 -1 4 0 0 0 99 0 0 3.33901
1 2 25 6 0 -1 4 0 0 0 99 0 0 10.8819
1 2 25 7 0 -1 4 0 0 0 99 0 0 14.9047
1 2 25 8 0 -1 4 0 0 0 99 0 0 16.9162
1 2 25 8 0 -1 4 0 0 0 99 0 0 3.84187
1 2 25 9 0 -1 4 0 0 0 99 0 0 12.3904
1 2 25 10 0 -1 4 0 0 0 99 0 0 19.9333
1 2 25 11 0 -1 4 0 0 0 99 0 0 8.87044
1 2 25 11 0 -1 4 0 0 0 99 0 0 2.83616
1 2 25 12 0 -1 4 0 0 0 99 0 0 4.84759
1 2 25 13 0 -1 4 0 0 0 99 0 0 2.83616
t 1 25 -3 1 1 0 0 0 0 -2
_00Canto
1 2 25 3 0 0 4 0 0 -2
1 2 25 13 0 0 4 0 0 -2
1 2 25 108 0 1 4 0 0 -1.66
1 2 73.3333 1 0 -1 4 0 0 0 99 0 0 4.58971
1 2 73.3333 2 0 -1 4 0 0 0 99 0 0 6.39484
1 2 73.3333 3 0 -1 4 0 0 0 99 0 0 13.1641
1 2 73.3333 4 0 -1 4 0 0 0 99 0 0 6.39484
1 2 73.3333 5 0 -1 4 0 0 0 99 0 0 10.4564
1 2 73.3333 6 0 -1 4 0 0 0 99 0 0 7.2974
1 2 73.3333 6 0 -1 4 0 0 0 99 0 0 19.9333
1 2 73.3333 7 0 -1 4 0 0 0 99 0 0 14.0666
1 2 73.3333 8 0 -1 4 0 0 0 99 0 0 14.5179
1 2 73.3333 8 0 -1 4 0 0 0 99 0 0 3.23586
1 2 73.3333 9 0 -1 4 0 0 0 99 0 0 2.78458
t 1 73.3333 -3 1 1 0 0 0 0 -2
_00Alto
1 2 73.3333 1 0 0 4 0 0 -2
1 2 73.3333 9 0 0 4 0 0 -2
1 2 73.3333 106 0 1 4 0 0 -1.66
1 1 121.667 10 0 -1 4 0 0 0 99 0 0 2.9402
1 1 121.667 11 0 -1 4 0 0 0 99 0 0 3.54709
1 1 121.667 11 0 -1 4 0 0 0 99 0 0 11.4367
1 1 121.667 12 0 -1 4 0 0 0 99 0 0 9.61606
1 2 121.667 1 0 -1 4 0 0 0 99 0 0 18.1126
1 2 121.667 1 0 -1 4 0 0 0 99 0 0 3.54709
1 2 121.667 2 0 -1 4 0 0 0 99 0 0 9.61606
1 2 121.667 3 0 -1 4 0 0 0 99 0 0 19.9333
1 2 121.667 4 0 -1 4 0 0 0 99 0 0 9.00916
1 2 121.667 4 0 -1 4 0 0 0 99 0 0 4.76089
1 2 121.667 5 0 -1 4 0 0 0 99 0 0 16.2919
1 2 121.667 6 0 -1 4 0 0 0 99 0 0 5.97468
1 2 121.667 6 0 -1 4 0 0 0 99 0 0 12.0436
t 1 121.667 -3 1 1 0 0 0 0 -2
_00Tenore
1 1 121.667 10 0 0 4 0 0 -2
1 2 121.667 6 0 0 4 0 0 -2
1 2 121.667 103 0 1 4 0 0 -1.66
1 1 170 6 0 -1 4 0 0 0 99 0 0 5.8533
1 1 170 7 0 -1 4 0 0 0 99 0 0 4.4453
1 1 170 8 0 -1 4 0 0 0 99 0 0 9.3733
1 1 170 9 0 -1 4 0 0 0 99 0 0 12.1893
1 1 170 10 0 -1 4 0 0 0 99 0 0 10.0773
1 1 170 11 0 -1 4 0 0 0 99 0 0 19.9333
1 1 170 12 0 -1 4 0 0 0 99 0 0 9.3733
1 2 170 1 0 -1 4 0 0 0 99 0 0 14.3013
1 2 170 1 0 -1 4 0 0 0 99 0 0 3.7413
1 2 170 2 0 -1 4 0 0 0 99 0 0 5.8533
1 2 170 3 0 -1 4 0 0 0 99 0 0 5.8533
t 1 170 -3 1 1 0 0 0 0 -2
_00Basso
1 1 170 6 0 0 4 0 0 -2
1 2 170 3 0 0 4 0 0 -2
1 1 170 111 0 1 4 0 0 -1.66
