#define SVG t 1 1 \n_99%svg%
t 2 10 14 1 1 0 0 0 0 -1.35
_00
8 1 0 0 0 200
8 2 0 -6 0 200
14 1 0 2
14 1 200 2
14 1 0 2 8
3 2 2
3 1 2 0 1
1 2 25 5 0 -1 4 0 0 0 99 0 0 4.9899
1 2 25 6 0 -1 4 0 0 0 99 0 0 7.31443
1 2 25 7 0 -1 4 0 0 0 99 0 0 2.66538
1 2 25 7 0 -1 4 0 0 0 99 0 0 6.65028
1 2 25 8 0 -1 4 0 0 0 99 0 0 9.30688
1 2 25 8 0 -1 4 0 0 0 99 0 0 4.32575
1 2 25 9 0 -1 4 0 0 0 99 0 0 19.9333
1 2 25 10 0 -1 4 0 0 0 99 0 0 15.2842
1 2 25 11 0 -1 4 0 0 0 99 0 0 8.64273
1 2 25 11 0 -1 4 0 0 0 99 0 0 2.99745
1 2 25 12 0 -1 4 0 0 0 99 0 0 10.6352
1 2 25 13 0 -1 4 0 0 0 99 0 0 3.32953
t 1 25 -3 1 1 0 0 0 0 -2
_00Canto
1 2 25 5 0 0 4 0 0 -2
1 2 25 13 0 0 4 0 0 -2
1 2 25 109 0 1 4 0 0 -1.66
1 2 54 2 0 -1 4 0 0 0 99 0 0 2.7426
1 2 54 5 0 -1 4 0 0 0 99 0 0 6.01702
1 2 54 6 0 -1 4 0 0 0 99 0 0 10.9286
1 2 54 7 0 -1 4 0 0 0 99 0 0 14.6124
1 2 54 8 0 -1 4 0 0 0 99 0 0 13.7938
1 2 54 8 0 -1 4 0 0 0 99 0 0 6.42632
1 2 54 9 0 -1 4 0 0 0 99 0 0 19.9333
1 2 54 10 0 -1 4 0 0 0 99 0 0 14.2031
1 2 54 11 0 -1 4 0 0 0 99 0 0 7.24493
1 2 54 11 0 -1 4 0 0 0 99 0 0 3.1519
1 2 54 12 0 -1 4 0 0 0 99 0 0 8.88214
1 2 54 13 0 -1 4 0 0 0 99 0 0 3.1519
t 1 54 -3 1 1 0 0 0 0 -2
_00Sesto
1 2 54 2 0 0 4 0 0 -2
1 2 54 13 0 0 4 0 0 -2
1 2 54 109 0 1 4 0 0 -1.66
1 1 83 10 0 -1 4 0 0 0 99 0 0 2.69997
1 2 83 1 0 -1 4 0 0 0 99 0 0 3.4333
1 2 83 1 0 -1 4 0 0 0 99 0 0 2.69997
1 2 83 2 0 -1 4 0 0 0 99 0 0 7.09997
1 2 83 3 0 -1 4 0 0 0 99 0 0 7.8333
1 2 83 4 0 -1 4 0 0 0 99 0 0 7.09997
1 2 83 4 0 -1 4 0 0 0 99 0 0 5.6333
1 2 83 5 0 -1 4 0 0 0 99 0 0 19.9333
1 2 83 6 0 -1 4 0 0 0 99 0 0 3.79997
1 2 83 6 0 -1 4 0 0 0 99 0 0 19.9333
1 2 83 7 0 -1 4 0 0 0 99 0 0 4.89997
1 2 83 7 0 -1 4 0 0 0 99 0 0 8.19997
1 2 83 8 0 -1 4 0 0 0 99 0 0 6.7333
1 2 83 9 0 -1 4 0 0 0 99 0 0 4.16663
1 2 83 10 0 -1 4 0 0 0 99 0 0 2.69997
t 1 83 -3 1 1 0 0 0 0 -2
_00Alto
1 1 83 10 0 0 4 0 0 -2
1 2 83 10 0 0 4 0 0 -2
1 2 83 105 0 1 4 0 0 -1.66
1 1 112 10 0 -1 4 0 0 0 99 0 0 4.236
1 1 112 11 0 -1 4 0 0 0 99 0 0 9.94411
1 1 112 12 0 -1 4 0 0 0 99 0 0 2.80898
1 1 112 12 0 -1 4 0 0 0 99 0 0 7.09006
1 2 112 1 0 -1 4 0 0 0 99 0 0 12.7982
1 2 112 1 0 -1 4 0 0 0 99 0 0 4.236
1 2 112 2 0 -1 4 0 0 0 99 0 0 19.9333
1 2 112 3 0 -1 4 0 0 0 99 0 0 15.6522
1 2 112 4 0 -1 4 0 0 0 99 0 0 7.09006
1 2 112 4 0 -1 4 0 0 0 99 0 0 4.236
1 2 112 5 0 -1 4 0 0 0 99 0 0 8.04141
1 2 112 6 0 -1 4 0 0 0 99 0 0 7.09006
t 1 112 -3 1 1 0 0 0 0 -2
_00Tenore
1 1 112 10 0 0 4 0 0 -2
1 2 112 6 0 0 4 0 0 -2
1 2 112 102 0 1 4 0 0 -1.66
1 1 141 10 0 -1 4 0 0 0 99 0 0 7.1333
1 1 141 11 0 -1 4 0 0 0 99 0 0 9.5333
1 1 141 12 0 -1 4 0 0 0 99 0 0 8.3333
1 2 141 1 0 -1 4 0 0 0 99 0 0 11.9333
1 2 141 1 0 -1 4 0 0 0 99 0 0 4.3333
1 2 141 2 0 -1 4 0 0 0 99 0 0 19.9333
1 2 141 3 0 -1 4 0 0 0 99 0 0 14.7333
1 2 141 4 0 -1 4 0 0 0 99 0 0 9.1333
1 2 141 4 0 -1 4 0 0 0 99 0 0 3.1333
1 2 141 5 0 -1 4 0 0 0 99 0 0 7.5333
1 2 141 6 0 -1 4 0 0 0 99 0 0 2.7333
1 2 141 6 0 -1 4 0 0 0 99 0 0 6.7333
1 2 141 7 0 -1 4 0 0 0 99 0 0 2.7333
t 1 141 -3 1 1 0 0 0 0 -2
_00Quinto
1 1 141 10 0 0 4 0 0 -2
1 2 141 7 0 0 4 0 0 -2
1 2 141 102 0 1 4 0 0 -1.66
1 1 170 4 0 -1 4 0 0 0 99 0 0 2.91997
1 1 170 6 0 -1 4 0 0 0 99 0 0 10.5466
1 1 170 7 0 -1 4 0 0 0 99 0 0 9.95997
1 1 170 8 0 -1 4 0 0 0 99 0 0 11.1333
1 1 170 9 0 -1 4 0 0 0 99 0 0 11.72
1 1 170 9 0 -1 4 0 0 0 99 0 0 4.0933
1 1 170 10 0 -1 4 0 0 0 99 0 0 19.9333
1 1 170 11 0 -1 4 0 0 0 99 0 0 12.8933
1 1 170 12 0 -1 4 0 0 0 99 0 0 4.0933
1 1 170 12 0 -1 4 0 0 0 99 0 0 5.8533
1 2 170 1 0 -1 4 0 0 0 99 0 0 8.19997
1 2 170 2 0 -1 4 0 0 0 99 0 0 7.6133
t 1 170 -3 1 1 0 0 0 0 -2
_00Basso
1 1 170 4 0 0 4 0 0 -2
1 2 170 2 0 0 4 0 0 -2
1 1 170 110 0 1 4 0 0 -1.66
