#define SVG t 1 1 \n_99%svg%
t 2 10 14 1 1 0 0 0 0 -1.35
_00
8 1 0 0 0 200
8 2 0 -6 0 200
14 1 0 2
14 1 200 2
14 1 0 2 8
3 2 2
3 1 2 0 1
1 2 25 1 0 -1 4 0 0 0 99 0 0 8.19997
1 2 25 2 0 -1 4 0 0 0 99 0 0 12.1111
1 2 25 3 0 -1 4 0 0 0 99 0 0 14.0666
1 2 25 4 0 -1 4 0 0 0 99 0 0 6.24441
1 2 25 5 0 -1 4 0 0 0 99 0 0 12.1111
1 2 25 6 0 -1 4 0 0 0 99 0 0 19.9333
1 2 25 7 0 -1 4 0 0 0 99 0 0 5.26663
1 2 25 7 0 -1 4 0 0 0 99 0 0 9.17774
1 2 25 8 0 -1 4 0 0 0 99 0 0 11.1333
t 1 25 -3 1 1 0 0 0 0 -2
_00Alto
1 2 25 1 0 0 4 0 0 -2
1 2 25 8 0 0 4 0 0 -2
1 2 25 105 0 1 4 0 0 -1.66
1 1 97.5 10 0 -1 4 0 0 0 99 0 0 8.81751
1 1 97.5 11 0 -1 4 0 0 0 99 0 0 10.6701
1 1 97.5 12 0 -1 4 0 0 0 99 0 0 7.89119
1 2 97.5 1 0 -1 4 0 0 0 99 0 0 19.9333
1 2 97.5 1 0 -1 4 0 0 0 99 0 0 3.25962
1 2 97.5 2 0 -1 4 0 0 0 99 0 0 19.007
1 2 97.5 3 0 -1 4 0 0 0 99 0 0 16.228
1 2 97.5 4 0 -1 4 0 0 0 99 0 0 6.03856
1 2 97.5 4 0 -1 4 0 0 0 99 0 0 6.03856
1 2 97.5 5 0 -1 4 0 0 0 99 0 0 15.3017
1 2 97.5 6 0 -1 4 0 0 0 99 0 0 6.03856
t 1 97.5 -3 1 1 0 0 0 0 -2
_00Tenore
1 1 97.5 10 0 0 4 0 0 -2
1 2 97.5 6 0 0 4 0 0 -2
1 2 97.5 102 0 1 4 0 0 -1.66
1 1 170 10 0 -1 4 0 0 0 99 0 0 3.68715
1 1 170 11 0 -1 4 0 0 0 99 0 0 7.07176
1 1 170 12 0 -1 4 0 0 0 99 0 0 5.71792
1 2 170 1 0 -1 4 0 0 0 99 0 0 11.8102
1 2 170 1 0 -1 4 0 0 0 99 0 0 3.01022
1 2 170 2 0 -1 4 0 0 0 99 0 0 12.4871
1 2 170 3 0 -1 4 0 0 0 99 0 0 13.841
1 2 170 4 0 -1 4 0 0 0 99 0 0 11.1333
1 2 170 4 0 -1 4 0 0 0 99 0 0 5.04099
1 2 170 5 0 -1 4 0 0 0 99 0 0 19.9333
1 2 170 6 0 -1 4 0 0 0 99 0 0 7.07176
t 1 170 -3 1 1 0 0 0 0 -2
_00Quinto
1 1 170 10 0 0 4 0 0 -2
1 2 170 6 0 0 4 0 0 -2
1 2 170 103 0 1 4 0 0 -1.66
