#define SVG t 1 1 \n_99%svg%
t 2 10 14 1 1 0 0 0 0 -1.35
_00
8 1 0 0 0 200
8 2 0 -6 0 200
14 1 0 2
14 1 200 2
14 1 0 2 8
3 2 2
3 1 2 0 1
1 2 25 2 0 -1 4 0 0 0 99 0 0 3.1519
1 2 25 3 0 -1 4 0 0 0 99 0 0 4.37981
1 2 25 4 0 -1 4 0 0 0 99 0 0 4.37981
1 2 25 4 0 -1 4 0 0 0 99 0 0 9.29144
1 2 25 5 0 -1 4 0 0 0 99 0 0 12.5659
1 2 25 6 0 -1 4 0 0 0 99 0 0 19.9333
1 2 25 7 0 -1 4 0 0 0 99 0 0 13.3845
1 2 25 7 0 -1 4 0 0 0 99 0 0 7.65423
1 2 25 8 0 -1 4 0 0 0 99 0 0 14.2031
1 2 25 8 0 -1 4 0 0 0 99 0 0 3.1519
1 2 25 9 0 -1 4 0 0 0 99 0 0 10.9286
t 1 25 -3 1 1 0 0 0 0 -2
_00Canto
1 2 25 2 0 0 4 0 0 -2
1 2 25 9 0 0 4 0 0 -2
1 2 25 106 0 1 4 0 0 -1.66
1 1 170 2 0 -1 4 0 0 0 99 0 0 2.90104
1 1 170 3 0 -1 4 0 0 0 99 0 0 9.1462
1 1 170 4 0 -1 4 0 0 0 99 0 0 7.44298
1 1 170 5 0 -1 4 0 0 0 99 0 0 16.5268
1 1 170 5 0 -1 4 0 0 0 99 0 0 2.90104
1 1 170 6 0 -1 4 0 0 0 99 0 0 13.1204
1 1 170 7 0 -1 4 0 0 0 99 0 0 19.9333
1 1 170 8 0 -1 4 0 0 0 99 0 0 6.30749
1 1 170 8 0 -1 4 0 0 0 99 0 0 4.60427
1 1 170 9 0 -1 4 0 0 0 99 0 0 13.6881
1 1 170 10 0 -1 4 0 0 0 99 0 0 12.5527
1 1 170 11 0 -1 4 0 0 0 99 0 0 4.60427
1 1 170 12 0 -1 4 0 0 0 99 0 0 6.30749
1 2 170 1 0 -1 4 0 0 0 99 0 0 3.46878
t 1 170 -3 1 1 0 0 0 0 -2
_00Basso
1 1 170 2 0 0 4 0 0 -2
1 2 170 1 0 0 4 0 0 -2
1 1 170 107 0 1 4 0 0 -1.66
