#define SVG t 1 1 \n_99%svg%
t 2 10 14 1 1 0 0 0 0 -1.35
_00
8 1 0 0 0 200
8 2 0 -6 0 200
14 1 0 2
14 1 200 2
14 1 0 2 8
3 2 2
3 1 2 0 1
1 1 25 8 0 -1 4 0 0 0 99 0 0 4.84759
1 1 25 9 0 -1 4 0 0 0 99 0 0 5.26663
1 1 25 9 0 -1 4 0 0 0 99 0 0 2.75235
1 1 25 10 0 -1 4 0 0 0 99 0 0 9.45711
1 1 25 11 0 -1 4 0 0 0 99 0 0 2.75235
1 1 25 11 0 -1 4 0 0 0 99 0 0 19.9333
1 1 25 12 0 -1 4 0 0 0 99 0 0 11.9714
1 2 25 1 0 -1 4 0 0 0 99 0 0 14.9047
1 2 25 1 0 -1 4 0 0 0 99 0 0 2.75235
1 2 25 2 0 -1 4 0 0 0 99 0 0 8.19997
1 2 25 3 0 -1 4 0 0 0 99 0 0 4.84759
t 1 25 -3 1 1 0 0 0 0 -2
_00Canto
1 1 25 8 0 0 4 0 0 -2
1 2 25 3 0 0 4 0 0 -2
1 1 25 111 0 1 4 0 0 -1.66
1 1 61.25 10 0 -1 4 0 0 0 99 0 0 2.79646
1 1 61.25 11 0 -1 4 0 0 0 99 0 0 3.25962
1 1 61.25 12 0 -1 4 0 0 0 99 0 0 4.18593
1 2 61.25 1 0 -1 4 0 0 0 99 0 0 5.57541
1 2 61.25 1 0 -1 4 0 0 0 99 0 0 3.72277
1 2 61.25 2 0 -1 4 0 0 0 99 0 0 13.4491
1 2 61.25 3 0 -1 4 0 0 0 99 0 0 19.9333
1 2 61.25 4 0 -1 4 0 0 0 99 0 0 15.3017
1 2 61.25 4 0 -1 4 0 0 0 99 0 0 3.25962
1 2 61.25 5 0 -1 4 0 0 0 99 0 0 14.8386
1 2 61.25 6 0 -1 4 0 0 0 99 0 0 3.25962
1 2 61.25 6 0 -1 4 0 0 0 99 0 0 8.81751
1 2 61.25 7 0 -1 4 0 0 0 99 0 0 2.79646
t 1 61.25 -3 1 1 0 0 0 0 -2
_00Alto
1 1 61.25 10 0 0 4 0 0 -2
1 2 61.25 7 0 0 4 0 0 -2
1 2 61.25 103 0 1 4 0 0 -1.66
1 1 97.5 6 0 -1 4 0 0 0 99 0 0 3.06663
1 1 97.5 7 0 -1 4 0 0 0 99 0 0 5.99997
1 1 97.5 8 0 -1 4 0 0 0 99 0 0 7.46663
1 1 97.5 9 0 -1 4 0 0 0 99 0 0 9.66663
1 1 97.5 10 0 -1 4 0 0 0 99 0 0 14.0666
1 1 97.5 11 0 -1 4 0 0 0 99 0 0 3.06663
1 1 97.5 11 0 -1 4 0 0 0 99 0 0 19.9333
1 1 97.5 12 0 -1 4 0 0 0 99 0 0 10.4
1 2 97.5 1 0 -1 4 0 0 0 99 0 0 19.9333
1 2 97.5 1 0 -1 4 0 0 0 99 0 0 3.79997
1 2 97.5 2 0 -1 4 0 0 0 99 0 0 15.5333
1 2 97.5 3 0 -1 4 0 0 0 99 0 0 7.46663
1 2 97.5 4 0 -1 4 0 0 0 99 0 0 3.79997
t 1 97.5 -3 1 1 0 0 0 0 -2
_00Tenore
1 1 97.5 6 0 0 4 0 0 -2
1 2 97.5 4 0 0 4 0 0 -2
1 1 97.5 111 0 1 4 0 0 -1.66
1 1 133.75 6 0 -1 4 0 0 0 99 0 0 5.99997
1 1 133.75 7 0 -1 4 0 0 0 99 0 0 7.46663
1 1 133.75 8 0 -1 4 0 0 0 99 0 0 9.66663
1 1 133.75 9 0 -1 4 0 0 0 99 0 0 9.66663
1 1 133.75 10 0 -1 4 0 0 0 99 0 0 16.2666
1 1 133.75 11 0 -1 4 0 0 0 99 0 0 19.9333
1 1 133.75 12 0 -1 4 0 0 0 99 0 0 3.06663
1 1 133.75 12 0 -1 4 0 0 0 99 0 0 11.8666
1 2 133.75 1 0 -1 4 0 0 0 99 0 0 14.8
1 2 133.75 2 0 -1 4 0 0 0 99 0 0 5.99997
1 2 133.75 3 0 -1 4 0 0 0 99 0 0 5.99997
1 2 133.75 4 0 -1 4 0 0 0 99 0 0 4.5333
t 1 133.75 -3 1 1 0 0 0 0 -2
_00Quinto
1 1 133.75 6 0 0 4 0 0 -2
1 2 133.75 4 0 0 4 0 0 -2
1 1 133.75 111 0 1 4 0 0 -1.66
1 1 170 2 0 -1 4 0 0 0 99 0 0 3.36859
1 1 170 3 0 -1 4 0 0 0 99 0 0 6.47448
1 1 170 4 0 -1 4 0 0 0 99 0 0 10.6157
1 1 170 5 0 -1 4 0 0 0 99 0 0 3.36859
1 1 170 5 0 -1 4 0 0 0 99 0 0 3.36859
1 1 170 6 0 -1 4 0 0 0 99 0 0 17.8627
1 1 170 6 0 -1 4 0 0 0 99 0 0 3.36859
1 1 170 7 0 -1 4 0 0 0 99 0 0 19.9333
1 1 170 8 0 -1 4 0 0 0 99 0 0 13.7215
1 1 170 9 0 -1 4 0 0 0 99 0 0 14.7568
1 1 170 10 0 -1 4 0 0 0 99 0 0 13.7215
1 1 170 11 0 -1 4 0 0 0 99 0 0 12.6862
1 1 170 12 0 -1 4 0 0 0 99 0 0 4.40389
1 1 170 12 0 -1 4 0 0 0 99 0 0 3.36859
1 2 170 1 0 -1 4 0 0 0 99 0 0 3.36859
t 1 170 -3 1 1 0 0 0 0 -2
_00Basso
1 1 170 2 0 0 4 0 0 -2
1 2 170 1 0 0 4 0 0 -2
1 1 170 107 0 1 4 0 0 -1.66
