#define SVG t 1 1 \n_99%svg%
t 2 10 14 1 1 0 0 0 0 -1.35
_00
8 1 0 0 0 200
8 2 0 -6 0 200
14 1 0 2
14 1 200 2
14 1 0 2 8
3 2 2
3 1 2 0 1
1 2 25 2 0 -1 4 0 0 0 99 0 0 5.2133
1 2 25 3 0 -1 4 0 0 0 99 0 0 11.6133
1 2 25 4 0 -1 4 0 0 0 99 0 0 7.1333
1 2 25 4 0 -1 4 0 0 0 99 0 0 2.6533
1 2 25 5 0 -1 4 0 0 0 99 0 0 19.9333
1 2 25 6 0 -1 4 0 0 0 99 0 0 3.2933
1 2 25 6 0 -1 4 0 0 0 99 0 0 18.6533
1 2 25 7 0 -1 4 0 0 0 99 0 0 13.5333
1 2 25 8 0 -1 4 0 0 0 99 0 0 12.8933
1 2 25 8 0 -1 4 0 0 0 99 0 0 5.8533
1 2 25 9 0 -1 4 0 0 0 99 0 0 8.4133
1 2 25 10 0 -1 4 0 0 0 99 0 0 5.2133
t 1 25 -3 1 1 0 0 0 0 -2
_00Canto
1 2 25 2 0 0 4 0 0 -2
1 2 25 10 0 0 4 0 0 -2
1 2 25 106 0 1 4 0 0 -1.66
1 1 61.25 10 0 -1 4 0 0 0 99 0 0 2.51856
1 1 61.25 11 0 -1 4 0 0 0 99 0 0 5.48277
1 1 61.25 12 0 -1 4 0 0 0 99 0 0 4.55646
1 2 61.25 1 0 -1 4 0 0 0 99 0 0 6.59435
1 2 61.25 1 0 -1 4 0 0 0 99 0 0 2.88909
1 2 61.25 2 0 -1 4 0 0 0 99 0 0 10.6701
1 2 61.25 3 0 -1 4 0 0 0 99 0 0 19.9333
1 2 61.25 4 0 -1 4 0 0 0 99 0 0 9.00277
1 2 61.25 5 0 -1 4 0 0 0 99 0 0 8.07646
1 2 61.25 6 0 -1 4 0 0 0 99 0 0 3.63014
1 2 61.25 6 0 -1 4 0 0 0 99 0 0 5.8533
t 1 61.25 -3 1 1 0 0 0 0 -2
_00Alto
1 1 61.25 10 0 0 4 0 0 -2
1 2 61.25 6 0 0 4 0 0 -2
1 2 61.25 103 0 1 4 0 0 -1.66
1 1 97.5 6 0 -1 4 0 0 0 99 0 0 3.2133
1 1 97.5 6 0 -1 4 0 0 0 99 0 0 2.62663
1 1 97.5 7 0 -1 4 0 0 0 99 0 0 6.43997
1 1 97.5 8 0 -1 4 0 0 0 99 0 0 11.1333
1 1 97.5 9 0 -1 4 0 0 0 99 0 0 5.8533
1 1 97.5 9 0 -1 4 0 0 0 99 0 0 3.79997
1 1 97.5 10 0 -1 4 0 0 0 99 0 0 12.6
1 1 97.5 11 0 -1 4 0 0 0 99 0 0 19.9333
1 1 97.5 12 0 -1 4 0 0 0 99 0 0 13.1866
1 2 97.5 1 0 -1 4 0 0 0 99 0 0 17.88
1 2 97.5 1 0 -1 4 0 0 0 99 0 0 2.62663
1 2 97.5 2 0 -1 4 0 0 0 99 0 0 10.84
1 2 97.5 3 0 -1 4 0 0 0 99 0 0 8.4933
t 1 97.5 -3 1 1 0 0 0 0 -2
_00Tenore
1 1 97.5 6 0 0 4 0 0 -2
1 2 97.5 3 0 0 4 0 0 -2
1 1 97.5 111 0 1 4 0 0 -1.66
1 1 133.75 6 0 -1 4 0 0 0 99 0 0 4.5333
1 1 133.75 7 0 -1 4 0 0 0 99 0 0 6.7333
1 1 133.75 8 0 -1 4 0 0 0 99 0 0 14.0666
1 1 133.75 9 0 -1 4 0 0 0 99 0 0 8.19997
1 1 133.75 9 0 -1 4 0 0 0 99 0 0 3.79997
1 1 133.75 10 0 -1 4 0 0 0 99 0 0 14.0666
1 1 133.75 11 0 -1 4 0 0 0 99 0 0 3.4333
1 1 133.75 11 0 -1 4 0 0 0 99 0 0 19.5666
1 1 133.75 12 0 -1 4 0 0 0 99 0 0 16.6333
1 2 133.75 1 0 -1 4 0 0 0 99 0 0 19.9333
1 2 133.75 1 0 -1 4 0 0 0 99 0 0 3.06663
1 2 133.75 2 0 -1 4 0 0 0 99 0 0 13.7
1 2 133.75 3 0 -1 4 0 0 0 99 0 0 10.7666
1 2 133.75 4 0 -1 4 0 0 0 99 0 0 5.26663
t 1 133.75 -3 1 1 0 0 0 0 -2
_00Quinto
1 1 133.75 6 0 0 4 0 0 -2
1 2 133.75 4 0 0 4 0 0 -2
1 1 133.75 111 0 1 4 0 0 -1.66
1 1 170 2 0 -1 4 0 0 0 99 0 0 3.1519
1 1 170 3 0 -1 4 0 0 0 99 0 0 8.88214
1 1 170 4 0 -1 4 0 0 0 99 0 0 19.9333
1 1 170 5 0 -1 4 0 0 0 99 0 0 8.06353
1 1 170 6 0 -1 4 0 0 0 99 0 0 18.2961
1 1 170 6 0 -1 4 0 0 0 99 0 0 3.56121
1 1 170 7 0 -1 4 0 0 0 99 0 0 16.6589
1 1 170 8 0 -1 4 0 0 0 99 0 0 16.6589
1 1 170 9 0 -1 4 0 0 0 99 0 0 8.06353
1 1 170 9 0 -1 4 0 0 0 99 0 0 2.7426
1 1 170 10 0 -1 4 0 0 0 99 0 0 11.338
1 1 170 11 0 -1 4 0 0 0 99 0 0 8.06353
t 1 170 -3 1 1 0 0 0 0 -2
_00Basso
1 1 170 2 0 0 4 0 0 -2
1 1 170 11 0 0 4 0 0 -2
1 1 170 107 0 1 4 0 0 -1.66
