#define SVG t 1 1 \n_99%svg%
t 2 10 14 1 1 0 0 0 0 -1.35
_00
8 1 0 0 0 200
8 2 0 -6 0 200
14 1 0 2
14 1 200 2
14 1 0 2 8
3 2 2
3 1 2 0 1
1 2 25 5 0 -1 4 0 0 0 99 0 0 3.95792
1 2 25 6 0 -1 4 0 0 0 99 0 0 11.2687
1 2 25 7 0 -1 4 0 0 0 99 0 0 12.3518
1 2 25 8 0 -1 4 0 0 0 99 0 0 19.9333
1 2 25 8 0 -1 4 0 0 0 99 0 0 3.41638
1 2 25 9 0 -1 4 0 0 0 99 0 0 13.4348
1 2 25 10 0 -1 4 0 0 0 99 0 0 16.6841
1 2 25 11 0 -1 4 0 0 0 99 0 0 7.74868
1 2 25 12 0 -1 4 0 0 0 99 0 0 3.95792
t 1 25 -3 1 1 0 0 0 0 -2
_00Canto
1 2 25 5 0 0 4 0 0 -2
1 2 25 12 0 0 4 0 0 -2
1 2 25 108 0 1 4 0 0 -1.66
1 1 61.25 11 0 -1 4 0 0 0 99 0 0 3.18491
1 2 61.25 1 0 -1 4 0 0 0 99 0 0 4.3204
1 2 61.25 2 0 -1 4 0 0 0 99 0 0 4.3204
1 2 61.25 3 0 -1 4 0 0 0 99 0 0 9.99782
1 2 61.25 4 0 -1 4 0 0 0 99 0 0 7.15911
1 2 61.25 4 0 -1 4 0 0 0 99 0 0 4.03653
1 2 61.25 5 0 -1 4 0 0 0 99 0 0 18.5139
1 2 61.25 6 0 -1 4 0 0 0 99 0 0 6.30749
1 2 61.25 6 0 -1 4 0 0 0 99 0 0 19.9333
1 2 61.25 7 0 -1 4 0 0 0 99 0 0 6.30749
1 2 61.25 8 0 -1 4 0 0 0 99 0 0 8.29459
t 1 61.25 -3 1 1 0 0 0 0 -2
_00Alto
1 1 61.25 11 0 0 4 0 0 -2
1 2 61.25 8 0 0 4 0 0 -2
1 2 61.25 105 0 1 4 0 0 -1.66
1 1 97.5 10 0 -1 4 0 0 0 99 0 0 7.58242
1 1 97.5 11 0 -1 4 0 0 0 99 0 0 14.3754
1 1 97.5 12 0 -1 4 0 0 0 99 0 0 2.64207
1 1 97.5 12 0 -1 4 0 0 0 99 0 0 7.89119
1 2 97.5 1 0 -1 4 0 0 0 99 0 0 16.8456
1 2 97.5 1 0 -1 4 0 0 0 99 0 0 2.64207
1 2 97.5 2 0 -1 4 0 0 0 99 0 0 13.7579
1 2 97.5 3 0 -1 4 0 0 0 99 0 0 19.9333
1 2 97.5 4 0 -1 4 0 0 0 99 0 0 10.6701
1 2 97.5 4 0 -1 4 0 0 0 99 0 0 2.64207
1 2 97.5 5 0 -1 4 0 0 0 99 0 0 10.9789
1 2 97.5 6 0 -1 4 0 0 0 99 0 0 2.95084
1 2 97.5 6 0 -1 4 0 0 0 99 0 0 6.03856
t 1 97.5 -3 1 1 0 0 0 0 -2
_00Tenore
1 1 97.5 10 0 0 4 0 0 -2
1 2 97.5 6 0 0 4 0 0 -2
1 2 97.5 102 0 1 4 0 0 -1.66
1 1 133.75 10 0 -1 4 0 0 0 99 0 0 4.9899
1 1 133.75 11 0 -1 4 0 0 0 99 0 0 2.99745
1 1 133.75 11 0 -1 4 0 0 0 99 0 0 14.6201
1 1 133.75 12 0 -1 4 0 0 0 99 0 0 12.2956
1 2 133.75 1 0 -1 4 0 0 0 99 0 0 17.2767
1 2 133.75 1 0 -1 4 0 0 0 99 0 0 2.99745
1 2 133.75 2 0 -1 4 0 0 0 99 0 0 19.9333
1 2 133.75 3 0 -1 4 0 0 0 99 0 0 18.2729
1 2 133.75 4 0 -1 4 0 0 0 99 0 0 12.6276
1 2 133.75 4 0 -1 4 0 0 0 99 0 0 2.66538
1 2 133.75 5 0 -1 4 0 0 0 99 0 0 9.97104
1 2 133.75 6 0 -1 4 0 0 0 99 0 0 2.66538
1 2 133.75 6 0 -1 4 0 0 0 99 0 0 6.31821
t 1 133.75 -3 1 1 0 0 0 0 -2
_00Quinto
1 1 133.75 10 0 0 4 0 0 -2
1 2 133.75 6 0 0 4 0 0 -2
1 2 133.75 102 0 1 4 0 0 -1.66
1 1 170 4 0 -1 4 0 0 0 99 0 0 4.5333
1 1 170 6 0 -1 4 0 0 0 99 0 0 12.2333
1 1 170 6 0 -1 4 0 0 0 99 0 0 2.69997
1 1 170 7 0 -1 4 0 0 0 99 0 0 15.5333
1 1 170 8 0 -1 4 0 0 0 99 0 0 16.2666
1 1 170 9 0 -1 4 0 0 0 99 0 0 19.9333
1 1 170 10 0 -1 4 0 0 0 99 0 0 14.8
1 1 170 11 0 -1 4 0 0 0 99 0 0 13.7
1 1 170 12 0 -1 4 0 0 0 99 0 0 6.7333
1 2 170 1 0 -1 4 0 0 0 99 0 0 7.09997
1 2 170 2 0 -1 4 0 0 0 99 0 0 2.69997
t 1 170 -3 1 1 0 0 0 0 -2
_00Basso
1 1 170 4 0 0 4 0 0 -2
1 2 170 2 0 0 4 0 0 -2
1 1 170 109 0 1 4 0 0 -1.66
