#define SVG t 1 1 \n_99%svg%
t 2 10 14 1 1 0 0 0 0 -1.35
_00
8 1 0 0 0 200
8 2 0 -6 0 200
14 1 0 2
14 1 200 2
14 1 0 2 8
3 2 2
3 1 2 0 1
1 2 25 2 0 -1 4 0 0 0 99 0 0 2.85095
1 2 25 3 0 -1 4 0 0 0 99 0 0 3.36859
1 2 25 4 0 -1 4 0 0 0 99 0 0 6.47448
1 2 25 5 0 -1 4 0 0 0 99 0 0 9.06271
1 2 25 6 0 -1 4 0 0 0 99 0 0 18.3804
1 2 25 7 0 -1 4 0 0 0 99 0 0 14.2392
1 2 25 8 0 -1 4 0 0 0 99 0 0 19.9333
1 2 25 9 0 -1 4 0 0 0 99 0 0 12.6862
1 2 25 10 0 -1 4 0 0 0 99 0 0 7.50977
1 2 25 11 0 -1 4 0 0 0 99 0 0 4.92154
t 1 25 -3 1 1 0 0 0 0 -2
_00Canto
1 2 25 2 0 0 4 0 0 -2
1 2 25 11 0 0 4 0 0 -2
1 2 25 107 0 1 4 0 0 -1.66
1 1 73.3333 11 0 -1 4 0 0 0 99 0 0 3.41085
1 1 73.3333 12 0 -1 4 0 0 0 99 0 0 2.69248
1 2 73.3333 1 0 -1 4 0 0 0 99 0 0 6.28432
1 2 73.3333 2 0 -1 4 0 0 0 99 0 0 9.87616
1 2 73.3333 3 0 -1 4 0 0 0 99 0 0 13.8272
1 2 73.3333 4 0 -1 4 0 0 0 99 0 0 19.9333
1 2 73.3333 5 0 -1 4 0 0 0 99 0 0 11.3129
1 2 73.3333 6 0 -1 4 0 0 0 99 0 0 14.1864
1 2 73.3333 7 0 -1 4 0 0 0 99 0 0 4.12922
1 2 73.3333 7 0 -1 4 0 0 0 99 0 0 3.41085
1 2 73.3333 8 0 -1 4 0 0 0 99 0 0 5.92514
1 2 73.3333 9 0 -1 4 0 0 0 99 0 0 3.77003
t 1 73.3333 -3 1 1 0 0 0 0 -2
_00Alto
1 1 73.3333 11 0 0 4 0 0 -2
1 2 73.3333 9 0 0 4 0 0 -2
1 2 73.3333 104 0 1 4 0 0 -1.66
1 1 121.667 9 0 -1 4 0 0 0 99 0 0 5.75552
1 1 121.667 10 0 -1 4 0 0 0 99 0 0 6.24441
1 1 121.667 11 0 -1 4 0 0 0 99 0 0 12.1111
1 1 121.667 12 0 -1 4 0 0 0 99 0 0 8.19997
1 2 121.667 1 0 -1 4 0 0 0 99 0 0 19.9333
1 2 121.667 2 0 -1 4 0 0 0 99 0 0 14.5555
1 2 121.667 3 0 -1 4 0 0 0 99 0 0 10.1555
1 2 121.667 4 0 -1 4 0 0 0 99 0 0 14.0666
1 2 121.667 5 0 -1 4 0 0 0 99 0 0 6.24441
1 2 121.667 6 0 -1 4 0 0 0 99 0 0 4.28886
t 1 121.667 -3 1 1 0 0 0 0 -2
_00Tenore
1 1 121.667 9 0 0 4 0 0 -2
1 2 121.667 6 0 0 4 0 0 -2
1 2 121.667 101 0 1 4 0 0 -1.66
1 1 170 4 0 -1 4 0 0 0 99 0 0 2.98515
1 1 170 5 0 -1 4 0 0 0 99 0 0 3.637
1 1 170 6 0 -1 4 0 0 0 99 0 0 8.19997
1 1 170 7 0 -1 4 0 0 0 99 0 0 9.50367
1 1 170 8 0 -1 4 0 0 0 99 0 0 4.28886
1 1 170 9 0 -1 4 0 0 0 99 0 0 19.9333
1 1 170 10 0 -1 4 0 0 0 99 0 0 9.50367
1 1 170 11 0 -1 4 0 0 0 99 0 0 14.7185
1 1 170 12 0 -1 4 0 0 0 99 0 0 10.1555
1 2 170 1 0 -1 4 0 0 0 99 0 0 10.8074
1 2 170 2 0 -1 4 0 0 0 99 0 0 5.59256
t 1 170 -3 1 1 0 0 0 0 -2
_00Basso
1 1 170 4 0 0 4 0 0 -2
1 2 170 2 0 0 4 0 0 -2
1 1 170 110 0 1 4 0 0 -1.66
