#define SVG t 1 1 \n_99%svg%
t 2 10 14 1 1 0 0 0 0 -1.35
_00
8 1 0 0 0 200
8 2 0 -6 0 200
14 1 0 2
14 1 200 2
14 1 0 2 8
3 2 2
3 1 2 0 1
1 2 25 5 0 -1 4 0 0 0 99 0 0 5.91849
1 2 25 6 0 -1 4 0 0 0 99 0 0 7.87404
1 2 25 7 0 -1 4 0 0 0 99 0 0 12.437
1 2 25 8 0 -1 4 0 0 0 99 0 0 12.437
1 2 25 8 0 -1 4 0 0 0 99 0 0 5.91849
1 2 25 9 0 -1 4 0 0 0 99 0 0 18.3037
1 2 25 10 0 -1 4 0 0 0 99 0 0 19.9333
1 2 25 11 0 -1 4 0 0 0 99 0 0 12.1111
1 2 25 11 0 -1 4 0 0 0 99 0 0 3.96293
1 2 25 12 0 -1 4 0 0 0 99 0 0 11.1333
1 2 25 13 0 -1 4 0 0 0 99 0 0 2.65923
t 1 25 -3 1 1 0 0 0 0 -2
_00Canto
1 2 25 5 0 0 4 0 0 -2
1 2 25 13 0 0 4 0 0 -2
1 2 25 109 0 1 4 0 0 -1.66
1 2 54 3 0 -1 4 0 0 0 99 0 0 2.7426
1 2 54 4 0 -1 4 0 0 0 99 0 0 3.97051
1 2 54 4 0 -1 4 0 0 0 99 0 0 2.7426
1 2 54 5 0 -1 4 0 0 0 99 0 0 9.29144
1 2 54 6 0 -1 4 0 0 0 99 0 0 14.2031
1 2 54 7 0 -1 4 0 0 0 99 0 0 13.7938
1 2 54 8 0 -1 4 0 0 0 99 0 0 19.524
1 2 54 8 0 -1 4 0 0 0 99 0 0 3.56121
1 2 54 9 0 -1 4 0 0 0 99 0 0 19.524
1 2 54 10 0 -1 4 0 0 0 99 0 0 19.9333
1 2 54 11 0 -1 4 0 0 0 99 0 0 8.47283
1 2 54 11 0 -1 4 0 0 0 99 0 0 6.83563
1 2 54 12 0 -1 4 0 0 0 99 0 0 11.7473
t 1 54 -3 1 1 0 0 0 0 -2
_00Quinto
1 2 54 3 0 0 4 0 0 -2
1 2 54 12 0 0 4 0 0 -2
1 2 54 109 0 1 4 0 0 -1.66
1 2 83 1 0 -1 4 0 0 0 99 0 0 4.6415
1 2 83 2 0 -1 4 0 0 0 99 0 0 6.94969
1 2 83 3 0 -1 4 0 0 0 99 0 0 7.81527
1 2 83 4 0 -1 4 0 0 0 99 0 0 8.10379
1 2 83 4 0 -1 4 0 0 0 99 0 0 4.35297
1 2 83 5 0 -1 4 0 0 0 99 0 0 19.9333
1 2 83 6 0 -1 4 0 0 0 99 0 0 4.35297
1 2 83 6 0 -1 4 0 0 0 99 0 0 17.9136
1 2 83 7 0 -1 4 0 0 0 99 0 0 2.91035
1 2 83 7 0 -1 4 0 0 0 99 0 0 7.52674
1 2 83 8 0 -1 4 0 0 0 99 0 0 8.96937
1 2 83 9 0 -1 4 0 0 0 99 0 0 2.62182
t 1 83 -3 1 1 0 0 0 0 -2
_00Alto
1 2 83 1 0 0 4 0 0 -2
1 2 83 9 0 0 4 0 0 -2
1 2 83 105 0 1 4 0 0 -1.66
1 1 112 7 0 -1 4 0 0 0 99 0 0 2.83616
1 1 112 9 0 -1 4 0 0 0 99 0 0 4.84759
1 1 112 10 0 -1 4 0 0 0 99 0 0 8.87044
1 1 112 11 0 -1 4 0 0 0 99 0 0 11.8876
1 1 112 12 0 -1 4 0 0 0 99 0 0 7.86473
1 2 112 1 0 -1 4 0 0 0 99 0 0 16.9162
1 2 112 2 0 -1 4 0 0 0 99 0 0 19.9333
1 2 112 3 0 -1 4 0 0 0 99 0 0 18.9276
1 2 112 4 0 -1 4 0 0 0 99 0 0 9.3733
1 2 112 5 0 -1 4 0 0 0 99 0 0 16.4133
1 2 112 6 0 -1 4 0 0 0 99 0 0 7.86473
t 1 112 -3 1 1 0 0 0 0 -2
_00Tenore
1 1 112 7 0 0 4 0 0 -2
1 2 112 6 0 0 4 0 0 -2
1 2 112 102 0 1 4 0 0 -1.66
1 1 141 9 0 -1 4 0 0 0 99 0 0 2.79646
1 1 141 10 0 -1 4 0 0 0 99 0 0 6.50172
1 1 141 11 0 -1 4 0 0 0 99 0 0 10.6701
1 1 141 12 0 -1 4 0 0 0 99 0 0 12.0596
1 2 141 1 0 -1 4 0 0 0 99 0 0 16.228
1 2 141 2 0 -1 4 0 0 0 99 0 0 19.9333
1 2 141 3 0 -1 4 0 0 0 99 0 0 19.4701
1 2 141 4 0 -1 4 0 0 0 99 0 0 7.42804
1 2 141 4 0 -1 4 0 0 0 99 0 0 4.18593
1 2 141 5 0 -1 4 0 0 0 99 0 0 14.3754
1 2 141 6 0 -1 4 0 0 0 99 0 0 5.11225
t 1 141 -3 1 1 0 0 0 0 -2
_00Sesto
1 1 141 9 0 0 4 0 0 -2
1 2 141 6 0 0 4 0 0 -2
1 2 141 102 0 1 4 0 0 -1.66
1 1 170 4 0 -1 4 0 0 0 99 0 0 2.80898
1 1 170 5 0 -1 4 0 0 0 99 0 0 3.28465
1 1 170 5 0 -1 4 0 0 0 99 0 0 2.80898
1 1 170 6 0 -1 4 0 0 0 99 0 0 9.46844
1 1 170 7 0 -1 4 0 0 0 99 0 0 12.3225
1 1 170 8 0 -1 4 0 0 0 99 0 0 7.09006
1 1 170 9 0 -1 4 0 0 0 99 0 0 10.4198
1 1 170 10 0 -1 4 0 0 0 99 0 0 19.9333
1 1 170 11 0 -1 4 0 0 0 99 0 0 16.1279
1 1 170 12 0 -1 4 0 0 0 99 0 0 3.28465
1 1 170 12 0 -1 4 0 0 0 99 0 0 10.4198
1 2 170 1 0 -1 4 0 0 0 99 0 0 17.0792
1 2 170 2 0 -1 4 0 0 0 99 0 0 6.13871
t 1 170 -3 1 1 0 0 0 0 -2
_00Basso
1 1 170 4 0 0 4 0 0 -2
1 2 170 2 0 0 4 0 0 -2
1 1 170 110 0 1 4 0 0 -1.66
