#define SVG t 1 1 \n_99%svg%
t 2 10 14 1 1 0 0 0 0 -1.35
_00
8 1 0 0 0 200
8 2 0 -6 0 200
14 1 0 2
14 1 200 2
14 1 0 2 8
3 2 2
3 1 2 0 1
1 1 25 11 0 -1 4 0 0 0 99 0 0 2.63161
1 1 25 11 0 -1 4 0 0 0 99 0 0 4.12313
1 1 25 12 0 -1 4 0 0 0 99 0 0 4.12313
1 2 25 1 0 -1 4 0 0 0 99 0 0 4.71974
1 2 25 1 0 -1 4 0 0 0 99 0 0 3.52652
1 2 25 2 0 -1 4 0 0 0 99 0 0 10.3875
1 2 25 3 0 -1 4 0 0 0 99 0 0 19.9333
1 2 25 4 0 -1 4 0 0 0 99 0 0 9.79093
1 2 25 4 0 -1 4 0 0 0 99 0 0 4.71974
1 2 25 5 0 -1 4 0 0 0 99 0 0 16.6519
1 2 25 6 0 -1 4 0 0 0 99 0 0 3.82483
t 1 25 -3 1 1 0 0 0 0 -2
_00Alto
1 1 25 11 0 0 4 0 0 -2
1 2 25 6 0 0 4 0 0 -2
1 2 25 103 0 1 4 0 0 -1.66
1 1 73.3333 7 0 -1 4 0 0 0 99 0 0 6.61438
1 1 73.3333 8 0 -1 4 0 0 0 99 0 0 6.61438
1 1 73.3333 9 0 -1 4 0 0 0 99 0 0 4.71168
1 1 73.3333 9 0 -1 4 0 0 0 99 0 0 3.28465
1 1 73.3333 10 0 -1 4 0 0 0 99 0 0 15.6522
1 1 73.3333 11 0 -1 4 0 0 0 99 0 0 3.28465
1 1 73.3333 11 0 -1 4 0 0 0 99 0 0 19.9333
1 1 73.3333 12 0 -1 4 0 0 0 99 0 0 2.80898
1 1 73.3333 12 0 -1 4 0 0 0 99 0 0 10.8955
1 2 73.3333 1 0 -1 4 0 0 0 99 0 0 11.3711
1 2 73.3333 1 0 -1 4 0 0 0 99 0 0 6.13871
1 2 73.3333 2 0 -1 4 0 0 0 99 0 0 19.4576
1 2 73.3333 3 0 -1 4 0 0 0 99 0 0 8.51708
1 2 73.3333 4 0 -1 4 0 0 0 99 0 0 3.76033
t 1 73.3333 -3 1 1 0 0 0 0 -2
_00Tenore
1 1 73.3333 7 0 0 4 0 0 -2
1 2 73.3333 4 0 0 4 0 0 -2
1 1 73.3333 112 0 1 4 0 0 -1.66
1 1 121.667 7 0 -1 4 0 0 0 99 0 0 7.71108
1 1 121.667 8 0 -1 4 0 0 0 99 0 0 8.68886
1 1 121.667 9 0 -1 4 0 0 0 99 0 0 6.7333
1 1 121.667 9 0 -1 4 0 0 0 99 0 0 2.82219
1 1 121.667 10 0 -1 4 0 0 0 99 0 0 16.0222
1 1 121.667 11 0 -1 4 0 0 0 99 0 0 19.9333
1 1 121.667 12 0 -1 4 0 0 0 99 0 0 3.31108
1 1 121.667 12 0 -1 4 0 0 0 99 0 0 13.5777
1 2 121.667 1 0 -1 4 0 0 0 99 0 0 16.0222
1 2 121.667 1 0 -1 4 0 0 0 99 0 0 3.79997
1 2 121.667 2 0 -1 4 0 0 0 99 0 0 17.4889
1 2 121.667 3 0 -1 4 0 0 0 99 0 0 7.71108
1 2 121.667 4 0 -1 4 0 0 0 99 0 0 2.82219
t 1 121.667 -3 1 1 0 0 0 0 -2
_00Quinto
1 1 121.667 7 0 0 4 0 0 -2
1 2 121.667 4 0 0 4 0 0 -2
1 1 121.667 112 0 1 4 0 0 -1.66
1 1 170 1 0 -1 4 0 0 0 99 0 0 2.8833
1 1 170 3 0 -1 4 0 0 0 99 0 0 10.5833
1 1 170 4 0 -1 4 0 0 0 99 0 0 2.8833
1 1 170 4 0 -1 4 0 0 0 99 0 0 17.1833
1 1 170 5 0 -1 4 0 0 0 99 0 0 2.8833
1 1 170 5 0 -1 4 0 0 0 99 0 0 3.4333
1 1 170 6 0 -1 4 0 0 0 99 0 0 13.3333
1 1 170 6 0 -1 4 0 0 0 99 0 0 2.8833
1 1 170 7 0 -1 4 0 0 0 99 0 0 19.9333
1 1 170 8 0 -1 4 0 0 0 99 0 0 3.4333
1 1 170 8 0 -1 4 0 0 0 99 0 0 12.7833
1 1 170 9 0 -1 4 0 0 0 99 0 0 7.2833
1 1 170 9 0 -1 4 0 0 0 99 0 0 2.8833
1 1 170 10 0 -1 4 0 0 0 99 0 0 16.0833
1 1 170 11 0 -1 4 0 0 0 99 0 0 5.0833
t 1 170 -3 1 1 0 0 0 0 -2
_00Basso
1 1 170 1 0 0 4 0 0 -2
1 1 170 11 0 0 4 0 0 -2
1 1 170 107 0 1 4 0 0 -1.66
