#define SVG t 1 1 \n_99%svg%
t 2 10 14 1 1 0 0 0 0 -1.35
_00
8 1 0 0 0 200
8 2 0 -6 0 200
14 1 0 2
14 1 200 2
14 1 0 2 8
3 2 2
3 1 2 0 1
1 2 25 5 0 -1 4 0 0 0 99 0 0 4.12313
1 2 25 6 0 -1 4 0 0 0 99 0 0 7.70279
1 2 25 7 0 -1 4 0 0 0 99 0 0 2.63161
1 2 25 7 0 -1 4 0 0 0 99 0 0 10.3875
1 2 25 8 0 -1 4 0 0 0 99 0 0 11.8791
1 2 25 8 0 -1 4 0 0 0 99 0 0 5.31635
1 2 25 9 0 -1 4 0 0 0 99 0 0 19.9333
1 2 25 10 0 -1 4 0 0 0 99 0 0 9.79093
1 2 25 11 0 -1 4 0 0 0 99 0 0 5.01805
1 2 25 12 0 -1 4 0 0 0 99 0 0 3.82483
t 1 25 -3 1 1 0 0 0 0 -2
_00Canto
1 2 25 5 0 0 4 0 0 -2
1 2 25 12 0 0 4 0 0 -2
1 2 25 109 0 1 4 0 0 -1.66
1 1 61.25 11 0 -1 4 0 0 0 99 0 0 2.6784
1 1 61.25 12 0 -1 4 0 0 0 99 0 0 3.0235
1 2 61.25 1 0 -1 4 0 0 0 99 0 0 3.36859
1 2 61.25 2 0 -1 4 0 0 0 99 0 0 5.43918
1 2 61.25 3 0 -1 4 0 0 0 99 0 0 10.6157
1 2 61.25 4 0 -1 4 0 0 0 99 0 0 5.78428
1 2 61.25 4 0 -1 4 0 0 0 99 0 0 9.92546
1 2 61.25 5 0 -1 4 0 0 0 99 0 0 19.9333
1 2 61.25 6 0 -1 4 0 0 0 99 0 0 3.0235
1 2 61.25 6 0 -1 4 0 0 0 99 0 0 17.5176
1 2 61.25 7 0 -1 4 0 0 0 99 0 0 4.40389
1 2 61.25 7 0 -1 4 0 0 0 99 0 0 7.85487
1 2 61.25 8 0 -1 4 0 0 0 99 0 0 7.50977
1 2 61.25 9 0 -1 4 0 0 0 99 0 0 3.0235
t 1 61.25 -3 1 1 0 0 0 0 -2
_00Alto
1 1 61.25 11 0 0 4 0 0 -2
1 2 61.25 9 0 0 4 0 0 -2
1 2 61.25 105 0 1 4 0 0 -1.66
1 1 97.5 9 0 -1 4 0 0 0 99 0 0 2.79646
1 1 97.5 10 0 -1 4 0 0 0 99 0 0 5.11225
1 1 97.5 11 0 -1 4 0 0 0 99 0 0 11.1333
1 1 97.5 12 0 -1 4 0 0 0 99 0 0 8.35435
1 2 97.5 1 0 -1 4 0 0 0 99 0 0 13.9122
1 2 97.5 2 0 -1 4 0 0 0 99 0 0 19.007
1 2 97.5 3 0 -1 4 0 0 0 99 0 0 19.9333
1 2 97.5 4 0 -1 4 0 0 0 99 0 0 12.5228
1 2 97.5 4 0 -1 4 0 0 0 99 0 0 5.57541
1 2 97.5 5 0 -1 4 0 0 0 99 0 0 15.3017
1 2 97.5 6 0 -1 4 0 0 0 99 0 0 8.35435
1 2 97.5 7 0 -1 4 0 0 0 99 0 0 2.79646
t 1 97.5 -3 1 1 0 0 0 0 -2
_00Quinto
1 1 97.5 9 0 0 4 0 0 -2
1 2 97.5 7 0 0 4 0 0 -2
1 2 97.5 103 0 1 4 0 0 -1.66
1 1 133.75 9 0 -1 4 0 0 0 99 0 0 2.86663
1 1 133.75 10 0 -1 4 0 0 0 99 0 0 12.4666
1 1 133.75 11 0 -1 4 0 0 0 99 0 0 18.3333
1 1 133.75 12 0 -1 4 0 0 0 99 0 0 4.46663
1 1 133.75 12 0 -1 4 0 0 0 99 0 0 15.1333
1 2 133.75 1 0 -1 4 0 0 0 99 0 0 18.3333
1 2 133.75 1 0 -1 4 0 0 0 99 0 0 2.86663
1 2 133.75 2 0 -1 4 0 0 0 99 0 0 19.9333
1 2 133.75 3 0 -1 4 0 0 0 99 0 0 14.0666
1 2 133.75 4 0 -1 4 0 0 0 99 0 0 9.26663
1 2 133.75 4 0 -1 4 0 0 0 99 0 0 3.9333
1 2 133.75 5 0 -1 4 0 0 0 99 0 0 9.79997
1 2 133.75 6 0 -1 4 0 0 0 99 0 0 4.99997
t 1 133.75 -3 1 1 0 0 0 0 -2
_00Tenore
1 1 133.75 9 0 0 4 0 0 -2
1 2 133.75 6 0 0 4 0 0 -2
1 2 133.75 101 0 1 4 0 0 -1.66
1 1 170 4 0 -1 4 0 0 0 99 0 0 2.9402
1 1 170 5 0 -1 4 0 0 0 99 0 0 3.54709
1 1 170 6 0 -1 4 0 0 0 99 0 0 8.40227
1 1 170 7 0 -1 4 0 0 0 99 0 0 15.685
1 1 170 8 0 -1 4 0 0 0 99 0 0 2.9402
1 1 170 8 0 -1 4 0 0 0 99 0 0 14.4712
1 1 170 9 0 -1 4 0 0 0 99 0 0 10.8299
1 1 170 9 0 -1 4 0 0 0 99 0 0 2.9402
1 1 170 10 0 -1 4 0 0 0 99 0 0 19.9333
1 1 170 11 0 -1 4 0 0 0 99 0 0 10.223
1 1 170 12 0 -1 4 0 0 0 99 0 0 4.15399
1 1 170 12 0 -1 4 0 0 0 99 0 0 6.58158
1 2 170 1 0 -1 4 0 0 0 99 0 0 9.61606
1 2 170 2 0 -1 4 0 0 0 99 0 0 5.36778
t 1 170 -3 1 1 0 0 0 0 -2
_00Basso
1 1 170 4 0 0 4 0 0 -2
1 2 170 2 0 0 4 0 0 -2
1 1 170 109 0 1 4 0 0 -1.66
