#define SVG t 1 1 \n_99%svg%
t 2 10 14 1 1 0 0 0 0 -1.35
_00
8 1 0 0 0 200
8 2 0 -6 0 200
14 1 0 2
14 1 200 2
14 1 0 2 8
3 2 2
3 1 2 0 1
1 2 25 5 0 -1 4 0 0 0 99 0 0 3.39997
1 2 25 6 0 -1 4 0 0 0 99 0 0 8.19997
1 2 25 7 0 -1 4 0 0 0 99 0 0 2.86663
1 2 25 7 0 -1 4 0 0 0 99 0 0 7.1333
1 2 25 8 0 -1 4 0 0 0 99 0 0 9.26663
1 2 25 8 0 -1 4 0 0 0 99 0 0 4.99997
1 2 25 9 0 -1 4 0 0 0 99 0 0 14.0666
1 2 25 10 0 -1 4 0 0 0 99 0 0 19.9333
1 2 25 11 0 -1 4 0 0 0 99 0 0 9.79997
1 2 25 12 0 -1 4 0 0 0 99 0 0 7.1333
t 1 25 -3 1 1 0 0 0 0 -2
_00Canto
1 2 25 5 0 0 4 0 0 -2
1 2 25 12 0 0 4 0 0 -2
1 2 25 109 0 1 4 0 0 -1.66
1 2 61.25 3 0 -1 4 0 0 0 99 0 0 5.11225
1 2 61.25 5 0 -1 4 0 0 0 99 0 0 5.11225
1 2 61.25 6 0 -1 4 0 0 0 99 0 0 4.18593
1 2 61.25 6 0 -1 4 0 0 0 99 0 0 19.9333
1 2 61.25 7 0 -1 4 0 0 0 99 0 0 3.25962
1 2 61.25 7 0 -1 4 0 0 0 99 0 0 12.5228
1 2 61.25 8 0 -1 4 0 0 0 99 0 0 19.007
1 2 61.25 8 0 -1 4 0 0 0 99 0 0 6.03856
1 2 61.25 9 0 -1 4 0 0 0 99 0 0 19.007
1 2 61.25 10 0 -1 4 0 0 0 99 0 0 18.0807
1 2 61.25 11 0 -1 4 0 0 0 99 0 0 8.81751
1 2 61.25 11 0 -1 4 0 0 0 99 0 0 5.11225
1 2 61.25 12 0 -1 4 0 0 0 99 0 0 11.5965
1 2 61.25 13 0 -1 4 0 0 0 99 0 0 4.18593
t 1 61.25 -3 1 1 0 0 0 0 -2
_00Quinto
1 2 61.25 3 0 0 4 0 0 -2
1 2 61.25 13 0 0 4 0 0 -2
1 2 61.25 108 0 1 4 0 0 -1.66
1 1 97.5 11 0 -1 4 0 0 0 99 0 0 2.8833
1 2 97.5 1 0 -1 4 0 0 0 99 0 0 2.8833
1 2 97.5 2 0 -1 4 0 0 0 99 0 0 6.7333
1 2 97.5 3 0 -1 4 0 0 0 99 0 0 12.2333
1 2 97.5 4 0 -1 4 0 0 0 99 0 0 8.3833
1 2 97.5 5 0 -1 4 0 0 0 99 0 0 18.8333
1 2 97.5 6 0 -1 4 0 0 0 99 0 0 4.5333
1 2 97.5 6 0 -1 4 0 0 0 99 0 0 19.9333
1 2 97.5 7 0 -1 4 0 0 0 99 0 0 5.0833
1 2 97.5 7 0 -1 4 0 0 0 99 0 0 6.1833
1 2 97.5 8 0 -1 4 0 0 0 99 0 0 6.7333
t 1 97.5 -3 1 1 0 0 0 0 -2
_00Alto
1 1 97.5 11 0 0 4 0 0 -2
1 2 97.5 8 0 0 4 0 0 -2
1 2 97.5 105 0 1 4 0 0 -1.66
1 1 133.75 11 0 -1 4 0 0 0 99 0 0 9.98547
1 1 133.75 12 0 -1 4 0 0 0 99 0 0 5.39417
1 2 133.75 1 0 -1 4 0 0 0 99 0 0 11.5159
1 2 133.75 1 0 -1 4 0 0 0 99 0 0 4.62895
1 2 133.75 2 0 -1 4 0 0 0 99 0 0 14.5768
1 2 133.75 3 0 -1 4 0 0 0 99 0 0 19.9333
1 2 133.75 4 0 -1 4 0 0 0 99 0 0 12.2811
1 2 133.75 5 0 -1 4 0 0 0 99 0 0 6.9246
1 2 133.75 6 0 -1 4 0 0 0 99 0 0 3.86373
t 1 133.75 -3 1 1 0 0 0 0 -2
_00Tenore
1 1 133.75 11 0 0 4 0 0 -2
1 2 133.75 6 0 0 4 0 0 -2
1 2 133.75 102 0 1 4 0 0 -1.66
1 1 170 4 0 -1 4 0 0 0 99 0 0 3.50663
1 1 170 6 0 -1 4 0 0 0 99 0 0 3.50663
1 1 170 7 0 -1 4 0 0 0 99 0 0 9.3733
1 1 170 8 0 -1 4 0 0 0 99 0 0 11.72
1 1 170 9 0 -1 4 0 0 0 99 0 0 7.02663
1 1 170 10 0 -1 4 0 0 0 99 0 0 12.8933
1 1 170 11 0 -1 4 0 0 0 99 0 0 19.9333
1 1 170 12 0 -1 4 0 0 0 99 0 0 7.02663
1 1 170 12 0 -1 4 0 0 0 99 0 0 5.8533
1 2 170 1 0 -1 4 0 0 0 99 0 0 11.72
1 2 170 2 0 -1 4 0 0 0 99 0 0 5.8533
1 2 170 3 0 -1 4 0 0 0 99 0 0 4.67997
t 1 170 -3 1 1 0 0 0 0 -2
_00Basso
1 1 170 4 0 0 4 0 0 -2
1 2 170 3 0 0 4 0 0 -2
1 1 170 111 0 1 4 0 0 -1.66
