#define SVG t 1 1 \n_99%svg%
t 2 10 14 1 1 0 0 0 0 -1.35
_00
8 1 0 0 0 200
8 2 0 -6 0 200
14 1 0 2
14 1 200 2
14 1 0 2 8
3 2 2
3 1 2 0 1
1 2 25 4 0 -1 4 0 0 0 99 0 0 2.96187
1 2 25 5 0 -1 4 0 0 0 99 0 0 3.90473
1 2 25 6 0 -1 4 0 0 0 99 0 0 4.84759
1 2 25 7 0 -1 4 0 0 0 99 0 0 2.96187
1 2 25 7 0 -1 4 0 0 0 99 0 0 3.90473
1 2 25 8 0 -1 4 0 0 0 99 0 0 19.9333
1 2 25 8 0 -1 4 0 0 0 99 0 0 2.96187
1 2 25 9 0 -1 4 0 0 0 99 0 0 11.7619
1 2 25 10 0 -1 4 0 0 0 99 0 0 11.4476
1 2 25 11 0 -1 4 0 0 0 99 0 0 9.87616
1 2 25 11 0 -1 4 0 0 0 99 0 0 2.96187
1 2 25 12 0 -1 4 0 0 0 99 0 0 5.16187
1 2 25 13 0 -1 4 0 0 0 99 0 0 3.27616
t 1 25 -3 1 1 0 0 0 0 -2
_00Canto
1 2 25 4 0 0 4 0 0 -2
1 2 25 13 0 0 4 0 0 -2
1 2 25 109 0 1 4 0 0 -1.66
1 2 61.25 4 0 -1 4 0 0 0 99 0 0 2.69997
1 2 61.25 5 0 -1 4 0 0 0 99 0 0 4.89997
1 2 61.25 6 0 -1 4 0 0 0 99 0 0 8.56663
1 2 61.25 7 0 -1 4 0 0 0 99 0 0 5.26663
1 2 61.25 7 0 -1 4 0 0 0 99 0 0 4.89997
1 2 61.25 8 0 -1 4 0 0 0 99 0 0 19.9333
1 2 61.25 8 0 -1 4 0 0 0 99 0 0 3.4333
1 2 61.25 9 0 -1 4 0 0 0 99 0 0 10.0333
1 2 61.25 10 0 -1 4 0 0 0 99 0 0 11.8666
1 2 61.25 11 0 -1 4 0 0 0 99 0 0 11.5
1 2 61.25 11 0 -1 4 0 0 0 99 0 0 2.69997
1 2 61.25 12 0 -1 4 0 0 0 99 0 0 5.6333
1 2 61.25 13 0 -1 4 0 0 0 99 0 0 3.4333
t 1 61.25 -3 1 1 0 0 0 0 -2
_00Sesto
1 2 61.25 4 0 0 4 0 0 -2
1 2 61.25 13 0 0 4 0 0 -2
1 2 61.25 108 0 1 4 0 0 -1.66
1 2 97.5 1 0 -1 4 0 0 0 99 0 0 3.46878
1 2 97.5 2 0 -1 4 0 0 0 99 0 0 2.90104
1 2 97.5 3 0 -1 4 0 0 0 99 0 0 3.65803
1 2 97.5 4 0 -1 4 0 0 0 99 0 0 6.30749
1 2 97.5 5 0 -1 4 0 0 0 99 0 0 10.4709
1 2 97.5 6 0 -1 4 0 0 0 99 0 0 19.9333
1 2 97.5 7 0 -1 4 0 0 0 99 0 0 5.73975
1 2 97.5 7 0 -1 4 0 0 0 99 0 0 3.09029
1 2 97.5 8 0 -1 4 0 0 0 99 0 0 5.73975
1 2 97.5 9 0 -1 4 0 0 0 99 0 0 2.52255
t 1 97.5 -3 1 1 0 0 0 0 -2
_00Alto
1 2 97.5 1 0 0 4 0 0 -2
1 2 97.5 9 0 0 4 0 0 -2
1 2 97.5 106 0 1 4 0 0 -1.66
1 1 133.75 9 0 -1 4 0 0 0 99 0 0 3.23586
1 1 133.75 10 0 -1 4 0 0 0 99 0 0 5.94356
1 1 133.75 11 0 -1 4 0 0 0 99 0 0 10.0051
1 1 133.75 12 0 -1 4 0 0 0 99 0 0 4.13843
1 1 133.75 12 0 -1 4 0 0 0 99 0 0 3.68715
1 2 133.75 1 0 -1 4 0 0 0 99 0 0 18.1282
1 2 133.75 1 0 -1 4 0 0 0 99 0 0 3.23586
1 2 133.75 2 0 -1 4 0 0 0 99 0 0 14.5179
1 2 133.75 3 0 -1 4 0 0 0 99 0 0 13.1641
1 2 133.75 4 0 -1 4 0 0 0 99 0 0 19.9333
1 2 133.75 5 0 -1 4 0 0 0 99 0 0 10.4564
1 2 133.75 6 0 -1 4 0 0 0 99 0 0 6.39484
t 1 133.75 -3 1 1 0 0 0 0 -2
_00Quinto
1 1 133.75 9 0 0 4 0 0 -2
1 2 133.75 6 0 0 4 0 0 -2
1 2 133.75 102 0 1 4 0 0 -1.66
1 1 170 4 0 -1 4 0 0 0 99 0 0 2.83616
1 1 170 5 0 -1 4 0 0 0 99 0 0 4.34473
1 1 170 6 0 -1 4 0 0 0 99 0 0 10.8819
1 1 170 7 0 -1 4 0 0 0 99 0 0 13.3962
1 1 170 8 0 -1 4 0 0 0 99 0 0 6.35616
1 1 170 9 0 -1 4 0 0 0 99 0 0 19.9333
1 1 170 10 0 -1 4 0 0 0 99 0 0 10.8819
1 1 170 11 0 -1 4 0 0 0 99 0 0 15.9104
1 1 170 12 0 -1 4 0 0 0 99 0 0 5.8533
1 1 170 12 0 -1 4 0 0 0 99 0 0 3.33901
1 2 170 1 0 -1 4 0 0 0 99 0 0 7.86473
1 2 170 2 0 -1 4 0 0 0 99 0 0 2.83616
t 1 170 -3 1 1 0 0 0 0 -2
_00Basso
1 1 170 4 0 0 4 0 0 -2
1 2 170 2 0 0 4 0 0 -2
1 1 170 109 0 1 4 0 0 -1.66
