#define SVG t 1 1 \n_99%svg%
t 2 10 14 1 1 0 0 0 0 -1.35
_00
8 1 0 0 0 200
8 2 0 -6 0 200
14 1 0 2
14 1 200 2
14 1 0 2 8
3 2 2
3 1 2 0 1
1 2 25 5 0 -1 4 0 0 0 99 0 0 2.69997
1 2 25 6 0 -1 4 0 0 0 99 0 0 5.99997
1 2 25 7 0 -1 4 0 0 0 99 0 0 8.9333
1 2 25 7 0 -1 4 0 0 0 99 0 0 3.79997
1 2 25 8 0 -1 4 0 0 0 99 0 0 8.19997
1 2 25 9 0 -1 4 0 0 0 99 0 0 19.9333
1 2 25 10 0 -1 4 0 0 0 99 0 0 3.79997
1 2 25 10 0 -1 4 0 0 0 99 0 0 7.46663
1 2 25 11 0 -1 4 0 0 0 99 0 0 9.29997
1 2 25 11 0 -1 4 0 0 0 99 0 0 3.4333
1 2 25 12 0 -1 4 0 0 0 99 0 0 6.7333
t 1 25 -3 1 1 0 0 0 0 -2
_00Canto
1 2 25 5 0 0 4 0 0 -2
1 2 25 12 0 0 4 0 0 -2
1 2 25 109 0 1 4 0 0 -1.66
1 2 97.5 1 0 -1 4 0 0 0 99 0 0 2.80898
1 2 97.5 2 0 -1 4 0 0 0 99 0 0 8.99276
1 2 97.5 3 0 -1 4 0 0 0 99 0 0 2.80898
1 2 97.5 3 0 -1 4 0 0 0 99 0 0 8.04141
1 2 97.5 4 0 -1 4 0 0 0 99 0 0 14.2252
1 2 97.5 4 0 -1 4 0 0 0 99 0 0 6.61438
1 2 97.5 5 0 -1 4 0 0 0 99 0 0 19.9333
1 2 97.5 6 0 -1 4 0 0 0 99 0 0 17.0792
1 2 97.5 7 0 -1 4 0 0 0 99 0 0 13.7495
1 2 97.5 7 0 -1 4 0 0 0 99 0 0 2.80898
1 2 97.5 8 0 -1 4 0 0 0 99 0 0 4.71168
t 1 97.5 -3 1 1 0 0 0 0 -2
_00Tenore
1 2 97.5 1 0 0 4 0 0 -2
1 2 97.5 8 0 0 4 0 0 -2
1 2 97.5 105 0 1 4 0 0 -1.66
1 1 170 9 0 -1 4 0 0 0 99 0 0 2.80898
1 1 170 10 0 -1 4 0 0 0 99 0 0 12.3225
1 1 170 11 0 -1 4 0 0 0 99 0 0 4.71168
1 1 170 12 0 -1 4 0 0 0 99 0 0 10.8955
1 2 170 1 0 -1 4 0 0 0 99 0 0 10.4198
1 2 170 2 0 -1 4 0 0 0 99 0 0 19.9333
1 2 170 3 0 -1 4 0 0 0 99 0 0 5.66303
1 2 170 3 0 -1 4 0 0 0 99 0 0 5.66303
1 2 170 4 0 -1 4 0 0 0 99 0 0 7.09006
1 2 170 4 0 -1 4 0 0 0 99 0 0 3.76033
1 2 170 5 0 -1 4 0 0 0 99 0 0 8.51708
t 1 170 -3 1 1 0 0 0 0 -2
_00Basso
1 1 170 9 0 0 4 0 0 -2
1 2 170 5 0 0 4 0 0 -2
1 2 170 102 0 1 4 0 0 -1.66
