#define SVG t 1 1 \n_99%svg%
t 2 10 14 1 1 0 0 0 0 -1.35
_00
8 1 0 0 0 200
8 2 0 -6 0 200
14 1 0 2
14 1 200 2
14 1 0 2 8
3 2 2
3 1 2 0 1
1 2 25 2 0 -1 4 0 0 0 99 0 0 3.09852
1 2 25 3 0 -1 4 0 0 0 99 0 0 5.39417
1 2 25 4 0 -1 4 0 0 0 99 0 0 5.39417
1 2 25 4 0 -1 4 0 0 0 99 0 0 3.09852
1 2 25 5 0 -1 4 0 0 0 99 0 0 7.68982
1 2 25 6 0 -1 4 0 0 0 99 0 0 3.86373
1 2 25 6 0 -1 4 0 0 0 99 0 0 18.4029
1 2 25 7 0 -1 4 0 0 0 99 0 0 13.0463
1 2 25 8 0 -1 4 0 0 0 99 0 0 17.6376
1 2 25 8 0 -1 4 0 0 0 99 0 0 6.9246
1 2 25 9 0 -1 4 0 0 0 99 0 0 19.9333
1 2 25 10 0 -1 4 0 0 0 99 0 0 17.6376
1 2 25 11 0 -1 4 0 0 0 99 0 0 10.7507
1 2 25 12 0 -1 4 0 0 0 99 0 0 6.15939
1 2 25 13 0 -1 4 0 0 0 99 0 0 4.62895
t 1 25 -3 1 1 0 0 0 0 -2
_00Canto
1 2 25 2 0 0 4 0 0 -2
1 2 25 13 0 0 4 0 0 -2
1 2 25 108 0 1 4 0 0 -1.66
1 2 61.25 3 0 -1 4 0 0 0 99 0 0 2.8833
1 2 61.25 4 0 -1 4 0 0 0 99 0 0 3.9833
1 2 61.25 5 0 -1 4 0 0 0 99 0 0 6.7333
1 2 61.25 6 0 -1 4 0 0 0 99 0 0 2.8833
1 2 61.25 6 0 -1 4 0 0 0 99 0 0 19.9333
1 2 61.25 7 0 -1 4 0 0 0 99 0 0 3.4333
1 2 61.25 7 0 -1 4 0 0 0 99 0 0 13.8833
1 2 61.25 8 0 -1 4 0 0 0 99 0 0 19.3833
1 2 61.25 8 0 -1 4 0 0 0 99 0 0 5.0833
1 2 61.25 9 0 -1 4 0 0 0 99 0 0 13.3333
1 2 61.25 10 0 -1 4 0 0 0 99 0 0 10.0333
1 2 61.25 11 0 -1 4 0 0 0 99 0 0 6.1833
1 2 61.25 12 0 -1 4 0 0 0 99 0 0 2.8833
1 2 61.25 13 0 -1 4 0 0 0 99 0 0 3.4333
t 1 61.25 -3 1 1 0 0 0 0 -2
_00Quinto
1 2 61.25 3 0 0 4 0 0 -2
1 2 61.25 13 0 0 4 0 0 -2
1 2 61.25 108 0 1 4 0 0 -1.66
1 1 97.5 10 0 -1 4 0 0 0 99 0 0 3.59044
1 1 97.5 11 0 -1 4 0 0 0 99 0 0 11.1333
1 1 97.5 12 0 -1 4 0 0 0 99 0 0 7.99044
1 2 97.5 1 0 -1 4 0 0 0 99 0 0 9.24759
1 2 97.5 1 0 -1 4 0 0 0 99 0 0 3.59044
1 2 97.5 2 0 -1 4 0 0 0 99 0 0 13.019
1 2 97.5 3 0 -1 4 0 0 0 99 0 0 19.9333
1 2 97.5 4 0 -1 4 0 0 0 99 0 0 16.7904
1 2 97.5 4 0 -1 4 0 0 0 99 0 0 4.21901
1 2 97.5 5 0 -1 4 0 0 0 99 0 0 14.2762
1 2 97.5 6 0 -1 4 0 0 0 99 0 0 3.59044
1 2 97.5 6 0 -1 4 0 0 0 99 0 0 15.5333
1 2 97.5 7 0 -1 4 0 0 0 99 0 0 4.21901
1 2 97.5 8 0 -1 4 0 0 0 99 0 0 3.59044
t 1 97.5 -3 1 1 0 0 0 0 -2
_00Alto
1 1 97.5 10 0 0 4 0 0 -2
1 2 97.5 8 0 0 4 0 0 -2
1 2 97.5 103 0 1 4 0 0 -1.66
1 1 133.75 9 0 -1 4 0 0 0 99 0 0 2.9402
1 1 133.75 10 0 -1 4 0 0 0 99 0 0 4.15399
1 1 133.75 11 0 -1 4 0 0 0 99 0 0 12.6505
1 1 133.75 12 0 -1 4 0 0 0 99 0 0 2.9402
1 1 133.75 12 0 -1 4 0 0 0 99 0 0 9.61606
1 2 133.75 1 0 -1 4 0 0 0 99 0 0 15.685
1 2 133.75 2 0 -1 4 0 0 0 99 0 0 19.9333
1 2 133.75 3 0 -1 4 0 0 0 99 0 0 16.8988
1 2 133.75 4 0 -1 4 0 0 0 99 0 0 12.6505
1 2 133.75 4 0 -1 4 0 0 0 99 0 0 4.76089
1 2 133.75 5 0 -1 4 0 0 0 99 0 0 9.00916
1 2 133.75 6 0 -1 4 0 0 0 99 0 0 6.58158
t 1 133.75 -3 1 1 0 0 0 0 -2
_00Tenore
1 1 133.75 9 0 0 4 0 0 -2
1 2 133.75 6 0 0 4 0 0 -2
1 2 133.75 102 0 1 4 0 0 -1.66
1 1 170 4 0 -1 4 0 0 0 99 0 0 7.9333
1 1 170 5 0 -1 4 0 0 0 99 0 0 3.1333
1 1 170 5 0 -1 4 0 0 0 99 0 0 3.1333
1 1 170 6 0 -1 4 0 0 0 99 0 0 3.9333
1 1 170 7 0 -1 4 0 0 0 99 0 0 14.3333
1 1 170 8 0 -1 4 0 0 0 99 0 0 15.9333
1 1 170 9 0 -1 4 0 0 0 99 0 0 19.9333
1 1 170 10 0 -1 4 0 0 0 99 0 0 16.7333
1 1 170 11 0 -1 4 0 0 0 99 0 0 12.7333
1 1 170 12 0 -1 4 0 0 0 99 0 0 3.1333
1 1 170 12 0 -1 4 0 0 0 99 0 0 4.7333
1 2 170 1 0 -1 4 0 0 0 99 0 0 7.1333
1 2 170 1 0 -1 4 0 0 0 99 0 0 3.9333
1 2 170 2 0 -1 4 0 0 0 99 0 0 7.1333
t 1 170 -3 1 1 0 0 0 0 -2
_00Basso
1 1 170 4 0 0 4 0 0 -2
1 2 170 2 0 0 4 0 0 -2
1 1 170 109 0 1 4 0 0 -1.66
