#define SVG t 1 1 \n_99%svg%
t 2 10 14 1 1 0 0 0 0 -1.35
_00
8 1 0 0 0 200
8 2 0 -6 0 200
14 1 0 2
14 1 200 2
14 1 0 2 8
3 2 2
3 1 2 0 1
1 2 25 4 0 -1 4 0 0 0 99 0 0 2.72441
1 2 25 5 0 -1 4 0 0 0 99 0 0 3.50663
1 2 25 6 0 -1 4 0 0 0 99 0 0 5.8533
1 2 25 7 0 -1 4 0 0 0 99 0 0 7.41774
1 2 25 8 0 -1 4 0 0 0 99 0 0 14.0666
1 2 25 8 0 -1 4 0 0 0 99 0 0 3.50663
1 2 25 9 0 -1 4 0 0 0 99 0 0 19.9333
1 2 25 10 0 -1 4 0 0 0 99 0 0 17.5866
1 2 25 11 0 -1 4 0 0 0 99 0 0 10.9377
1 2 25 12 0 -1 4 0 0 0 99 0 0 8.98219
t 1 25 -3 1 1 0 0 0 0 -2
_00Canto
1 2 25 4 0 0 4 0 0 -2
1 2 25 12 0 0 4 0 0 -2
1 2 25 109 0 1 4 0 0 -1.66
1 2 61.25 1 0 -1 4 0 0 0 99 0 0 2.9733
1 2 61.25 2 0 -1 4 0 0 0 99 0 0 4.8933
1 2 61.25 3 0 -1 4 0 0 0 99 0 0 3.9333
1 2 61.25 4 0 -1 4 0 0 0 99 0 0 7.1333
1 2 61.25 4 0 -1 4 0 0 0 99 0 0 3.9333
1 2 61.25 5 0 -1 4 0 0 0 99 0 0 15.4533
1 2 61.25 6 0 -1 4 0 0 0 99 0 0 4.2533
1 2 61.25 6 0 -1 4 0 0 0 99 0 0 19.9333
1 2 61.25 7 0 -1 4 0 0 0 99 0 0 3.2933
1 2 61.25 7 0 -1 4 0 0 0 99 0 0 11.6133
1 2 61.25 8 0 -1 4 0 0 0 99 0 0 11.2933
1 2 61.25 8 0 -1 4 0 0 0 99 0 0 3.9333
1 2 61.25 9 0 -1 4 0 0 0 99 0 0 5.5333
1 2 61.25 10 0 -1 4 0 0 0 99 0 0 2.6533
t 1 61.25 -3 1 1 0 0 0 0 -2
_00Alto
1 2 61.25 1 0 0 4 0 0 -2
1 2 61.25 10 0 0 4 0 0 -2
1 2 61.25 106 0 1 4 0 0 -1.66
1 1 97.5 11 0 -1 4 0 0 0 99 0 0 3.31108
1 1 97.5 12 0 -1 4 0 0 0 99 0 0 2.65923
1 1 97.5 12 0 -1 4 0 0 0 99 0 0 5.26663
1 2 97.5 1 0 -1 4 0 0 0 99 0 0 7.22219
1 2 97.5 1 0 -1 4 0 0 0 99 0 0 3.31108
1 2 97.5 2 0 -1 4 0 0 0 99 0 0 11.7852
1 2 97.5 3 0 -1 4 0 0 0 99 0 0 19.9333
1 2 97.5 4 0 -1 4 0 0 0 99 0 0 13.0889
1 2 97.5 4 0 -1 4 0 0 0 99 0 0 3.637
1 2 97.5 5 0 -1 4 0 0 0 99 0 0 15.3703
1 2 97.5 6 0 -1 4 0 0 0 99 0 0 9.50367
1 2 97.5 7 0 -1 4 0 0 0 99 0 0 2.65923
1 2 97.5 7 0 -1 4 0 0 0 99 0 0 4.61478
1 2 97.5 8 0 -1 4 0 0 0 99 0 0 4.61478
t 1 97.5 -3 1 1 0 0 0 0 -2
_00Quinto
1 1 97.5 11 0 0 4 0 0 -2
1 2 97.5 8 0 0 4 0 0 -2
1 2 97.5 103 0 1 4 0 0 -1.66
1 1 133.75 8 0 -1 4 0 0 0 99 0 0 2.76257
1 1 133.75 9 0 -1 4 0 0 0 99 0 0 4.90891
1 1 133.75 10 0 -1 4 0 0 0 99 0 0 8.34306
1 1 133.75 11 0 -1 4 0 0 0 99 0 0 13.4943
1 1 133.75 12 0 -1 4 0 0 0 99 0 0 6.19671
1 1 133.75 12 0 -1 4 0 0 0 99 0 0 12.2065
1 2 133.75 1 0 -1 4 0 0 0 99 0 0 15.2113
1 2 133.75 1 0 -1 4 0 0 0 99 0 0 3.6211
1 2 133.75 2 0 -1 4 0 0 0 99 0 0 19.9333
1 2 133.75 3 0 -1 4 0 0 0 99 0 0 11.3479
1 2 133.75 4 0 -1 4 0 0 0 99 0 0 7.48452
1 2 133.75 5 0 -1 4 0 0 0 99 0 0 7.05525
1 2 133.75 6 0 -1 4 0 0 0 99 0 0 6.19671
t 1 133.75 -3 1 1 0 0 0 0 -2
_00Tenore
1 1 133.75 8 0 0 4 0 0 -2
1 2 133.75 6 0 0 4 0 0 -2
1 2 133.75 101 0 1 4 0 0 -1.66
1 1 170 4 0 -1 4 0 0 0 99 0 0 3.0373
1 1 170 5 0 -1 4 0 0 0 99 0 0 3.0373
1 1 170 6 0 -1 4 0 0 0 99 0 0 10.0773
1 1 170 7 0 -1 4 0 0 0 99 0 0 13.5973
1 1 170 8 0 -1 4 0 0 0 99 0 0 16.4133
1 1 170 9 0 -1 4 0 0 0 99 0 0 17.1173
1 1 170 9 0 -1 4 0 0 0 99 0 0 3.0373
1 1 170 10 0 -1 4 0 0 0 99 0 0 19.9333
1 1 170 11 0 -1 4 0 0 0 99 0 0 19.2293
1 1 170 12 0 -1 4 0 0 0 99 0 0 6.5573
1 1 170 12 0 -1 4 0 0 0 99 0 0 4.4453
1 2 170 1 0 -1 4 0 0 0 99 0 0 7.9653
1 2 170 2 0 -1 4 0 0 0 99 0 0 5.8533
t 1 170 -3 1 1 0 0 0 0 -2
_00Basso
1 1 170 4 0 0 4 0 0 -2
1 2 170 2 0 0 4 0 0 -2
1 1 170 109 0 1 4 0 0 -1.66
