#define SVG t 1 1 \n_99%svg%
t 2 10 14 1 1 0 0 0 0 -1.35
_00
8 1 0 0 0 200
8 2 0 -6 0 200
14 1 0 2
14 1 200 2
14 1 0 2 8
3 2 2
3 1 2 0 1
1 2 25 1 0 -1 4 0 0 0 99 0 0 3.39997
1 2 25 2 0 -1 4 0 0 0 99 0 0 6.59997
1 2 25 3 0 -1 4 0 0 0 99 0 0 3.9333
1 2 25 4 0 -1 4 0 0 0 99 0 0 6.59997
1 2 25 4 0 -1 4 0 0 0 99 0 0 6.06663
1 2 25 5 0 -1 4 0 0 0 99 0 0 14.0666
1 2 25 6 0 -1 4 0 0 0 99 0 0 2.86663
1 2 25 6 0 -1 4 0 0 0 99 0 0 19.9333
1 2 25 7 0 -1 4 0 0 0 99 0 0 13
1 2 25 7 0 -1 4 0 0 0 99 0 0 4.99997
1 2 25 8 0 -1 4 0 0 0 99 0 0 8.7333
1 2 25 8 0 -1 4 0 0 0 99 0 0 2.86663
1 2 25 9 0 -1 4 0 0 0 99 0 0 15.1333
1 2 25 10 0 -1 4 0 0 0 99 0 0 5.5333
1 2 25 11 0 -1 4 0 0 0 99 0 0 2.86663
t 1 25 -3 1 1 0 0 0 0 -2
_00Canto
1 2 25 1 0 0 4 0 0 -2
1 2 25 11 0 0 4 0 0 -2
1 2 25 106 0 1 4 0 0 -1.66
1 2 61.25 1 0 -1 4 0 0 0 99 0 0 3.59044
1 2 61.25 2 0 -1 4 0 0 0 99 0 0 10.5047
1 2 61.25 3 0 -1 4 0 0 0 99 0 0 10.5047
1 2 61.25 4 0 -1 4 0 0 0 99 0 0 2.96187
1 2 61.25 4 0 -1 4 0 0 0 99 0 0 13.6476
1 2 61.25 5 0 -1 4 0 0 0 99 0 0 16.1619
1 2 61.25 6 0 -1 4 0 0 0 99 0 0 16.1619
1 2 61.25 7 0 -1 4 0 0 0 99 0 0 10.5047
1 2 61.25 7 0 -1 4 0 0 0 99 0 0 4.84759
1 2 61.25 8 0 -1 4 0 0 0 99 0 0 13.019
1 2 61.25 9 0 -1 4 0 0 0 99 0 0 19.9333
1 2 61.25 10 0 -1 4 0 0 0 99 0 0 6.7333
1 2 61.25 11 0 -1 4 0 0 0 99 0 0 2.96187
t 1 61.25 -3 1 1 0 0 0 0 -2
_00Quinto
1 2 61.25 1 0 0 4 0 0 -2
1 2 61.25 11 0 0 4 0 0 -2
1 2 61.25 106 0 1 4 0 0 -1.66
1 1 97.5 7 0 -1 4 0 0 0 99 0 0 3.1333
1 1 97.5 10 0 -1 4 0 0 0 99 0 0 5.1333
1 1 97.5 11 0 -1 4 0 0 0 99 0 0 6.3333
1 1 97.5 12 0 -1 4 0 0 0 99 0 0 4.3333
1 1 97.5 12 0 -1 4 0 0 0 99 0 0 3.5333
1 2 97.5 1 0 -1 4 0 0 0 99 0 0 6.7333
1 2 97.5 1 0 -1 4 0 0 0 99 0 0 5.5333
1 2 97.5 2 0 -1 4 0 0 0 99 0 0 19.9333
1 2 97.5 3 0 -1 4 0 0 0 99 0 0 3.9333
1 2 97.5 3 0 -1 4 0 0 0 99 0 0 5.9333
1 2 97.5 4 0 -1 4 0 0 0 99 0 0 10.7333
1 2 97.5 4 0 -1 4 0 0 0 99 0 0 3.5333
1 2 97.5 5 0 -1 4 0 0 0 99 0 0 11.1333
1 2 97.5 6 0 -1 4 0 0 0 99 0 0 5.9333
1 2 97.5 7 0 -1 4 0 0 0 99 0 0 3.1333
t 1 97.5 -3 1 1 0 0 0 0 -2
_00Alto
1 1 97.5 7 0 0 4 0 0 -2
1 2 97.5 7 0 0 4 0 0 -2
1 2 97.5 102 0 1 4 0 0 -1.66
1 1 133.75 7 0 -1 4 0 0 0 99 0 0 4.36407
1 1 133.75 8 0 -1 4 0 0 0 99 0 0 3.68715
1 1 133.75 9 0 -1 4 0 0 0 99 0 0 3.01022
1 1 133.75 9 0 -1 4 0 0 0 99 0 0 8.42561
1 1 133.75 10 0 -1 4 0 0 0 99 0 0 17.9025
1 1 133.75 11 0 -1 4 0 0 0 99 0 0 19.9333
1 1 133.75 12 0 -1 4 0 0 0 99 0 0 15.1948
1 1 133.75 12 0 -1 4 0 0 0 99 0 0 6.39484
1 2 133.75 1 0 -1 4 0 0 0 99 0 0 9.77945
1 2 133.75 2 0 -1 4 0 0 0 99 0 0 10.4564
1 2 133.75 3 0 -1 4 0 0 0 99 0 0 4.36407
1 2 133.75 4 0 -1 4 0 0 0 99 0 0 5.71792
t 1 133.75 -3 1 1 0 0 0 0 -2
_00Tenore
1 1 133.75 7 0 0 4 0 0 -2
1 2 133.75 4 0 0 4 0 0 -2
1 1 133.75 111 0 1 4 0 0 -1.66
1 1 170 2 0 -1 4 0 0 0 99 0 0 4.40389
1 1 170 3 0 -1 4 0 0 0 99 0 0 10.6157
1 1 170 4 0 -1 4 0 0 0 99 0 0 7.50977
1 1 170 5 0 -1 4 0 0 0 99 0 0 5.43918
1 1 170 5 0 -1 4 0 0 0 99 0 0 6.47448
1 1 170 6 0 -1 4 0 0 0 99 0 0 9.58036
1 1 170 6 0 -1 4 0 0 0 99 0 0 6.47448
1 1 170 7 0 -1 4 0 0 0 99 0 0 19.9333
1 1 170 8 0 -1 4 0 0 0 99 0 0 4.40389
1 1 170 9 0 -1 4 0 0 0 99 0 0 9.58036
1 1 170 9 0 -1 4 0 0 0 99 0 0 4.40389
1 1 170 10 0 -1 4 0 0 0 99 0 0 17.8627
1 1 170 11 0 -1 4 0 0 0 99 0 0 6.47448
1 1 170 12 0 -1 4 0 0 0 99 0 0 8.54506
t 1 170 -3 1 1 0 0 0 0 -2
_00Basso
1 1 170 2 0 0 4 0 0 -2
1 1 170 12 0 0 4 0 0 -2
1 1 170 107 0 1 4 0 0 -1.66
