#define SVG t 1 1 \n_99%svg%
t 2 10 14 1 1 0 0 0 0 -1.35
_00
8 1 0 0 0 200
8 2 0 -6 0 200
14 1 0 2
14 1 200 2
14 1 0 2 8
3 2 2
3 1 2 0 1
1 2 25 1 0 -1 4 0 0 0 99 0 0 3.54709
1 2 25 2 0 -1 4 0 0 0 99 0 0 5.36778
1 2 25 3 0 -1 4 0 0 0 99 0 0 10.8299
1 2 25 4 0 -1 4 0 0 0 99 0 0 12.6505
1 2 25 4 0 -1 4 0 0 0 99 0 0 3.54709
1 2 25 5 0 -1 4 0 0 0 99 0 0 16.2919
1 2 25 6 0 -1 4 0 0 0 99 0 0 19.9333
1 2 25 7 0 -1 4 0 0 0 99 0 0 16.8988
1 2 25 7 0 -1 4 0 0 0 99 0 0 3.54709
1 2 25 8 0 -1 4 0 0 0 99 0 0 18.7195
1 2 25 9 0 -1 4 0 0 0 99 0 0 12.0436
1 2 25 10 0 -1 4 0 0 0 99 0 0 2.9402
1 2 25 10 0 -1 4 0 0 0 99 0 0 2.9402
t 1 25 -3 1 1 0 0 0 0 -2
_00Canto
1 2 25 1 0 0 4 0 0 -2
1 2 25 10 0 0 4 0 0 -2
1 2 25 106 0 1 4 0 0 -1.66
1 2 54 1 0 -1 4 0 0 0 99 0 0 3.50663
1 2 54 2 0 -1 4 0 0 0 99 0 0 4.67997
1 2 54 3 0 -1 4 0 0 0 99 0 0 9.3733
1 2 54 4 0 -1 4 0 0 0 99 0 0 11.1333
1 2 54 4 0 -1 4 0 0 0 99 0 0 2.91997
1 2 54 5 0 -1 4 0 0 0 99 0 0 14.6533
1 2 54 6 0 -1 4 0 0 0 99 0 0 19.9333
1 2 54 7 0 -1 4 0 0 0 99 0 0 16.4133
1 2 54 7 0 -1 4 0 0 0 99 0 0 3.50663
1 2 54 8 0 -1 4 0 0 0 99 0 0 19.9333
1 2 54 8 0 -1 4 0 0 0 99 0 0 2.91997
1 2 54 9 0 -1 4 0 0 0 99 0 0 10.5466
1 2 54 11 0 -1 4 0 0 0 99 0 0 3.50663
t 1 54 -3 1 1 0 0 0 0 -2
_00Quinto
1 2 54 1 0 0 4 0 0 -2
1 2 54 11 0 0 4 0 0 -2
1 2 54 106 0 1 4 0 0 -1.66
1 1 83 10 0 -1 4 0 0 0 99 0 0 3.2133
1 1 83 11 0 -1 4 0 0 0 99 0 0 3.2133
1 1 83 12 0 -1 4 0 0 0 99 0 0 7.1733
1 1 83 12 0 -1 4 0 0 0 99 0 0 2.7733
1 2 83 1 0 -1 4 0 0 0 99 0 0 9.3733
1 2 83 1 0 -1 4 0 0 0 99 0 0 6.2933
1 2 83 2 0 -1 4 0 0 0 99 0 0 15.5333
1 2 83 3 0 -1 4 0 0 0 99 0 0 5.8533
1 2 83 3 0 -1 4 0 0 0 99 0 0 14.6533
1 2 83 4 0 -1 4 0 0 0 99 0 0 19.9333
1 2 83 5 0 -1 4 0 0 0 99 0 0 8.4933
1 2 83 6 0 -1 4 0 0 0 99 0 0 4.5333
t 1 83 -3 1 1 0 0 0 0 -2
_00Alto
1 1 83 10 0 0 4 0 0 -2
1 2 83 6 0 0 4 0 0 -2
1 2 83 103 0 1 4 0 0 -1.66
1 1 112 7 0 -1 4 0 0 0 99 0 0 5.59256
1 1 112 8 0 -1 4 0 0 0 99 0 0 2.98515
1 1 112 8 0 -1 4 0 0 0 99 0 0 6.24441
1 1 112 9 0 -1 4 0 0 0 99 0 0 12.7629
1 1 112 10 0 -1 4 0 0 0 99 0 0 16.674
1 1 112 11 0 -1 4 0 0 0 99 0 0 19.9333
1 1 112 12 0 -1 4 0 0 0 99 0 0 16.674
1 1 112 12 0 -1 4 0 0 0 99 0 0 2.98515
1 2 112 1 0 -1 4 0 0 0 99 0 0 14.0666
1 2 112 2 0 -1 4 0 0 0 99 0 0 10.8074
1 2 112 3 0 -1 4 0 0 0 99 0 0 4.28886
1 2 112 4 0 -1 4 0 0 0 99 0 0 6.24441
t 1 112 -3 1 1 0 0 0 0 -2
_00Tenore
1 1 112 7 0 0 4 0 0 -2
1 2 112 4 0 0 4 0 0 -2
1 1 112 111 0 1 4 0 0 -1.66
1 1 141 7 0 -1 4 0 0 0 99 0 0 5.1493
1 1 141 9 0 -1 4 0 0 0 99 0 0 5.1493
1 1 141 10 0 -1 4 0 0 0 99 0 0 7.9653
1 1 141 11 0 -1 4 0 0 0 99 0 0 15.0053
1 1 141 12 0 -1 4 0 0 0 99 0 0 17.8213
1 2 141 1 0 -1 4 0 0 0 99 0 0 19.9333
1 2 141 2 0 -1 4 0 0 0 99 0 0 15.7093
1 2 141 3 0 -1 4 0 0 0 99 0 0 4.4453
1 2 141 3 0 -1 4 0 0 0 99 0 0 5.1493
1 2 141 4 0 -1 4 0 0 0 99 0 0 5.8533
t 1 141 -3 1 1 0 0 0 0 -2
_00Sesto
1 1 141 7 0 0 4 0 0 -2
1 2 141 4 0 0 4 0 0 -2
1 1 141 112 0 1 4 0 0 -1.66
1 1 170 2 0 -1 4 0 0 0 99 0 0 6.7333
1 1 170 3 0 -1 4 0 0 0 99 0 0 3.4333
1 1 170 4 0 -1 4 0 0 0 99 0 0 7.8333
1 1 170 5 0 -1 4 0 0 0 99 0 0 12.2333
1 1 170 5 0 -1 4 0 0 0 99 0 0 5.6333
1 1 170 6 0 -1 4 0 0 0 99 0 0 17.7333
1 1 170 7 0 -1 4 0 0 0 99 0 0 12.2333
1 1 170 8 0 -1 4 0 0 0 99 0 0 7.8333
1 1 170 8 0 -1 4 0 0 0 99 0 0 5.6333
1 1 170 9 0 -1 4 0 0 0 99 0 0 19.9333
1 1 170 10 0 -1 4 0 0 0 99 0 0 12.2333
1 1 170 11 0 -1 4 0 0 0 99 0 0 12.2333
1 1 170 12 0 -1 4 0 0 0 99 0 0 13.3333
t 1 170 -3 1 1 0 0 0 0 -2
_00Basso
1 1 170 2 0 0 4 0 0 -2
1 1 170 12 0 0 4 0 0 -2
1 1 170 108 0 1 4 0 0 -1.66
