#define SVG t 1 1 \n_99%svg%
t 2 10 14 1 1 0 0 0 0 -1.35
_00
8 1 0 0 0 200
8 2 0 -6 0 200
14 1 0 2
14 1 200 2
14 1 0 2 8
3 2 2
3 1 2 0 1
1 2 25 1 0 -1 4 0 0 0 99 0 0 3.7413
1 2 25 1 0 -1 4 0 0 0 99 0 0 2.6853
1 2 25 2 0 -1 4 0 0 0 99 0 0 8.6693
1 2 25 3 0 -1 4 0 0 0 99 0 0 7.2613
1 2 25 4 0 -1 4 0 0 0 99 0 0 11.8373
1 2 25 5 0 -1 4 0 0 0 99 0 0 14.3013
1 2 25 6 0 -1 4 0 0 0 99 0 0 19.9333
1 2 25 7 0 -1 4 0 0 0 99 0 0 8.3173
1 2 25 8 0 -1 4 0 0 0 99 0 0 10.7813
1 2 25 9 0 -1 4 0 0 0 99 0 0 3.3893
t 1 25 -3 1 1 0 0 0 0 -2
_00Canto
1 2 25 1 0 0 4 0 0 -2
1 2 25 9 0 0 4 0 0 -2
1 2 25 105 0 1 4 0 0 -1.66
1 1 97.5 9 0 -1 4 0 0 0 99 0 0 5.4133
1 1 97.5 10 0 -1 4 0 0 0 99 0 0 3.6533
1 1 97.5 11 0 -1 4 0 0 0 99 0 0 7.6133
1 1 97.5 12 0 -1 4 0 0 0 99 0 0 6.2933
1 1 97.5 12 0 -1 4 0 0 0 99 0 0 5.8533
1 2 97.5 1 0 -1 4 0 0 0 99 0 0 18.6133
1 2 97.5 1 0 -1 4 0 0 0 99 0 0 2.7733
1 2 97.5 2 0 -1 4 0 0 0 99 0 0 17.7333
1 2 97.5 3 0 -1 4 0 0 0 99 0 0 19.9333
1 2 97.5 4 0 -1 4 0 0 0 99 0 0 19.4933
1 2 97.5 5 0 -1 4 0 0 0 99 0 0 4.0933
t 1 97.5 -3 1 1 0 0 0 0 -2
_00Tenore
1 1 97.5 9 0 0 4 0 0 -2
1 2 97.5 5 0 0 4 0 0 -2
1 2 97.5 102 0 1 4 0 0 -1.66
1 1 170 5 0 -1 4 0 0 0 99 0 0 3.25962
1 1 170 6 0 -1 4 0 0 0 99 0 0 5.11225
1 1 170 7 0 -1 4 0 0 0 99 0 0 8.81751
1 1 170 8 0 -1 4 0 0 0 99 0 0 2.79646
1 1 170 8 0 -1 4 0 0 0 99 0 0 3.72277
1 1 170 9 0 -1 4 0 0 0 99 0 0 17.1544
1 1 170 10 0 -1 4 0 0 0 99 0 0 12.9859
1 1 170 11 0 -1 4 0 0 0 99 0 0 19.9333
1 1 170 12 0 -1 4 0 0 0 99 0 0 12.9859
1 2 170 1 0 -1 4 0 0 0 99 0 0 15.3017
1 2 170 2 0 -1 4 0 0 0 99 0 0 6.50172
1 2 170 3 0 -1 4 0 0 0 99 0 0 2.79646
1 2 170 4 0 -1 4 0 0 0 99 0 0 2.79646
t 1 170 -3 1 1 0 0 0 0 -2
_00Basso
1 1 170 5 0 0 4 0 0 -2
1 2 170 4 0 0 4 0 0 -2
1 1 170 111 0 1 4 0 0 -1.66
