#define SVG t 1 1 \n_99%svg%
t 2 10 14 1 1 0 0 0 0 -1.35
_00
8 1 0 0 0 200
8 2 0 -6 0 200
14 1 0 2
14 1 200 2
14 1 0 2 8
3 2 2
3 1 2 0 1
1 1 25 10 0 -1 4 0 0 0 99 0 0 8.7333
1 1 25 11 0 -1 4 0 0 0 99 0 0 9.5333
1 1 25 12 0 -1 4 0 0 0 99 0 0 7.1333
1 2 25 1 0 -1 4 0 0 0 99 0 0 15.1333
1 2 25 2 0 -1 4 0 0 0 99 0 0 15.1333
1 2 25 3 0 -1 4 0 0 0 99 0 0 19.9333
1 2 25 4 0 -1 4 0 0 0 99 0 0 6.3333
1 2 25 4 0 -1 4 0 0 0 99 0 0 7.9333
1 2 25 5 0 -1 4 0 0 0 99 0 0 10.3333
1 2 25 6 0 -1 4 0 0 0 99 0 0 3.1333
t 1 25 -3 1 1 0 0 0 0 -2
_00Tenore
1 1 25 10 0 0 4 0 0 -2
1 2 25 6 0 0 4 0 0 -2
1 2 25 102 0 1 4 0 0 -1.66
1 1 170 10 0 -1 4 0 0 0 99 0 0 8.19997
1 1 170 11 0 -1 4 0 0 0 99 0 0 5.59256
1 1 170 12 0 -1 4 0 0 0 99 0 0 4.94071
1 2 170 1 0 -1 4 0 0 0 99 0 0 10.8074
1 2 170 2 0 -1 4 0 0 0 99 0 0 14.0666
1 2 170 3 0 -1 4 0 0 0 99 0 0 19.9333
1 2 170 4 0 -1 4 0 0 0 99 0 0 6.24441
1 2 170 4 0 -1 4 0 0 0 99 0 0 4.94071
1 2 170 5 0 -1 4 0 0 0 99 0 0 12.1111
t 1 170 -3 1 1 0 0 0 0 -2
_00Quinto
1 1 170 10 0 0 4 0 0 -2
1 2 170 5 0 0 4 0 0 -2
1 2 170 103 0 1 4 0 0 -1.66
