#define SVG t 1 1 \n_99%svg%
t 2 10 14 1 1 0 0 0 0 -1.35
_00
8 1 0 0 0 200
8 2 0 -6 0 200
14 1 0 2
14 1 200 2
14 1 0 2 8
3 2 2
3 1 2 0 1
1 2 25 4 0 -1 4 0 0 0 99 0 0 4.46663
1 2 25 5 0 -1 4 0 0 0 99 0 0 7.66663
1 2 25 6 0 -1 4 0 0 0 99 0 0 14.0666
1 2 25 7 0 -1 4 0 0 0 99 0 0 11.4
1 2 25 7 0 -1 4 0 0 0 99 0 0 8.19997
1 2 25 8 0 -1 4 0 0 0 99 0 0 19.9333
1 2 25 8 0 -1 4 0 0 0 99 0 0 3.39997
1 2 25 9 0 -1 4 0 0 0 99 0 0 16.2
1 2 25 10 0 -1 4 0 0 0 99 0 0 6.06663
1 2 25 10 0 -1 4 0 0 0 99 0 0 11.9333
1 2 25 11 0 -1 4 0 0 0 99 0 0 8.19997
1 2 25 12 0 -1 4 0 0 0 99 0 0 2.86663
t 1 25 -3 1 1 0 0 0 0 -2
_00Canto
1 2 25 4 0 0 4 0 0 -2
1 2 25 12 0 0 4 0 0 -2
1 2 25 108 0 1 4 0 0 -1.66
1 2 73.3333 2 0 -1 4 0 0 0 99 0 0 5.76745
1 2 73.3333 3 0 -1 4 0 0 0 99 0 0 2.76257
1 2 73.3333 3 0 -1 4 0 0 0 99 0 0 10.4894
1 2 73.3333 4 0 -1 4 0 0 0 99 0 0 17.3577
1 2 73.3333 4 0 -1 4 0 0 0 99 0 0 4.90891
1 2 73.3333 5 0 -1 4 0 0 0 99 0 0 19.9333
1 2 73.3333 6 0 -1 4 0 0 0 99 0 0 2.76257
1 2 73.3333 6 0 -1 4 0 0 0 99 0 0 17.3577
1 2 73.3333 7 0 -1 4 0 0 0 99 0 0 9.63086
1 2 73.3333 7 0 -1 4 0 0 0 99 0 0 3.19184
1 2 73.3333 8 0 -1 4 0 0 0 99 0 0 2.76257
t 1 73.3333 -3 1 1 0 0 0 0 -2
_00Alto
1 2 73.3333 2 0 0 4 0 0 -2
1 2 73.3333 8 0 0 4 0 0 -2
1 2 73.3333 105 0 1 4 0 0 -1.66
1 1 121.667 9 0 -1 4 0 0 0 99 0 0 3.19184
1 1 121.667 10 0 -1 4 0 0 0 99 0 0 6.19671
1 1 121.667 11 0 -1 4 0 0 0 99 0 0 10.4894
1 1 121.667 12 0 -1 4 0 0 0 99 0 0 10.9187
1 1 121.667 12 0 -1 4 0 0 0 99 0 0 4.47964
1 2 121.667 1 0 -1 4 0 0 0 99 0 0 18.2162
1 2 121.667 1 0 -1 4 0 0 0 99 0 0 4.47964
1 2 121.667 2 0 -1 4 0 0 0 99 0 0 19.9333
1 2 121.667 3 0 -1 4 0 0 0 99 0 0 3.19184
1 2 121.667 3 0 -1 4 0 0 0 99 0 0 9.20159
1 2 121.667 4 0 -1 4 0 0 0 99 0 0 7.48452
1 2 121.667 5 0 -1 4 0 0 0 99 0 0 7.05525
1 2 121.667 6 0 -1 4 0 0 0 99 0 0 3.19184
t 1 121.667 -3 1 1 0 0 0 0 -2
_00Tenore
1 1 121.667 9 0 0 4 0 0 -2
1 2 121.667 6 0 0 4 0 0 -2
1 2 121.667 101 0 1 4 0 0 -1.66
1 1 170 3 0 -1 4 0 0 0 99 0 0 2.96187
1 1 170 4 0 -1 4 0 0 0 99 0 0 3.59044
1 1 170 5 0 -1 4 0 0 0 99 0 0 5.47616
1 1 170 6 0 -1 4 0 0 0 99 0 0 9.87616
1 1 170 7 0 -1 4 0 0 0 99 0 0 17.419
1 1 170 8 0 -1 4 0 0 0 99 0 0 7.99044
1 1 170 8 0 -1 4 0 0 0 99 0 0 7.36187
1 1 170 9 0 -1 4 0 0 0 99 0 0 19.9333
1 1 170 9 0 -1 4 0 0 0 99 0 0 2.96187
1 1 170 10 0 -1 4 0 0 0 99 0 0 18.0476
1 1 170 11 0 -1 4 0 0 0 99 0 0 14.2762
1 1 170 12 0 -1 4 0 0 0 99 0 0 7.99044
1 2 170 1 0 -1 4 0 0 0 99 0 0 7.99044
1 2 170 2 0 -1 4 0 0 0 99 0 0 4.21901
t 1 170 -3 1 1 0 0 0 0 -2
_00Basso
1 1 170 3 0 0 4 0 0 -2
1 2 170 2 0 0 4 0 0 -2
1 1 170 109 0 1 4 0 0 -1.66
