#define SVG t 1 1 \n_99%svg%
t 2 10 14 1 1 0 0 0 0 -1.35
_00
8 1 0 0 0 200
8 2 0 -6 0 200
14 1 0 2
14 1 200 2
14 1 0 2 8
3 2 2
3 1 2 0 1
1 2 25 2 0 -1 4 0 0 0 99 0 0 2.83616
1 2 25 3 0 -1 4 0 0 0 99 0 0 2.83616
1 2 25 4 0 -1 4 0 0 0 99 0 0 2.83616
1 2 25 5 0 -1 4 0 0 0 99 0 0 3.84187
1 2 25 6 0 -1 4 0 0 0 99 0 0 3.33901
1 2 25 6 0 -1 4 0 0 0 99 0 0 11.8876
1 2 25 7 0 -1 4 0 0 0 99 0 0 2.83616
1 2 25 7 0 -1 4 0 0 0 99 0 0 16.4133
1 2 25 8 0 -1 4 0 0 0 99 0 0 16.9162
1 2 25 8 0 -1 4 0 0 0 99 0 0 4.34473
1 2 25 9 0 -1 4 0 0 0 99 0 0 17.419
1 2 25 10 0 -1 4 0 0 0 99 0 0 19.9333
1 2 25 11 0 -1 4 0 0 0 99 0 0 8.87044
1 2 25 12 0 -1 4 0 0 0 99 0 0 9.3733
t 1 25 -3 1 1 0 0 0 0 -2
_00Canto
1 2 25 2 0 0 4 0 0 -2
1 2 25 12 0 0 4 0 0 -2
1 2 25 109 0 1 4 0 0 -1.66
1 2 97.5 1 0 -1 4 0 0 0 99 0 0 3.11552
1 2 97.5 1 0 -1 4 0 0 0 99 0 0 2.72441
1 2 97.5 2 0 -1 4 0 0 0 99 0 0 5.8533
1 2 97.5 3 0 -1 4 0 0 0 99 0 0 10.9377
1 2 97.5 4 0 -1 4 0 0 0 99 0 0 7.02663
1 2 97.5 4 0 -1 4 0 0 0 99 0 0 7.41774
1 2 97.5 5 0 -1 4 0 0 0 99 0 0 15.6311
1 2 97.5 6 0 -1 4 0 0 0 99 0 0 5.07108
1 2 97.5 6 0 -1 4 0 0 0 99 0 0 19.9333
1 2 97.5 7 0 -1 4 0 0 0 99 0 0 3.11552
1 2 97.5 7 0 -1 4 0 0 0 99 0 0 8.59108
1 2 97.5 8 0 -1 4 0 0 0 99 0 0 9.3733
1 2 97.5 8 0 -1 4 0 0 0 99 0 0 3.11552
1 2 97.5 9 0 -1 4 0 0 0 99 0 0 7.80886
t 1 97.5 -3 1 1 0 0 0 0 -2
_00Alto
1 2 97.5 1 0 0 4 0 0 -2
1 2 97.5 9 0 0 4 0 0 -2
1 2 97.5 106 0 1 4 0 0 -1.66
1 1 170 9 0 -1 4 0 0 0 99 0 0 3.46878
1 1 170 10 0 -1 4 0 0 0 99 0 0 5.73975
1 1 170 11 0 -1 4 0 0 0 99 0 0 15.3914
1 1 170 12 0 -1 4 0 0 0 99 0 0 5.73975
1 1 170 12 0 -1 4 0 0 0 99 0 0 11.4172
1 2 170 1 0 -1 4 0 0 0 99 0 0 19.9333
1 2 170 1 0 -1 4 0 0 0 99 0 0 2.90104
1 2 170 2 0 -1 4 0 0 0 99 0 0 13.1204
1 2 170 3 0 -1 4 0 0 0 99 0 0 18.2301
1 2 170 4 0 -1 4 0 0 0 99 0 0 10.8494
1 2 170 4 0 -1 4 0 0 0 99 0 0 2.90104
1 2 170 5 0 -1 4 0 0 0 99 0 0 9.71395
1 2 170 6 0 -1 4 0 0 0 99 0 0 2.90104
t 1 170 -3 1 1 0 0 0 0 -2
_00Tenore
1 1 170 9 0 0 4 0 0 -2
1 2 170 6 0 0 4 0 0 -2
1 2 170 101 0 1 4 0 0 -1.66
