#define SVG t 1 1 \n_99%svg%
t 2 10 14 1 1 0 0 0 0 -1.35
_00
8 1 0 0 0 200
8 2 0 -6 0 200
14 1 0 2
14 1 200 2
14 1 0 2 8
3 2 2
3 1 2 0 1
1 2 25 3 0 -1 4 0 0 0 99 0 0 2.85095
1 2 25 4 0 -1 4 0 0 0 99 0 0 8.02742
1 2 25 4 0 -1 4 0 0 0 99 0 0 4.40389
1 2 25 5 0 -1 4 0 0 0 99 0 0 10.098
1 2 25 6 0 -1 4 0 0 0 99 0 0 19.9333
1 2 25 7 0 -1 4 0 0 0 99 0 0 17.8627
1 2 25 7 0 -1 4 0 0 0 99 0 0 3.36859
1 2 25 8 0 -1 4 0 0 0 99 0 0 13.2039
1 2 25 8 0 -1 4 0 0 0 99 0 0 3.36859
1 2 25 9 0 -1 4 0 0 0 99 0 0 13.7215
t 1 25 -3 1 1 0 0 0 0 -2
_00Canto
1 2 25 3 0 0 4 0 0 -2
1 2 25 9 0 0 4 0 0 -2
1 2 25 107 0 1 4 0 0 -1.66
1 1 73.3333 10 0 -1 4 0 0 0 99 0 0 2.78458
1 1 73.3333 11 0 -1 4 0 0 0 99 0 0 5.04099
1 1 73.3333 12 0 -1 4 0 0 0 99 0 0 6.84612
1 2 73.3333 1 0 -1 4 0 0 0 99 0 0 8.65125
1 2 73.3333 2 0 -1 4 0 0 0 99 0 0 14.5179
1 2 73.3333 3 0 -1 4 0 0 0 99 0 0 7.74868
1 2 73.3333 3 0 -1 4 0 0 0 99 0 0 10.9077
1 2 73.3333 4 0 -1 4 0 0 0 99 0 0 19.9333
1 2 73.3333 4 0 -1 4 0 0 0 99 0 0 4.13843
1 2 73.3333 5 0 -1 4 0 0 0 99 0 0 10.0051
1 2 73.3333 6 0 -1 4 0 0 0 99 0 0 5.49227
t 1 73.3333 -3 1 1 0 0 0 0 -2
_00Alto
1 1 73.3333 10 0 0 4 0 0 -2
1 2 73.3333 6 0 0 4 0 0 -2
1 2 73.3333 103 0 1 4 0 0 -1.66
1 1 121.667 7 0 -1 4 0 0 0 99 0 0 3.68715
1 1 121.667 8 0 -1 4 0 0 0 99 0 0 3.68715
1 1 121.667 9 0 -1 4 0 0 0 99 0 0 9.77945
1 1 121.667 9 0 -1 4 0 0 0 99 0 0 3.68715
1 1 121.667 10 0 -1 4 0 0 0 99 0 0 11.8102
1 1 121.667 11 0 -1 4 0 0 0 99 0 0 15.8718
1 1 121.667 12 0 -1 4 0 0 0 99 0 0 15.1948
1 2 121.667 1 0 -1 4 0 0 0 99 0 0 12.4871
1 2 121.667 1 0 -1 4 0 0 0 99 0 0 5.04099
1 2 121.667 2 0 -1 4 0 0 0 99 0 0 19.9333
1 2 121.667 3 0 -1 4 0 0 0 99 0 0 3.68715
1 2 121.667 4 0 -1 4 0 0 0 99 0 0 5.04099
t 1 121.667 -3 1 1 0 0 0 0 -2
_00Tenore
1 1 121.667 7 0 0 4 0 0 -2
1 2 121.667 4 0 0 4 0 0 -2
1 1 121.667 112 0 1 4 0 0 -1.66
1 1 170 7 0 -1 4 0 0 0 99 0 0 5.59256
1 1 170 8 0 -1 4 0 0 0 99 0 0 2.98515
1 1 170 9 0 -1 4 0 0 0 99 0 0 4.94071
1 1 170 9 0 -1 4 0 0 0 99 0 0 4.94071
1 1 170 10 0 -1 4 0 0 0 99 0 0 12.7629
1 1 170 11 0 -1 4 0 0 0 99 0 0 17.9777
1 1 170 12 0 -1 4 0 0 0 99 0 0 16.0222
1 1 170 12 0 -1 4 0 0 0 99 0 0 3.637
1 2 170 1 0 -1 4 0 0 0 99 0 0 17.3259
1 2 170 1 0 -1 4 0 0 0 99 0 0 2.98515
1 2 170 2 0 -1 4 0 0 0 99 0 0 19.9333
1 2 170 3 0 -1 4 0 0 0 99 0 0 2.98515
1 2 170 3 0 -1 4 0 0 0 99 0 0 4.94071
1 2 170 4 0 -1 4 0 0 0 99 0 0 4.94071
t 1 170 -3 1 1 0 0 0 0 -2
_00Quinto
1 1 170 7 0 0 4 0 0 -2
1 2 170 4 0 0 4 0 0 -2
1 1 170 112 0 1 4 0 0 -1.66
