#define SVG t 1 1 \n_99%svg%
t 2 10 14 1 1 0 0 0 0 -1.35
_00
8 1 0 0 0 200
8 2 0 -6 0 200
14 1 0 2
14 1 200 2
14 1 0 2 8
3 2 2
3 1 2 0 1
1 2 25 2 0 -1 4 0 0 0 99 0 0 4.28886
1 2 25 3 0 -1 4 0 0 0 99 0 0 6.63552
1 2 25 4 0 -1 4 0 0 0 99 0 0 7.02663
1 2 25 4 0 -1 4 0 0 0 99 0 0 3.11552
1 2 25 5 0 -1 4 0 0 0 99 0 0 7.41774
1 2 25 6 0 -1 4 0 0 0 99 0 0 19.9333
1 2 25 7 0 -1 4 0 0 0 99 0 0 5.07108
1 2 25 7 0 -1 4 0 0 0 99 0 0 7.41774
1 2 25 8 0 -1 4 0 0 0 99 0 0 10.5466
1 2 25 9 0 -1 4 0 0 0 99 0 0 6.24441
1 2 25 10 0 -1 4 0 0 0 99 0 0 2.72441
t 1 25 -3 1 1 0 0 0 0 -2
_00Canto
1 2 25 2 0 0 4 0 0 -2
1 2 25 10 0 0 4 0 0 -2
1 2 25 106 0 1 4 0 0 -1.66
1 1 61.25 11 0 -1 4 0 0 0 99 0 0 5.8533
1 1 61.25 12 0 -1 4 0 0 0 99 0 0 3.84187
1 2 61.25 1 0 -1 4 0 0 0 99 0 0 4.34473
1 2 61.25 1 0 -1 4 0 0 0 99 0 0 5.35044
1 2 61.25 2 0 -1 4 0 0 0 99 0 0 16.4133
1 2 61.25 3 0 -1 4 0 0 0 99 0 0 19.4304
1 2 61.25 4 0 -1 4 0 0 0 99 0 0 19.9333
1 2 61.25 4 0 -1 4 0 0 0 99 0 0 3.33901
1 2 61.25 5 0 -1 4 0 0 0 99 0 0 14.4019
1 2 61.25 6 0 -1 4 0 0 0 99 0 0 3.33901
1 2 61.25 6 0 -1 4 0 0 0 99 0 0 12.8933
t 1 61.25 -3 1 1 0 0 0 0 -2
_00Alto
1 1 61.25 11 0 0 4 0 0 -2
1 2 61.25 6 0 0 4 0 0 -2
1 2 61.25 104 0 1 4 0 0 -1.66
1 1 97.5 7 0 -1 4 0 0 0 99 0 0 6.30749
1 1 97.5 8 0 -1 4 0 0 0 99 0 0 4.03653
1 1 97.5 9 0 -1 4 0 0 0 99 0 0 5.17201
1 1 97.5 9 0 -1 4 0 0 0 99 0 0 3.46878
1 1 97.5 10 0 -1 4 0 0 0 99 0 0 7.44298
1 1 97.5 11 0 -1 4 0 0 0 99 0 0 2.90104
1 1 97.5 11 0 -1 4 0 0 0 99 0 0 16.5268
1 1 97.5 12 0 -1 4 0 0 0 99 0 0 5.73975
1 1 97.5 12 0 -1 4 0 0 0 99 0 0 6.87524
1 2 97.5 1 0 -1 4 0 0 0 99 0 0 19.9333
1 2 97.5 1 0 -1 4 0 0 0 99 0 0 4.60427
1 2 97.5 2 0 -1 4 0 0 0 99 0 0 17.6623
1 2 97.5 3 0 -1 4 0 0 0 99 0 0 12.5527
1 2 97.5 4 0 -1 4 0 0 0 99 0 0 5.73975
1 2 97.5 5 0 -1 4 0 0 0 99 0 0 2.90104
t 1 97.5 -3 1 1 0 0 0 0 -2
_00Tenore
1 1 97.5 7 0 0 4 0 0 -2
1 2 97.5 5 0 0 4 0 0 -2
1 2 97.5 101 0 1 4 0 0 -1.66
1 1 133.75 6 0 -1 4 0 0 0 99 0 0 2.96187
1 1 133.75 7 0 -1 4 0 0 0 99 0 0 6.7333
1 1 133.75 8 0 -1 4 0 0 0 99 0 0 7.36187
1 1 133.75 9 0 -1 4 0 0 0 99 0 0 10.5047
1 1 133.75 9 0 -1 4 0 0 0 99 0 0 3.59044
1 1 133.75 10 0 -1 4 0 0 0 99 0 0 13.019
1 1 133.75 11 0 -1 4 0 0 0 99 0 0 2.96187
1 1 133.75 11 0 -1 4 0 0 0 99 0 0 19.9333
1 1 133.75 12 0 -1 4 0 0 0 99 0 0 4.84759
1 1 133.75 12 0 -1 4 0 0 0 99 0 0 9.87616
1 2 133.75 1 0 -1 4 0 0 0 99 0 0 15.5333
1 2 133.75 1 0 -1 4 0 0 0 99 0 0 2.96187
1 2 133.75 2 0 -1 4 0 0 0 99 0 0 12.3904
1 2 133.75 3 0 -1 4 0 0 0 99 0 0 6.10473
1 2 133.75 4 0 -1 4 0 0 0 99 0 0 4.84759
1 2 133.75 5 0 -1 4 0 0 0 99 0 0 2.96187
t 1 133.75 -3 1 1 0 0 0 0 -2
_00Quinto
1 1 133.75 6 0 0 4 0 0 -2
1 2 133.75 5 0 0 4 0 0 -2
1 1 133.75 111 0 1 4 0 0 -1.66
1 1 170 2 0 -1 4 0 0 0 99 0 0 3.09852
1 1 170 2 0 -1 4 0 0 0 99 0 0 3.86373
1 1 170 3 0 -1 4 0 0 0 99 0 0 6.15939
1 1 170 4 0 -1 4 0 0 0 99 0 0 9.22026
1 1 170 5 0 -1 4 0 0 0 99 0 0 3.09852
1 1 170 6 0 -1 4 0 0 0 99 0 0 6.15939
1 1 170 7 0 -1 4 0 0 0 99 0 0 19.9333
1 1 170 8 0 -1 4 0 0 0 99 0 0 12.2811
1 1 170 9 0 -1 4 0 0 0 99 0 0 19.9333
1 1 170 10 0 -1 4 0 0 0 99 0 0 14.5768
1 1 170 11 0 -1 4 0 0 0 99 0 0 17.6376
1 1 170 12 0 -1 4 0 0 0 99 0 0 3.09852
1 1 170 12 0 -1 4 0 0 0 99 0 0 4.62895
1 2 170 1 0 -1 4 0 0 0 99 0 0 4.62895
t 1 170 -3 1 1 0 0 0 0 -2
_00Basso
1 1 170 2 0 0 4 0 0 -2
1 2 170 1 0 0 4 0 0 -2
1 1 170 109 0 1 4 0 0 -1.66
