#define SVG t 1 1 \n_99%svg%
t 2 10 14 1 1 0 0 0 0 -1.35
_00
8 1 0 0 0 200
8 2 0 -6 0 200
14 1 0 2
14 1 200 2
14 1 0 2 8
3 2 2
3 1 2 0 1
1 2 170 1 0 -1 4 0 0 0 99 0 0 2.6533
1 2 170 2 0 -1 4 0 0 0 99 0 0 3.2933
1 2 170 3 0 -1 4 0 0 0 99 0 0 2.9733
1 2 170 3 0 -1 4 0 0 0 99 0 0 4.5733
1 2 170 4 0 -1 4 0 0 0 99 0 0 4.8933
1 2 170 4 0 -1 4 0 0 0 99 0 0 5.5333
1 2 170 5 0 -1 4 0 0 0 99 0 0 13.5333
1 2 170 6 0 -1 4 0 0 0 99 0 0 4.8933
1 2 170 6 0 -1 4 0 0 0 99 0 0 19.9333
1 2 170 7 0 -1 4 0 0 0 99 0 0 3.2933
1 2 170 7 0 -1 4 0 0 0 99 0 0 13.5333
1 2 170 8 0 -1 4 0 0 0 99 0 0 12.5733
1 2 170 8 0 -1 4 0 0 0 99 0 0 2.9733
1 2 170 9 0 -1 4 0 0 0 99 0 0 7.7733
1 2 170 10 0 -1 4 0 0 0 99 0 0 4.5733
1 2 170 11 0 -1 4 0 0 0 99 0 0 2.9733
t 1 170 -3 1 1 0 0 0 0 -2
_00Quinto
1 2 170 1 0 0 4 0 0 -2
1 2 170 11 0 0 4 0 0 -2
1 2 170 106 0 1 4 0 0 -1.66
