#define SVG t 1 1 \n_99%svg%
t 2 10 14 1 1 0 0 0 0 -1.35
_00
8 1 0 0 0 200
8 2 0 -6 0 200
14 1 0 2
14 1 200 2
14 1 0 2 8
3 2 2
3 1 2 0 1
1 2 25 5 0 -1 4 0 0 0 99 0 0 3.25962
1 2 25 6 0 -1 4 0 0 0 99 0 0 3.25962
1 2 25 6 0 -1 4 0 0 0 99 0 0 6.50172
1 2 25 7 0 -1 4 0 0 0 99 0 0 6.50172
1 2 25 8 0 -1 4 0 0 0 99 0 0 13.4491
1 2 25 8 0 -1 4 0 0 0 99 0 0 2.79646
1 2 25 9 0 -1 4 0 0 0 99 0 0 7.89119
1 2 25 10 0 -1 4 0 0 0 99 0 0 19.9333
1 2 25 11 0 -1 4 0 0 0 99 0 0 11.1333
1 2 25 11 0 -1 4 0 0 0 99 0 0 3.72277
1 2 25 12 0 -1 4 0 0 0 99 0 0 3.25962
t 1 25 -3 1 1 0 0 0 0 -2
_00Canto
1 2 25 5 0 0 4 0 0 -2
1 2 25 12 0 0 4 0 0 -2
1 2 25 110 0 1 4 0 0 -1.66
1 1 61.25 10 0 -1 4 0 0 0 99 0 0 2.83616
1 1 61.25 11 0 -1 4 0 0 0 99 0 0 3.33901
1 1 61.25 12 0 -1 4 0 0 0 99 0 0 3.84187
1 2 61.25 1 0 -1 4 0 0 0 99 0 0 3.33901
1 2 61.25 2 0 -1 4 0 0 0 99 0 0 3.33901
1 2 61.25 3 0 -1 4 0 0 0 99 0 0 8.36759
1 2 61.25 4 0 -1 4 0 0 0 99 0 0 4.84759
1 2 61.25 5 0 -1 4 0 0 0 99 0 0 19.9333
1 2 61.25 6 0 -1 4 0 0 0 99 0 0 2.83616
1 2 61.25 6 0 -1 4 0 0 0 99 0 0 16.9162
1 2 61.25 7 0 -1 4 0 0 0 99 0 0 8.36759
1 2 61.25 8 0 -1 4 0 0 0 99 0 0 14.4019
t 1 61.25 -3 1 1 0 0 0 0 -2
_00Alto
1 1 61.25 10 0 0 4 0 0 -2
1 2 61.25 8 0 0 4 0 0 -2
1 2 61.25 106 0 1 4 0 0 -1.66
1 1 97.5 8 0 -1 4 0 0 0 99 0 0 2.9402
1 1 97.5 9 0 -1 4 0 0 0 99 0 0 7.18847
1 1 97.5 10 0 -1 4 0 0 0 99 0 0 9.00916
1 1 97.5 11 0 -1 4 0 0 0 99 0 0 16.2919
1 1 97.5 12 0 -1 4 0 0 0 99 0 0 13.2574
1 2 97.5 1 0 -1 4 0 0 0 99 0 0 19.9333
1 2 97.5 1 0 -1 4 0 0 0 99 0 0 4.15399
1 2 97.5 2 0 -1 4 0 0 0 99 0 0 4.76089
1 2 97.5 3 0 -1 4 0 0 0 99 0 0 10.223
1 2 97.5 4 0 -1 4 0 0 0 99 0 0 4.76089
1 2 97.5 5 0 -1 4 0 0 0 99 0 0 5.36778
1 2 97.5 6 0 -1 4 0 0 0 99 0 0 2.9402
t 1 97.5 -3 1 1 0 0 0 0 -2
_00Tenore
1 1 97.5 8 0 0 4 0 0 -2
1 2 97.5 6 0 0 4 0 0 -2
1 1 97.5 112 0 1 4 0 0 -1.66
1 1 133.75 9 0 -1 4 0 0 0 99 0 0 3.76033
1 1 133.75 10 0 -1 4 0 0 0 99 0 0 3.76033
1 1 133.75 11 0 -1 4 0 0 0 99 0 0 6.61438
1 1 133.75 12 0 -1 4 0 0 0 99 0 0 3.76033
1 2 133.75 1 0 -1 4 0 0 0 99 0 0 16.1279
1 2 133.75 2 0 -1 4 0 0 0 99 0 0 9.46844
1 2 133.75 3 0 -1 4 0 0 0 99 0 0 19.9333
1 2 133.75 4 0 -1 4 0 0 0 99 0 0 6.61438
1 2 133.75 5 0 -1 4 0 0 0 99 0 0 10.4198
1 2 133.75 6 0 -1 4 0 0 0 99 0 0 6.13871
t 1 133.75 -3 1 1 0 0 0 0 -2
_00Quinto
1 1 133.75 9 0 0 4 0 0 -2
1 2 133.75 6 0 0 4 0 0 -2
1 2 133.75 103 0 1 4 0 0 -1.66
1 1 170 4 0 -1 4 0 0 0 99 0 0 9.58036
1 1 170 6 0 -1 4 0 0 0 99 0 0 16.8274
1 1 170 7 0 -1 4 0 0 0 99 0 0 11.6509
1 1 170 8 0 -1 4 0 0 0 99 0 0 19.9333
1 1 170 9 0 -1 4 0 0 0 99 0 0 17.8627
1 1 170 10 0 -1 4 0 0 0 99 0 0 12.6862
1 1 170 11 0 -1 4 0 0 0 99 0 0 16.8274
1 1 170 12 0 -1 4 0 0 0 99 0 0 3.36859
1 2 170 1 0 -1 4 0 0 0 99 0 0 12.6862
t 1 170 -3 1 1 0 0 0 0 -2
_00Basso
1 1 170 4 0 0 4 0 0 -2
1 2 170 1 0 0 4 0 0 -2
1 1 170 109 0 1 4 0 0 -1.66
