#define SVG t 1 1 \n_99%svg%
t 2 10 14 1 1 0 0 0 0 -1.35
_00
8 1 0 0 0 200
8 2 0 -6 0 200
14 1 0 2
14 1 200 2
14 1 0 2 8
3 2 2
3 1 2 0 1
1 2 25 5 0 -1 4 0 0 0 99 0 0 4.42854
1 2 25 6 0 -1 4 0 0 0 99 0 0 6.94282
1 2 25 7 0 -1 4 0 0 0 99 0 0 3.1714
1 2 25 7 0 -1 4 0 0 0 99 0 0 8.19997
1 2 25 8 0 -1 4 0 0 0 99 0 0 19.9333
1 2 25 8 0 -1 4 0 0 0 99 0 0 3.59044
1 2 25 9 0 -1 4 0 0 0 99 0 0 14.4857
1 2 25 10 0 -1 4 0 0 0 99 0 0 18.2571
1 2 25 11 0 -1 4 0 0 0 99 0 0 8.19997
1 2 25 11 0 -1 4 0 0 0 99 0 0 2.75235
1 2 25 12 0 -1 4 0 0 0 99 0 0 11.1333
1 2 25 13 0 -1 4 0 0 0 99 0 0 3.59044
t 1 25 -3 1 1 0 0 0 0 -2
_00Canto
1 2 25 5 0 0 4 0 0 -2
1 2 25 13 0 0 4 0 0 -2
1 2 25 109 0 1 4 0 0 -1.66
1 1 97.5 8 0 -1 4 0 0 0 99 0 0 2.75235
1 1 97.5 9 0 -1 4 0 0 0 99 0 0 3.1714
1 1 97.5 10 0 -1 4 0 0 0 99 0 0 8.19997
1 1 97.5 11 0 -1 4 0 0 0 99 0 0 2.75235
1 1 97.5 11 0 -1 4 0 0 0 99 0 0 13.2285
1 1 97.5 12 0 -1 4 0 0 0 99 0 0 12.8095
1 2 97.5 1 0 -1 4 0 0 0 99 0 0 19.9333
1 2 97.5 2 0 -1 4 0 0 0 99 0 0 10.2952
1 2 97.5 3 0 -1 4 0 0 0 99 0 0 11.5523
1 2 97.5 4 0 -1 4 0 0 0 99 0 0 4.42854
1 2 97.5 4 0 -1 4 0 0 0 99 0 0 4.00949
1 2 97.5 5 0 -1 4 0 0 0 99 0 0 8.61901
1 2 97.5 6 0 -1 4 0 0 0 99 0 0 3.1714
t 1 97.5 -3 1 1 0 0 0 0 -2
_00Tenore
1 1 97.5 8 0 0 4 0 0 -2
1 2 97.5 6 0 0 4 0 0 -2
1 2 97.5 101 0 1 4 0 0 -1.66
1 1 170 9 0 -1 4 0 0 0 99 0 0 2.7426
1 1 170 9 0 -1 4 0 0 0 99 0 0 3.1519
1 1 170 10 0 -1 4 0 0 0 99 0 0 5.19842
1 1 170 11 0 -1 4 0 0 0 99 0 0 3.97051
1 1 170 11 0 -1 4 0 0 0 99 0 0 8.47283
1 1 170 12 0 -1 4 0 0 0 99 0 0 9.29144
1 2 170 1 0 -1 4 0 0 0 99 0 0 17.8868
1 2 170 1 0 -1 4 0 0 0 99 0 0 3.97051
1 2 170 2 0 -1 4 0 0 0 99 0 0 18.7054
1 2 170 3 0 -1 4 0 0 0 99 0 0 19.9333
1 2 170 4 0 -1 4 0 0 0 99 0 0 10.11
1 2 170 4 0 -1 4 0 0 0 99 0 0 3.56121
1 2 170 5 0 -1 4 0 0 0 99 0 0 15.0217
1 2 170 6 0 -1 4 0 0 0 99 0 0 5.19842
t 1 170 -3 1 1 0 0 0 0 -2
_00Quinto
1 1 170 9 0 0 4 0 0 -2
1 2 170 6 0 0 4 0 0 -2
1 2 170 102 0 1 4 0 0 -1.66
