#define SVG t 1 1 \n_99%svg%
t 2 10 14 1 1 0 0 0 0 -1.35
_00
8 1 0 0 0 200
8 2 0 -6 0 200
14 1 0 2
14 1 200 2
14 1 0 2 8
3 2 2
3 1 2 0 1
1 2 25 5 0 -1 4 0 0 0 99 0 0 2.98515
1 2 25 6 0 -1 4 0 0 0 99 0 0 6.89626
1 2 25 6 0 -1 4 0 0 0 99 0 0 14.7185
1 2 25 7 0 -1 4 0 0 0 99 0 0 16.0222
1 2 25 8 0 -1 4 0 0 0 99 0 0 19.9333
1 2 25 8 0 -1 4 0 0 0 99 0 0 8.19997
1 2 25 9 0 -1 4 0 0 0 99 0 0 19.9333
1 2 25 10 0 -1 4 0 0 0 99 0 0 18.6296
1 2 25 11 0 -1 4 0 0 0 99 0 0 8.19997
1 2 25 11 0 -1 4 0 0 0 99 0 0 2.98515
1 2 25 12 0 -1 4 0 0 0 99 0 0 4.94071
1 2 25 13 0 -1 4 0 0 0 99 0 0 4.28886
t 1 25 -3 1 1 0 0 0 0 -2
_00Canto
1 2 25 5 0 0 4 0 0 -2
1 2 25 13 0 0 4 0 0 -2
1 2 25 108 0 1 4 0 0 -1.66
1 2 61.25 4 0 -1 4 0 0 0 99 0 0 3.25962
1 2 61.25 5 0 -1 4 0 0 0 99 0 0 3.25962
1 2 61.25 6 0 -1 4 0 0 0 99 0 0 4.64909
1 2 61.25 6 0 -1 4 0 0 0 99 0 0 10.207
1 2 61.25 7 0 -1 4 0 0 0 99 0 0 9.28067
1 2 61.25 8 0 -1 4 0 0 0 99 0 0 9.28067
1 2 61.25 8 0 -1 4 0 0 0 99 0 0 5.11225
1 2 61.25 9 0 -1 4 0 0 0 99 0 0 13.4491
1 2 61.25 10 0 -1 4 0 0 0 99 0 0 19.9333
1 2 61.25 11 0 -1 4 0 0 0 99 0 0 9.28067
1 2 61.25 11 0 -1 4 0 0 0 99 0 0 2.79646
1 2 61.25 12 0 -1 4 0 0 0 99 0 0 7.89119
1 2 61.25 13 0 -1 4 0 0 0 99 0 0 3.72277
t 1 61.25 -3 1 1 0 0 0 0 -2
_00Quinto
1 2 61.25 4 0 0 4 0 0 -2
1 2 61.25 13 0 0 4 0 0 -2
1 2 61.25 109 0 1 4 0 0 -1.66
1 1 97.5 11 0 -1 4 0 0 0 99 0 0 3.36859
1 1 97.5 12 0 -1 4 0 0 0 99 0 0 3.0235
1 2 97.5 1 0 -1 4 0 0 0 99 0 0 4.05879
1 2 97.5 2 0 -1 4 0 0 0 99 0 0 6.12938
1 2 97.5 3 0 -1 4 0 0 0 99 0 0 8.19997
1 2 97.5 4 0 -1 4 0 0 0 99 0 0 7.50977
1 2 97.5 5 0 -1 4 0 0 0 99 0 0 7.16467
1 2 97.5 6 0 -1 4 0 0 0 99 0 0 5.78428
1 2 97.5 6 0 -1 4 0 0 0 99 0 0 19.9333
1 2 97.5 7 0 -1 4 0 0 0 99 0 0 6.47448
1 2 97.5 8 0 -1 4 0 0 0 99 0 0 8.19997
1 2 97.5 9 0 -1 4 0 0 0 99 0 0 2.6784
t 1 97.5 -3 1 1 0 0 0 0 -2
_00Alto
1 1 97.5 11 0 0 4 0 0 -2
1 2 97.5 9 0 0 4 0 0 -2
1 2 97.5 106 0 1 4 0 0 -1.66
1 1 133.75 10 0 -1 4 0 0 0 99 0 0 2.91997
1 1 133.75 11 0 -1 4 0 0 0 99 0 0 14.6533
1 1 133.75 12 0 -1 4 0 0 0 99 0 0 3.50663
1 1 133.75 12 0 -1 4 0 0 0 99 0 0 8.19997
1 2 133.75 1 0 -1 4 0 0 0 99 0 0 11.72
1 2 133.75 2 0 -1 4 0 0 0 99 0 0 14.6533
1 2 133.75 3 0 -1 4 0 0 0 99 0 0 19.9333
1 2 133.75 4 0 -1 4 0 0 0 99 0 0 10.5466
1 2 133.75 5 0 -1 4 0 0 0 99 0 0 6.43997
1 2 133.75 6 0 -1 4 0 0 0 99 0 0 2.91997
1 2 133.75 6 0 -1 4 0 0 0 99 0 0 6.43997
t 1 133.75 -3 1 1 0 0 0 0 -2
_00Tenore
1 1 133.75 10 0 0 4 0 0 -2
1 2 133.75 6 0 0 4 0 0 -2
1 2 133.75 102 0 1 4 0 0 -1.66
1 1 170 6 0 -1 4 0 0 0 99 0 0 3.01022
1 1 170 7 0 -1 4 0 0 0 99 0 0 7.07176
1 1 170 8 0 -1 4 0 0 0 99 0 0 9.77945
1 1 170 9 0 -1 4 0 0 0 99 0 0 8.42561
1 1 170 10 0 -1 4 0 0 0 99 0 0 8.42561
1 1 170 11 0 -1 4 0 0 0 99 0 0 19.9333
1 1 170 12 0 -1 4 0 0 0 99 0 0 3.01022
1 1 170 12 0 -1 4 0 0 0 99 0 0 5.71792
1 2 170 1 0 -1 4 0 0 0 99 0 0 8.42561
1 2 170 1 0 -1 4 0 0 0 99 0 0 3.01022
1 2 170 2 0 -1 4 0 0 0 99 0 0 9.77945
1 2 170 3 0 -1 4 0 0 0 99 0 0 7.07176
1 2 170 4 0 -1 4 0 0 0 99 0 0 4.36407
t 1 170 -3 1 1 0 0 0 0 -2
_00Basso
1 1 170 6 0 0 4 0 0 -2
1 2 170 4 0 0 4 0 0 -2
1 1 170 111 0 1 4 0 0 -1.66
