#define SVG t 1 1 \n_99%svg%
t 2 10 14 1 1 0 0 0 0 -1.35
_00
8 1 0 0 0 200
8 2 0 -6 0 200
14 1 0 2
14 1 200 2
14 1 0 2 8
3 2 2
3 1 2 0 1
1 1 170 7 0 -1 4 0 0 0 99 0 0 3.7413
1 1 170 8 0 -1 4 0 0 0 99 0 0 2.6853
1 1 170 9 0 -1 4 0 0 0 99 0 0 6.9093
1 1 170 9 0 -1 4 0 0 0 99 0 0 3.0373
1 1 170 10 0 -1 4 0 0 0 99 0 0 14.3013
1 1 170 11 0 -1 4 0 0 0 99 0 0 13.9493
1 1 170 12 0 -1 4 0 0 0 99 0 0 19.9333
1 1 170 12 0 -1 4 0 0 0 99 0 0 4.4453
1 2 170 1 0 -1 4 0 0 0 99 0 0 16.7653
1 2 170 1 0 -1 4 0 0 0 99 0 0 3.3893
1 2 170 2 0 -1 4 0 0 0 99 0 0 15.7093
1 2 170 3 0 -1 4 0 0 0 99 0 0 3.0373
t 1 170 -3 1 1 0 0 0 0 -2
_00Tenore
1 1 170 7 0 0 4 0 0 -2
1 2 170 3 0 0 4 0 0 -2
1 1 170 112 0 1 4 0 0 -1.66
