#define SVG t 1 1 \n_99%svg%
t 2 10 14 1 1 0 0 0 0 -1.35
_00
8 1 0 0 0 200
8 2 0 -6 0 200
14 1 0 2
14 1 200 2
14 1 0 2 8
3 2 2
3 1 2 0 1
1 2 25 1 0 -1 4 0 0 0 99 0 0 3.31108
1 2 25 2 0 -1 4 0 0 0 99 0 0 3.79997
1 2 25 3 0 -1 4 0 0 0 99 0 0 5.26663
1 2 25 4 0 -1 4 0 0 0 99 0 0 7.22219
1 2 25 5 0 -1 4 0 0 0 99 0 0 8.68886
1 2 25 6 0 -1 4 0 0 0 99 0 0 19.9333
1 2 25 7 0 -1 4 0 0 0 99 0 0 12.1111
1 2 25 7 0 -1 4 0 0 0 99 0 0 4.28886
1 2 25 8 0 -1 4 0 0 0 99 0 0 18.4666
1 2 25 8 0 -1 4 0 0 0 99 0 0 3.79997
1 2 25 9 0 -1 4 0 0 0 99 0 0 19.9333
1 2 25 10 0 -1 4 0 0 0 99 0 0 4.28886
1 2 25 10 0 -1 4 0 0 0 99 0 0 8.19997
1 2 25 11 0 -1 4 0 0 0 99 0 0 6.24441
t 1 25 -3 1 1 0 0 0 0 -2
_00Canto
1 2 25 1 0 0 4 0 0 -2
1 2 25 11 0 0 4 0 0 -2
1 2 25 108 0 1 4 0 0 -1.66
1 2 54 3 0 -1 4 0 0 0 99 0 0 4.99997
1 2 54 4 0 -1 4 0 0 0 99 0 0 8.7333
1 2 54 4 0 -1 4 0 0 0 99 0 0 9.79997
1 2 54 5 0 -1 4 0 0 0 99 0 0 16.2
1 2 54 6 0 -1 4 0 0 0 99 0 0 19.9333
1 2 54 7 0 -1 4 0 0 0 99 0 0 14.6
1 2 54 7 0 -1 4 0 0 0 99 0 0 4.99997
1 2 54 8 0 -1 4 0 0 0 99 0 0 18.8666
1 2 54 8 0 -1 4 0 0 0 99 0 0 4.46663
1 2 54 9 0 -1 4 0 0 0 99 0 0 13.5333
1 2 54 10 0 -1 4 0 0 0 99 0 0 2.86663
1 2 54 10 0 -1 4 0 0 0 99 0 0 6.59997
1 2 54 11 0 -1 4 0 0 0 99 0 0 5.5333
t 1 54 -3 1 1 0 0 0 0 -2
_00Quinto
1 2 54 3 0 0 4 0 0 -2
1 2 54 11 0 0 4 0 0 -2
1 2 54 107 0 1 4 0 0 -1.66
1 1 83 9 0 -1 4 0 0 0 99 0 0 3.25962
1 1 83 10 0 -1 4 0 0 0 99 0 0 5.57541
1 1 83 11 0 -1 4 0 0 0 99 0 0 4.64909
1 1 83 12 0 -1 4 0 0 0 99 0 0 4.64909
1 2 83 1 0 -1 4 0 0 0 99 0 0 9.74383
1 2 83 1 0 -1 4 0 0 0 99 0 0 2.79646
1 2 83 2 0 -1 4 0 0 0 99 0 0 17.6175
1 2 83 3 0 -1 4 0 0 0 99 0 0 3.25962
1 2 83 3 0 -1 4 0 0 0 99 0 0 13.4491
1 2 83 4 0 -1 4 0 0 0 99 0 0 19.9333
1 2 83 4 0 -1 4 0 0 0 99 0 0 3.25962
1 2 83 5 0 -1 4 0 0 0 99 0 0 12.0596
1 2 83 6 0 -1 4 0 0 0 99 0 0 7.89119
1 2 83 7 0 -1 4 0 0 0 99 0 0 2.79646
t 1 83 -3 1 1 0 0 0 0 -2
_00Alto
1 1 83 9 0 0 4 0 0 -2
1 2 83 7 0 0 4 0 0 -2
1 2 83 103 0 1 4 0 0 -1.66
1 1 112 7 0 -1 4 0 0 0 99 0 0 6.24441
1 1 112 8 0 -1 4 0 0 0 99 0 0 6.89626
1 1 112 9 0 -1 4 0 0 0 99 0 0 7.54811
1 1 112 10 0 -1 4 0 0 0 99 0 0 14.7185
1 1 112 11 0 -1 4 0 0 0 99 0 0 19.9333
1 1 112 12 0 -1 4 0 0 0 99 0 0 12.7629
1 1 112 12 0 -1 4 0 0 0 99 0 0 3.637
1 2 112 1 0 -1 4 0 0 0 99 0 0 16.0222
1 2 112 2 0 -1 4 0 0 0 99 0 0 10.1555
1 2 112 3 0 -1 4 0 0 0 99 0 0 4.94071
1 2 112 4 0 -1 4 0 0 0 99 0 0 6.89626
1 2 112 4 0 -1 4 0 0 0 99 0 0 2.98515
1 2 112 5 0 -1 4 0 0 0 99 0 0 3.637
t 1 112 -3 1 1 0 0 0 0 -2
_00Tenore
1 1 112 7 0 0 4 0 0 -2
1 2 112 5 0 0 4 0 0 -2
1 1 112 111 0 1 4 0 0 -1.66
1 1 141 2 0 -1 4 0 0 0 99 0 0 4.03653
1 1 141 3 0 -1 4 0 0 0 99 0 0 4.03653
1 1 141 4 0 -1 4 0 0 0 99 0 0 11.4172
1 1 141 5 0 -1 4 0 0 0 99 0 0 9.1462
1 1 141 6 0 -1 4 0 0 0 99 0 0 10.2817
1 1 141 7 0 -1 4 0 0 0 99 0 0 17.0946
1 1 141 8 0 -1 4 0 0 0 99 0 0 6.87524
1 1 141 8 0 -1 4 0 0 0 99 0 0 8.01072
1 1 141 9 0 -1 4 0 0 0 99 0 0 19.9333
1 1 141 10 0 -1 4 0 0 0 99 0 0 8.57846
1 1 141 11 0 -1 4 0 0 0 99 0 0 4.03653
1 1 141 12 0 -1 4 0 0 0 99 0 0 2.90104
1 2 141 1 0 -1 4 0 0 0 99 0 0 2.90104
t 1 141 -3 1 1 0 0 0 0 -2
_00Basso
1 1 141 2 0 0 4 0 0 -2
1 2 141 1 0 0 4 0 0 -2
1 1 141 107 0 1 4 0 0 -1.66
1 1 170 2 0 -1 4 0 0 0 99 0 0 3.56121
1 1 170 3 0 -1 4 0 0 0 99 0 0 3.97051
1 1 170 4 0 -1 4 0 0 0 99 0 0 9.70074
1 1 170 5 0 -1 4 0 0 0 99 0 0 7.65423
1 1 170 6 0 -1 4 0 0 0 99 0 0 8.47283
1 1 170 7 0 -1 4 0 0 0 99 0 0 16.6589
1 1 170 8 0 -1 4 0 0 0 99 0 0 5.60772
1 1 170 8 0 -1 4 0 0 0 99 0 0 6.83563
1 1 170 9 0 -1 4 0 0 0 99 0 0 19.9333
1 1 170 10 0 -1 4 0 0 0 99 0 0 11.7473
1 1 170 11 0 -1 4 0 0 0 99 0 0 6.83563
1 1 170 12 0 -1 4 0 0 0 99 0 0 4.78911
1 2 170 1 0 -1 4 0 0 0 99 0 0 4.78911
1 2 170 2 0 -1 4 0 0 0 99 0 0 3.97051
1 2 170 3 0 -1 4 0 0 0 99 0 0 2.7426
1 2 170 3 0 -1 4 0 0 0 99 0 0 3.56121
1 2 170 4 0 -1 4 0 0 0 99 0 0 4.37981
1 2 170 5 0 -1 4 0 0 0 99 0 0 3.56121
t 1 170 -3 1 1 0 0 0 0 -2
_00B.C.
1 1 170 2 0 0 4 0 0 -2
1 2 170 5 0 0 4 0 0 -2
1 1 170 108 0 1 4 0 0 -1.66
