#define SVG t 1 1 \n_99%svg%
t 2 10 14 1 1 0 0 0 0 -1.35
_00
8 1 0 0 0 200
8 2 0 -6 0 200
14 1 0 2
14 1 200 2
14 1 0 2 8
3 2 2
3 1 2 0 1
1 2 25 1 0 -1 4 0 0 0 99 0 0 3.90473
1 2 25 1 0 -1 4 0 0 0 99 0 0 2.64759
1 2 25 2 0 -1 4 0 0 0 99 0 0 8.30473
1 2 25 3 0 -1 4 0 0 0 99 0 0 13.6476
1 2 25 4 0 -1 4 0 0 0 99 0 0 11.4476
1 2 25 4 0 -1 4 0 0 0 99 0 0 6.41901
1 2 25 5 0 -1 4 0 0 0 99 0 0 19.9333
1 2 25 6 0 -1 4 0 0 0 99 0 0 3.90473
1 2 25 6 0 -1 4 0 0 0 99 0 0 17.7333
1 2 25 7 0 -1 4 0 0 0 99 0 0 2.96187
1 2 25 7 0 -1 4 0 0 0 99 0 0 15.5333
1 2 25 8 0 -1 4 0 0 0 99 0 0 14.9047
1 2 25 8 0 -1 4 0 0 0 99 0 0 3.27616
1 2 25 9 0 -1 4 0 0 0 99 0 0 10.5047
1 2 25 10 0 -1 4 0 0 0 99 0 0 4.84759
1 2 25 11 0 -1 4 0 0 0 99 0 0 2.96187
t 1 25 -3 1 1 0 0 0 0 -2
_00?[Canto 1?]
1 2 25 1 0 0 4 0 0 -2
1 2 25 11 0 0 4 0 0 -2
1 2 25 106 0 1 4 0 0 -1.66
1 2 97.5 1 0 -1 4 0 0 0 99 0 0 2.67176
1 2 97.5 2 0 -1 4 0 0 0 99 0 0 4.02561
1 2 97.5 3 0 -1 4 0 0 0 99 0 0 6.05638
1 2 97.5 4 0 -1 4 0 0 0 99 0 0 4.36407
1 2 97.5 4 0 -1 4 0 0 0 99 0 0 5.04099
1 2 97.5 5 0 -1 4 0 0 0 99 0 0 14.1795
1 2 97.5 6 0 -1 4 0 0 0 99 0 0 15.5333
1 2 97.5 7 0 -1 4 0 0 0 99 0 0 4.36407
1 2 97.5 7 0 -1 4 0 0 0 99 0 0 19.2564
1 2 97.5 8 0 -1 4 0 0 0 99 0 0 19.9333
1 2 97.5 8 0 -1 4 0 0 0 99 0 0 5.71792
1 2 97.5 9 0 -1 4 0 0 0 99 0 0 19.2564
1 2 97.5 10 0 -1 4 0 0 0 99 0 0 2.67176
1 2 97.5 10 0 -1 4 0 0 0 99 0 0 10.1179
1 2 97.5 11 0 -1 4 0 0 0 99 0 0 4.02561
1 2 97.5 11 0 -1 4 0 0 0 99 0 0 3.01022
1 2 97.5 12 0 -1 4 0 0 0 99 0 0 2.67176
t 1 97.5 -3 1 1 0 0 0 0 -2
_00?[Canto 2?]
1 2 97.5 1 0 0 4 0 0 -2
1 2 97.5 12 0 0 4 0 0 -2
1 2 97.5 107 0 1 4 0 0 -1.66
1 1 170 0 0 -1 4 0 0 0 99 0 0 3.72277
1 1 170 1 0 -1 4 0 0 0 99 0 0 5.11225
1 1 170 2 0 -1 4 0 0 0 99 0 0 8.35435
1 1 170 2 0 -1 4 0 0 0 99 0 0 3.72277
1 1 170 3 0 -1 4 0 0 0 99 0 0 19.9333
1 1 170 4 0 -1 4 0 0 0 99 0 0 2.79646
1 1 170 4 0 -1 4 0 0 0 99 0 0 15.3017
1 1 170 5 0 -1 4 0 0 0 99 0 0 4.18593
1 1 170 5 0 -1 4 0 0 0 99 0 0 11.1333
1 1 170 6 0 -1 4 0 0 0 99 0 0 19.4701
1 1 170 6 0 -1 4 0 0 0 99 0 0 2.79646
1 1 170 7 0 -1 4 0 0 0 99 0 0 19.9333
1 1 170 8 0 -1 4 0 0 0 99 0 0 12.9859
1 1 170 9 0 -1 4 0 0 0 99 0 0 6.50172
1 1 170 9 0 -1 4 0 0 0 99 0 0 3.72277
1 1 170 10 0 -1 4 0 0 0 99 0 0 10.207
1 1 170 11 0 -1 4 0 0 0 99 0 0 5.57541
1 1 170 12 0 -1 4 0 0 0 99 0 0 2.79646
t 1 170 -4 1 1 0 0 0 0 -2
_00Basso continuo
1 1 170 0 0 0 4 0 0 -2
1 1 170 12 0 0 4 0 0 -2
1 1 170 106 0 1 4 0 0 -1.66
