#define SVG t 1 1 \n_99%svg%
t 2 10 14 1 1 0 0 0 0 -1.35
_00
8 1 0 0 0 200
8 2 0 -6 0 200
14 1 0 2
14 1 200 2
14 1 0 2 8
3 2 2
3 1 2 0 1
1 2 25 5 0 -1 4 0 0 0 99 0 0 3.32953
1 2 25 6 0 -1 4 0 0 0 99 0 0 2.99745
1 2 25 6 0 -1 4 0 0 0 99 0 0 6.98236
1 2 25 7 0 -1 4 0 0 0 99 0 0 12.6276
1 2 25 8 0 -1 4 0 0 0 99 0 0 14.9522
1 2 25 8 0 -1 4 0 0 0 99 0 0 3.32953
1 2 25 9 0 -1 4 0 0 0 99 0 0 19.9333
1 2 25 10 0 -1 4 0 0 0 99 0 0 10.6352
1 2 25 11 0 -1 4 0 0 0 99 0 0 3.6616
1 2 25 12 0 -1 4 0 0 0 99 0 0 2.99745
t 1 25 -3 1 1 0 0 0 0 -2
_00Canto
1 2 25 5 0 0 4 0 0 -2
1 2 25 12 0 0 4 0 0 -2
1 2 25 108 0 1 4 0 0 -1.66
1 1 73.3333 9 0 -1 4 0 0 0 99 0 0 2.7426
1 1 73.3333 10 0 -1 4 0 0 0 99 0 0 7.65423
1 1 73.3333 11 0 -1 4 0 0 0 99 0 0 3.1519
1 1 73.3333 11 0 -1 4 0 0 0 99 0 0 8.06353
1 1 73.3333 12 0 -1 4 0 0 0 99 0 0 8.47283
1 2 73.3333 1 0 -1 4 0 0 0 99 0 0 16.2496
1 2 73.3333 1 0 -1 4 0 0 0 99 0 0 3.1519
1 2 73.3333 2 0 -1 4 0 0 0 99 0 0 19.9333
1 2 73.3333 3 0 -1 4 0 0 0 99 0 0 11.338
1 2 73.3333 4 0 -1 4 0 0 0 99 0 0 3.97051
1 2 73.3333 5 0 -1 4 0 0 0 99 0 0 5.60772
t 1 73.3333 -3 1 1 0 0 0 0 -2
_00Tenore
1 1 73.3333 9 0 0 4 0 0 -2
1 2 73.3333 5 0 0 4 0 0 -2
1 2 73.3333 101 0 1 4 0 0 -1.66
1 1 121.667 8 0 -1 4 0 0 0 99 0 0 4.0933
1 1 121.667 9 0 -1 4 0 0 0 99 0 0 2.91997
1 1 121.667 9 0 -1 4 0 0 0 99 0 0 2.91997
1 1 121.667 10 0 -1 4 0 0 0 99 0 0 8.19997
1 1 121.667 11 0 -1 4 0 0 0 99 0 0 3.50663
1 1 121.667 11 0 -1 4 0 0 0 99 0 0 11.1333
1 1 121.667 12 0 -1 4 0 0 0 99 0 0 8.78663
1 2 121.667 1 0 -1 4 0 0 0 99 0 0 8.19997
1 2 121.667 1 0 -1 4 0 0 0 99 0 0 3.50663
1 2 121.667 2 0 -1 4 0 0 0 99 0 0 14.6533
1 2 121.667 3 0 -1 4 0 0 0 99 0 0 18.76
1 2 121.667 4 0 -1 4 0 0 0 99 0 0 9.95997
1 2 121.667 4 0 -1 4 0 0 0 99 0 0 5.26663
1 2 121.667 5 0 -1 4 0 0 0 99 0 0 19.9333
1 2 121.667 6 0 -1 4 0 0 0 99 0 0 2.91997
1 2 121.667 6 0 -1 4 0 0 0 99 0 0 8.78663
t 1 121.667 -3 1 1 0 0 0 0 -2
_00Quinto
1 1 121.667 8 0 0 4 0 0 -2
1 2 121.667 6 0 0 4 0 0 -2
1 2 121.667 103 0 1 4 0 0 -1.66
1 1 170 4 0 -1 4 0 0 0 99 0 0 4.4453
1 1 170 6 0 -1 4 0 0 0 99 0 0 11.4853
1 1 170 7 0 -1 4 0 0 0 99 0 0 10.0773
1 1 170 8 0 -1 4 0 0 0 99 0 0 10.7813
1 1 170 9 0 -1 4 0 0 0 99 0 0 6.5573
1 1 170 9 0 -1 4 0 0 0 99 0 0 3.0373
1 1 170 10 0 -1 4 0 0 0 99 0 0 19.9333
1 1 170 11 0 -1 4 0 0 0 99 0 0 13.5973
1 1 170 12 0 -1 4 0 0 0 99 0 0 5.8533
1 2 170 1 0 -1 4 0 0 0 99 0 0 11.4853
1 2 170 2 0 -1 4 0 0 0 99 0 0 4.4453
t 1 170 -3 1 1 0 0 0 0 -2
_00Basso
1 1 170 4 0 0 4 0 0 -2
1 2 170 2 0 0 4 0 0 -2
1 1 170 110 0 1 4 0 0 -1.66
