#define SVG t 1 1 \n_99%svg%
t 2 10 14 1 1 0 0 0 0 -1.35
_00
8 1 0 0 0 200
8 2 0 -6 0 200
14 1 0 2
14 1 200 2
14 1 0 2 8
3 2 2
3 1 2 0 1
1 2 25 1 0 -1 4 0 0 0 99 0 0 6.43997
1 2 25 2 0 -1 4 0 0 0 99 0 0 7.6133
1 2 25 3 0 -1 4 0 0 0 99 0 0 12.3066
1 2 25 4 0 -1 4 0 0 0 99 0 0 9.95997
1 2 25 4 0 -1 4 0 0 0 99 0 0 7.02663
1 2 25 5 0 -1 4 0 0 0 99 0 0 18.76
1 2 25 6 0 -1 4 0 0 0 99 0 0 19.9333
1 2 25 7 0 -1 4 0 0 0 99 0 0 11.1333
1 2 25 7 0 -1 4 0 0 0 99 0 0 8.19997
1 2 25 8 0 -1 4 0 0 0 99 0 0 18.76
1 2 25 9 0 -1 4 0 0 0 99 0 0 8.78663
t 1 25 -3 1 1 0 0 0 0 -2
_00Quinto
1 2 25 1 0 0 4 0 0 -2
1 2 25 9 0 0 4 0 0 -2
1 2 25 106 0 1 4 0 0 -1.66
1 1 170 6 0 -1 4 0 0 0 99 0 0 4.67997
1 1 170 7 0 -1 4 0 0 0 99 0 0 3.11552
1 1 170 8 0 -1 4 0 0 0 99 0 0 4.28886
1 1 170 9 0 -1 4 0 0 0 99 0 0 10.5466
1 1 170 9 0 -1 4 0 0 0 99 0 0 2.72441
1 1 170 10 0 -1 4 0 0 0 99 0 0 19.9333
1 1 170 11 0 -1 4 0 0 0 99 0 0 18.3689
1 1 170 12 0 -1 4 0 0 0 99 0 0 14.4577
1 1 170 12 0 -1 4 0 0 0 99 0 0 5.46219
1 2 170 1 0 -1 4 0 0 0 99 0 0 16.0222
1 2 170 2 0 -1 4 0 0 0 99 0 0 4.28886
1 2 170 3 0 -1 4 0 0 0 99 0 0 2.72441
t 1 170 -3 1 1 0 0 0 0 -2
_00Tenore
1 1 170 6 0 0 4 0 0 -2
1 2 170 3 0 0 4 0 0 -2
1 1 170 111 0 1 4 0 0 -1.66
