#define SVG t 1 1 \n_99%svg%
t 2 10 14 1 1 0 0 0 0 -1.35
_00
8 1 0 0 0 200
8 2 0 -6 0 200
14 1 0 2
14 1 200 2
14 1 0 2 8
3 2 2
3 1 2 0 1
1 2 25 4 0 -1 4 0 0 0 99 0 0 2.6533
1 2 25 4 0 -1 4 0 0 0 99 0 0 2.6533
1 2 25 5 0 -1 4 0 0 0 99 0 0 5.5333
1 2 25 6 0 -1 4 0 0 0 99 0 0 10.6533
1 2 25 7 0 -1 4 0 0 0 99 0 0 11.2933
1 2 25 7 0 -1 4 0 0 0 99 0 0 3.2933
1 2 25 8 0 -1 4 0 0 0 99 0 0 14.4933
1 2 25 8 0 -1 4 0 0 0 99 0 0 2.6533
1 2 25 9 0 -1 4 0 0 0 99 0 0 19.9333
1 2 25 10 0 -1 4 0 0 0 99 0 0 2.6533
1 2 25 10 0 -1 4 0 0 0 99 0 0 8.4133
1 2 25 11 0 -1 4 0 0 0 99 0 0 7.7733
1 2 25 12 0 -1 4 0 0 0 99 0 0 3.6133
t 1 25 -3 1 1 0 0 0 0 -2
_00Canto
1 2 25 4 0 0 4 0 0 -2
1 2 25 12 0 0 4 0 0 -2
1 2 25 108 0 1 4 0 0 -1.66
1 1 61.25 11 0 -1 4 0 0 0 99 0 0 2.64759
1 1 61.25 12 0 -1 4 0 0 0 99 0 0 2.64759
1 2 61.25 1 0 -1 4 0 0 0 99 0 0 3.27616
1 2 61.25 1 0 -1 4 0 0 0 99 0 0 2.64759
1 2 61.25 2 0 -1 4 0 0 0 99 0 0 10.5047
1 2 61.25 3 0 -1 4 0 0 0 99 0 0 2.96187
1 2 61.25 3 0 -1 4 0 0 0 99 0 0 5.79044
1 2 61.25 4 0 -1 4 0 0 0 99 0 0 8.61901
1 2 61.25 4 0 -1 4 0 0 0 99 0 0 5.16187
1 2 61.25 5 0 -1 4 0 0 0 99 0 0 16.4762
1 2 61.25 6 0 -1 4 0 0 0 99 0 0 19.9333
1 2 61.25 7 0 -1 4 0 0 0 99 0 0 13.6476
1 2 61.25 8 0 -1 4 0 0 0 99 0 0 3.27616
t 1 61.25 -3 1 1 0 0 0 0 -2
_00Alto
1 1 61.25 11 0 0 4 0 0 -2
1 2 61.25 8 0 0 4 0 0 -2
1 2 61.25 105 0 1 4 0 0 -1.66
1 1 97.5 9 0 -1 4 0 0 0 99 0 0 3.06663
1 1 97.5 10 0 -1 4 0 0 0 99 0 0 7.8333
1 1 97.5 11 0 -1 4 0 0 0 99 0 0 7.46663
1 1 97.5 12 0 -1 4 0 0 0 99 0 0 9.29997
1 1 97.5 12 0 -1 4 0 0 0 99 0 0 2.69997
1 2 97.5 1 0 -1 4 0 0 0 99 0 0 12.2333
1 2 97.5 1 0 -1 4 0 0 0 99 0 0 3.4333
1 2 97.5 2 0 -1 4 0 0 0 99 0 0 19.9333
1 2 97.5 3 0 -1 4 0 0 0 99 0 0 2.69997
1 2 97.5 3 0 -1 4 0 0 0 99 0 0 11.1333
1 2 97.5 4 0 -1 4 0 0 0 99 0 0 12.2333
1 2 97.5 4 0 -1 4 0 0 0 99 0 0 4.89997
1 2 97.5 5 0 -1 4 0 0 0 99 0 0 9.66663
1 2 97.5 6 0 -1 4 0 0 0 99 0 0 3.4333
1 2 97.5 7 0 -1 4 0 0 0 99 0 0 2.69997
t 1 97.5 -3 1 1 0 0 0 0 -2
_00Tenore
1 1 97.5 9 0 0 4 0 0 -2
1 2 97.5 7 0 0 4 0 0 -2
1 2 97.5 102 0 1 4 0 0 -1.66
1 1 133.75 9 0 -1 4 0 0 0 99 0 0 3.4567
1 1 133.75 10 0 -1 4 0 0 0 99 0 0 7.95032
1 1 133.75 11 0 -1 4 0 0 0 99 0 0 7.95032
1 1 133.75 12 0 -1 4 0 0 0 99 0 0 9.44819
1 1 133.75 12 0 -1 4 0 0 0 99 0 0 3.08224
1 2 133.75 1 0 -1 4 0 0 0 99 0 0 13.1929
1 2 133.75 1 0 -1 4 0 0 0 99 0 0 3.4567
1 2 133.75 2 0 -1 4 0 0 0 99 0 0 19.9333
1 2 133.75 3 0 -1 4 0 0 0 99 0 0 4.20564
1 2 133.75 3 0 -1 4 0 0 0 99 0 0 9.44819
1 2 133.75 4 0 -1 4 0 0 0 99 0 0 15.4397
1 2 133.75 4 0 -1 4 0 0 0 99 0 0 3.4567
1 2 133.75 5 0 -1 4 0 0 0 99 0 0 8.69926
1 2 133.75 6 0 -1 4 0 0 0 99 0 0 4.58011
t 1 133.75 -3 1 1 0 0 0 0 -2
_00Quinto
1 1 133.75 9 0 0 4 0 0 -2
1 2 133.75 6 0 0 4 0 0 -2
1 2 133.75 102 0 1 4 0 0 -1.66
1 1 170 5 0 -1 4 0 0 0 99 0 0 4.236
1 1 170 5 0 -1 4 0 0 0 99 0 0 2.80898
1 1 170 6 0 -1 4 0 0 0 99 0 0 7.56573
1 1 170 6 0 -1 4 0 0 0 99 0 0 2.80898
1 1 170 7 0 -1 4 0 0 0 99 0 0 14.2252
1 1 170 8 0 -1 4 0 0 0 99 0 0 2.80898
1 1 170 8 0 -1 4 0 0 0 99 0 0 4.236
1 1 170 9 0 -1 4 0 0 0 99 0 0 11.8468
1 1 170 9 0 -1 4 0 0 0 99 0 0 2.80898
1 1 170 10 0 -1 4 0 0 0 99 0 0 19.9333
1 1 170 11 0 -1 4 0 0 0 99 0 0 11.8468
1 1 170 12 0 -1 4 0 0 0 99 0 0 10.4198
1 2 170 1 0 -1 4 0 0 0 99 0 0 6.61438
1 2 170 2 0 -1 4 0 0 0 99 0 0 6.13871
t 1 170 -3 1 1 0 0 0 0 -2
_00Basso
1 1 170 5 0 0 4 0 0 -2
1 2 170 2 0 0 4 0 0 -2
1 1 170 110 0 1 4 0 0 -1.66
