#define SVG t 1 1 \n_99%svg%
t 2 10 14 1 1 0 0 0 0 -1.35
_00
8 1 0 0 0 200
8 2 0 -6 0 200
14 1 0 2
14 1 200 2
14 1 0 2 8
3 2 2
3 1 2 0 1
1 2 25 5 0 -1 4 0 0 0 99 0 0 3.6211
1 2 25 6 0 -1 4 0 0 0 99 0 0 9.63086
1 2 25 7 0 -1 4 0 0 0 99 0 0 3.6211
1 2 25 7 0 -1 4 0 0 0 99 0 0 10.0601
1 2 25 8 0 -1 4 0 0 0 99 0 0 17.3577
1 2 25 8 0 -1 4 0 0 0 99 0 0 4.47964
1 2 25 9 0 -1 4 0 0 0 99 0 0 19.504
1 2 25 10 0 -1 4 0 0 0 99 0 0 19.9333
1 2 25 11 0 -1 4 0 0 0 99 0 0 7.48452
1 2 25 12 0 -1 4 0 0 0 99 0 0 4.05037
t 1 25 -3 1 1 0 0 0 0 -2
_00Canto
1 2 25 5 0 0 4 0 0 -2
1 2 25 12 0 0 4 0 0 -2
1 2 25 109 0 1 4 0 0 -1.66
1 1 61.25 12 0 -1 4 0 0 0 99 0 0 2.7426
1 2 61.25 1 0 -1 4 0 0 0 99 0 0 4.37981
1 2 61.25 1 0 -1 4 0 0 0 99 0 0 3.1519
1 2 61.25 2 0 -1 4 0 0 0 99 0 0 7.24493
1 2 61.25 3 0 -1 4 0 0 0 99 0 0 8.47283
1 2 61.25 4 0 -1 4 0 0 0 99 0 0 8.06353
1 2 61.25 4 0 -1 4 0 0 0 99 0 0 4.37981
1 2 61.25 5 0 -1 4 0 0 0 99 0 0 17.8868
1 2 61.25 6 0 -1 4 0 0 0 99 0 0 3.97051
1 2 61.25 6 0 -1 4 0 0 0 99 0 0 19.9333
1 2 61.25 7 0 -1 4 0 0 0 99 0 0 5.19842
1 2 61.25 7 0 -1 4 0 0 0 99 0 0 10.11
1 2 61.25 8 0 -1 4 0 0 0 99 0 0 13.7938
1 2 61.25 9 0 -1 4 0 0 0 99 0 0 6.01702
t 1 61.25 -3 1 1 0 0 0 0 -2
_00Alto
1 1 61.25 12 0 0 4 0 0 -2
1 2 61.25 9 0 0 4 0 0 -2
1 2 61.25 106 0 1 4 0 0 -1.66
1 1 97.5 11 0 -1 4 0 0 0 99 0 0 6.24441
1 1 97.5 12 0 -1 4 0 0 0 99 0 0 5.75552
1 2 97.5 1 0 -1 4 0 0 0 99 0 0 11.6222
1 2 97.5 2 0 -1 4 0 0 0 99 0 0 14.5555
1 2 97.5 3 0 -1 4 0 0 0 99 0 0 19.9333
1 2 97.5 4 0 -1 4 0 0 0 99 0 0 11.1333
1 2 97.5 4 0 -1 4 0 0 0 99 0 0 4.28886
1 2 97.5 5 0 -1 4 0 0 0 99 0 0 19.4444
1 2 97.5 6 0 -1 4 0 0 0 99 0 0 3.79997
1 2 97.5 6 0 -1 4 0 0 0 99 0 0 16.0222
1 2 97.5 7 0 -1 4 0 0 0 99 0 0 3.31108
1 2 97.5 7 0 -1 4 0 0 0 99 0 0 5.75552
1 2 97.5 8 0 -1 4 0 0 0 99 0 0 5.26663
t 1 97.5 -3 1 1 0 0 0 0 -2
_00Quinto
1 1 97.5 11 0 0 4 0 0 -2
1 2 97.5 8 0 0 4 0 0 -2
1 2 97.5 104 0 1 4 0 0 -1.66
1 1 133.75 9 0 -1 4 0 0 0 99 0 0 4.34473
1 1 133.75 10 0 -1 4 0 0 0 99 0 0 7.86473
1 1 133.75 11 0 -1 4 0 0 0 99 0 0 14.9047
1 1 133.75 12 0 -1 4 0 0 0 99 0 0 3.33901
1 1 133.75 12 0 -1 4 0 0 0 99 0 0 11.3847
1 2 133.75 1 0 -1 4 0 0 0 99 0 0 17.9219
1 2 133.75 1 0 -1 4 0 0 0 99 0 0 3.84187
1 2 133.75 2 0 -1 4 0 0 0 99 0 0 19.9333
1 2 133.75 3 0 -1 4 0 0 0 99 0 0 19.9333
1 2 133.75 4 0 -1 4 0 0 0 99 0 0 10.8819
1 2 133.75 4 0 -1 4 0 0 0 99 0 0 2.83616
1 2 133.75 5 0 -1 4 0 0 0 99 0 0 10.379
1 2 133.75 6 0 -1 4 0 0 0 99 0 0 7.36187
t 1 133.75 -3 1 1 0 0 0 0 -2
_00Tenore
1 1 133.75 9 0 0 4 0 0 -2
1 2 133.75 6 0 0 4 0 0 -2
1 2 133.75 102 0 1 4 0 0 -1.66
1 1 170 6 0 -1 4 0 0 0 99 0 0 8.68886
1 1 170 7 0 -1 4 0 0 0 99 0 0 9.66663
1 1 170 8 0 -1 4 0 0 0 99 0 0 9.17774
1 1 170 9 0 -1 4 0 0 0 99 0 0 14.0666
1 1 170 9 0 -1 4 0 0 0 99 0 0 2.82219
1 1 170 10 0 -1 4 0 0 0 99 0 0 18.9555
1 1 170 11 0 -1 4 0 0 0 99 0 0 2.82219
1 1 170 11 0 -1 4 0 0 0 99 0 0 19.9333
1 1 170 12 0 -1 4 0 0 0 99 0 0 5.26663
1 1 170 12 0 -1 4 0 0 0 99 0 0 4.77774
1 2 170 1 0 -1 4 0 0 0 99 0 0 9.66663
1 2 170 1 0 -1 4 0 0 0 99 0 0 2.82219
1 2 170 2 0 -1 4 0 0 0 99 0 0 5.75552
t 1 170 -3 1 1 0 0 0 0 -2
_00Basso
1 1 170 6 0 0 4 0 0 -2
1 2 170 2 0 0 4 0 0 -2
1 1 170 110 0 1 4 0 0 -1.66
