#define SVG t 1 1 \n_99%svg%
t 2 10 14 1 1 0 0 0 0 -1.35
_00
8 1 0 0 0 200
8 2 0 -6 0 200
14 1 0 2
14 1 200 2
14 1 0 2 8
3 2 2
3 1 2 0 1
1 1 170 10 0 -1 4 0 0 0 99 0 0 11.1333
1 1 170 11 0 -1 4 0 0 0 99 0 0 8.9333
1 1 170 12 0 -1 4 0 0 0 99 0 0 8.0533
1 2 170 1 0 -1 4 0 0 0 99 0 0 12.0133
1 2 170 1 0 -1 4 0 0 0 99 0 0 3.2133
1 2 170 2 0 -1 4 0 0 0 99 0 0 19.9333
1 2 170 3 0 -1 4 0 0 0 99 0 0 12.4533
1 2 170 4 0 -1 4 0 0 0 99 0 0 8.9333
1 2 170 4 0 -1 4 0 0 0 99 0 0 6.2933
1 2 170 5 0 -1 4 0 0 0 99 0 0 17.2933
1 2 170 6 0 -1 4 0 0 0 99 0 0 4.5333
t 1 170 -3 1 1 0 0 0 0 -2
_00Tenore
1 1 170 10 0 0 4 0 0 -2
1 2 170 6 0 0 4 0 0 -2
1 2 170 102 0 1 4 0 0 -1.66
