#define SVG t 1 1 \n_99%svg%
t 2 10 14 1 1 0 0 0 0 -1.35
_00
8 1 0 0 0 200
8 2 0 -6 0 200
14 1 0 2
14 1 200 2
14 1 0 2 8
3 2 2
3 1 2 0 1
1 2 25 4 0 -1 4 0 0 0 99 0 0 4.13843
1 2 25 5 0 -1 4 0 0 0 99 0 0 7.2974
1 2 25 6 0 -1 4 0 0 0 99 0 0 8.65125
1 2 25 7 0 -1 4 0 0 0 99 0 0 10.4564
1 2 25 7 0 -1 4 0 0 0 99 0 0 2.78458
1 2 25 8 0 -1 4 0 0 0 99 0 0 19.9333
1 2 25 9 0 -1 4 0 0 0 99 0 0 19.0307
1 2 25 10 0 -1 4 0 0 0 99 0 0 4.13843
1 2 25 10 0 -1 4 0 0 0 99 0 0 13.6154
1 2 25 11 0 -1 4 0 0 0 99 0 0 19.9333
1 2 25 12 0 -1 4 0 0 0 99 0 0 9.55381
t 1 25 -3 1 1 0 0 0 0 -2
_00Canto
1 2 25 4 0 0 4 0 0 -2
1 2 25 12 0 0 4 0 0 -2
1 2 25 109 0 1 4 0 0 -1.66
1 2 54 4 0 -1 4 0 0 0 99 0 0 4.3204
1 2 54 5 0 -1 4 0 0 0 99 0 0 7.44298
1 2 54 6 0 -1 4 0 0 0 99 0 0 10.5656
1 2 54 7 0 -1 4 0 0 0 99 0 0 10.2817
1 2 54 7 0 -1 4 0 0 0 99 0 0 2.90104
1 2 54 8 0 -1 4 0 0 0 99 0 0 19.9333
1 2 54 9 0 -1 4 0 0 0 99 0 0 13.6881
1 2 54 10 0 -1 4 0 0 0 99 0 0 7.15911
1 2 54 11 0 -1 4 0 0 0 99 0 0 7.72685
1 2 54 12 0 -1 4 0 0 0 99 0 0 6.30749
t 1 54 -3 1 1 0 0 0 0 -2
_00Sesto
1 2 54 4 0 0 4 0 0 -2
1 2 54 12 0 0 4 0 0 -2
1 2 54 108 0 1 4 0 0 -1.66
1 1 83 12 0 -1 4 0 0 0 99 0 0 3.56839
1 2 83 1 0 -1 4 0 0 0 99 0 0 4.18593
1 2 83 2 0 -1 4 0 0 0 99 0 0 7.58242
1 2 83 3 0 -1 4 0 0 0 99 0 0 3.25962
1 2 83 3 0 -1 4 0 0 0 99 0 0 11.9052
1 2 83 4 0 -1 4 0 0 0 99 0 0 19.9333
1 2 83 5 0 -1 4 0 0 0 99 0 0 17.4631
1 2 83 6 0 -1 4 0 0 0 99 0 0 17.4631
1 2 83 7 0 -1 4 0 0 0 99 0 0 8.81751
1 2 83 7 0 -1 4 0 0 0 99 0 0 2.64207
1 2 83 8 0 -1 4 0 0 0 99 0 0 7.89119
1 2 83 9 0 -1 4 0 0 0 99 0 0 2.64207
t 1 83 -3 1 1 0 0 0 0 -2
_00Alto
1 1 83 12 0 0 4 0 0 -2
1 2 83 9 0 0 4 0 0 -2
1 2 83 105 0 1 4 0 0 -1.66
1 1 112 9 0 -1 4 0 0 0 99 0 0 7.2613
1 1 112 10 0 -1 4 0 0 0 99 0 0 7.2613
1 1 112 11 0 -1 4 0 0 0 99 0 0 11.4853
1 1 112 12 0 -1 4 0 0 0 99 0 0 12.8933
1 2 112 1 0 -1 4 0 0 0 99 0 0 19.9333
1 2 112 2 0 -1 4 0 0 0 99 0 0 11.1333
1 2 112 3 0 -1 4 0 0 0 99 0 0 10.0773
1 2 112 4 0 -1 4 0 0 0 99 0 0 17.1173
1 2 112 5 0 -1 4 0 0 0 99 0 0 8.6693
1 2 112 6 0 -1 4 0 0 0 99 0 0 5.1493
t 1 112 -3 1 1 0 0 0 0 -2
_00Tenore
1 1 112 9 0 0 4 0 0 -2
1 2 112 6 0 0 4 0 0 -2
1 2 112 101 0 1 4 0 0 -1.66
1 1 141 8 0 -1 4 0 0 0 99 0 0 2.64207
1 1 141 9 0 -1 4 0 0 0 99 0 0 8.81751
1 1 141 10 0 -1 4 0 0 0 99 0 0 8.19997
1 1 141 11 0 -1 4 0 0 0 99 0 0 10.9789
1 1 141 12 0 -1 4 0 0 0 99 0 0 10.0526
1 1 141 12 0 -1 4 0 0 0 99 0 0 3.25962
1 2 141 1 0 -1 4 0 0 0 99 0 0 19.9333
1 2 141 2 0 -1 4 0 0 0 99 0 0 8.81751
1 2 141 3 0 -1 4 0 0 0 99 0 0 2.95084
1 2 141 3 0 -1 4 0 0 0 99 0 0 4.80348
1 2 141 4 0 -1 4 0 0 0 99 0 0 7.27365
1 2 141 5 0 -1 4 0 0 0 99 0 0 4.18593
1 2 141 6 0 -1 4 0 0 0 99 0 0 2.95084
t 1 141 -3 1 1 0 0 0 0 -2
_00Quinto
1 1 141 8 0 0 4 0 0 -2
1 2 141 6 0 0 4 0 0 -2
1 2 141 101 0 1 4 0 0 -1.66
1 1 170 4 0 -1 4 0 0 0 99 0 0 3.28465
1 1 170 5 0 -1 4 0 0 0 99 0 0 7.56573
1 1 170 6 0 -1 4 0 0 0 99 0 0 9.46844
1 1 170 7 0 -1 4 0 0 0 99 0 0 13.2738
1 1 170 8 0 -1 4 0 0 0 99 0 0 5.18735
1 1 170 8 0 -1 4 0 0 0 99 0 0 8.99276
1 1 170 9 0 -1 4 0 0 0 99 0 0 19.9333
1 1 170 10 0 -1 4 0 0 0 99 0 0 7.56573
1 1 170 11 0 -1 4 0 0 0 99 0 0 5.18735
1 1 170 12 0 -1 4 0 0 0 99 0 0 4.236
1 2 170 1 0 -1 4 0 0 0 99 0 0 3.76033
t 1 170 -3 1 1 0 0 0 0 -2
_00Basso
1 1 170 4 0 0 4 0 0 -2
1 2 170 1 0 0 4 0 0 -2
1 1 170 108 0 1 4 0 0 -1.66
