#define SVG t 1 1 \n_99%svg%
t 2 10 14 1 1 0 0 0 0 -1.35
_00
8 1 0 0 0 200
8 2 0 -6 0 200
14 1 0 2
14 1 200 2
14 1 0 2 8
3 2 2
3 1 2 0 1
1 2 25 3 0 -1 4 0 0 0 99 0 0 2.61717
1 2 25 4 0 -1 4 0 0 0 99 0 0 2.90104
1 2 25 4 0 -1 4 0 0 0 99 0 0 3.75265
1 2 25 5 0 -1 4 0 0 0 99 0 0 5.73975
1 2 25 6 0 -1 4 0 0 0 99 0 0 10.5656
1 2 25 7 0 -1 4 0 0 0 99 0 0 13.972
1 2 25 7 0 -1 4 0 0 0 99 0 0 3.46878
1 2 25 8 0 -1 4 0 0 0 99 0 0 12.8365
1 2 25 8 0 -1 4 0 0 0 99 0 0 2.90104
1 2 25 9 0 -1 4 0 0 0 99 0 0 19.9333
1 2 25 10 0 -1 4 0 0 0 99 0 0 3.46878
1 2 25 10 0 -1 4 0 0 0 99 0 0 6.59136
1 2 25 11 0 -1 4 0 0 0 99 0 0 7.72685
1 2 25 12 0 -1 4 0 0 0 99 0 0 5.73975
t 1 25 -3 1 1 0 0 0 0 -2
_00Canto
1 2 25 3 0 0 4 0 0 -2
1 2 25 12 0 0 4 0 0 -2
1 2 25 108 0 1 4 0 0 -1.66
1 2 61.25 4 0 -1 4 0 0 0 99 0 0 2.80898
1 2 61.25 4 0 -1 4 0 0 0 99 0 0 2.57114
1 2 61.25 5 0 -1 4 0 0 0 99 0 0 4.47384
1 2 61.25 6 0 -1 4 0 0 0 99 0 0 5.42519
1 2 61.25 7 0 -1 4 0 0 0 99 0 0 7.56573
1 2 61.25 7 0 -1 4 0 0 0 99 0 0 3.99816
1 2 61.25 8 0 -1 4 0 0 0 99 0 0 9.2306
1 2 61.25 9 0 -1 4 0 0 0 99 0 0 19.9333
1 2 61.25 10 0 -1 4 0 0 0 99 0 0 4.47384
1 2 61.25 10 0 -1 4 0 0 0 99 0 0 6.85222
1 2 61.25 11 0 -1 4 0 0 0 99 0 0 11.1333
1 2 61.25 12 0 -1 4 0 0 0 99 0 0 5.18735
t 1 61.25 -3 1 1 0 0 0 0 -2
_00Quinto
1 2 61.25 4 0 0 4 0 0 -2
1 2 61.25 12 0 0 4 0 0 -2
1 2 61.25 109 0 1 4 0 0 -1.66
1 2 97.5 1 0 -1 4 0 0 0 99 0 0 2.85867
1 2 97.5 2 0 -1 4 0 0 0 99 0 0 7.84972
1 2 97.5 3 0 -1 4 0 0 0 99 0 0 3.38405
1 2 97.5 3 0 -1 4 0 0 0 99 0 0 4.96017
1 2 97.5 4 0 -1 4 0 0 0 99 0 0 11.002
1 2 97.5 4 0 -1 4 0 0 0 99 0 0 7.32434
1 2 97.5 5 0 -1 4 0 0 0 99 0 0 19.9333
1 2 97.5 6 0 -1 4 0 0 0 99 0 0 12.5781
1 2 97.5 7 0 -1 4 0 0 0 99 0 0 11.5273
1 2 97.5 8 0 -1 4 0 0 0 99 0 0 4.43479
t 1 97.5 -3 1 1 0 0 0 0 -2
_00Alto
1 2 97.5 1 0 0 4 0 0 -2
1 2 97.5 8 0 0 4 0 0 -2
1 2 97.5 105 0 1 4 0 0 -1.66
1 1 133.75 7 0 -1 4 0 0 0 99 0 0 3.01022
1 1 133.75 9 0 -1 4 0 0 0 99 0 0 4.02561
1 1 133.75 10 0 -1 4 0 0 0 99 0 0 13.1641
1 1 133.75 11 0 -1 4 0 0 0 99 0 0 10.1179
1 1 133.75 12 0 -1 4 0 0 0 99 0 0 9.77945
1 1 133.75 12 0 -1 4 0 0 0 99 0 0 3.01022
1 2 133.75 1 0 -1 4 0 0 0 99 0 0 10.7948
1 2 133.75 1 0 -1 4 0 0 0 99 0 0 3.01022
1 2 133.75 2 0 -1 4 0 0 0 99 0 0 19.9333
1 2 133.75 3 0 -1 4 0 0 0 99 0 0 3.01022
1 2 133.75 3 0 -1 4 0 0 0 99 0 0 5.37945
1 2 133.75 4 0 -1 4 0 0 0 99 0 0 6.7333
1 2 133.75 4 0 -1 4 0 0 0 99 0 0 2.67176
1 2 133.75 5 0 -1 4 0 0 0 99 0 0 8.76407
1 2 133.75 6 0 -1 4 0 0 0 99 0 0 3.68715
t 1 133.75 -3 1 1 0 0 0 0 -2
_00Tenore
1 1 133.75 7 0 0 4 0 0 -2
1 2 133.75 6 0 0 4 0 0 -2
1 2 133.75 101 0 1 4 0 0 -1.66
1 1 170 4 0 -1 4 0 0 0 99 0 0 2.71591
1 1 170 5 0 -1 4 0 0 0 99 0 0 4.24634
1 1 170 6 0 -1 4 0 0 0 99 0 0 7.30721
1 1 170 7 0 -1 4 0 0 0 99 0 0 13.8116
1 1 170 8 0 -1 4 0 0 0 99 0 0 4.24634
1 1 170 8 0 -1 4 0 0 0 99 0 0 3.09852
1 1 170 9 0 -1 4 0 0 0 99 0 0 10.3681
1 1 170 10 0 -1 4 0 0 0 99 0 0 19.9333
1 1 170 11 0 -1 4 0 0 0 99 0 0 9.22026
1 1 170 12 0 -1 4 0 0 0 99 0 0 12.2811
1 2 170 1 0 -1 4 0 0 0 99 0 0 5.77678
1 2 170 2 0 -1 4 0 0 0 99 0 0 4.24634
t 1 170 -3 1 1 0 0 0 0 -2
_00Basso
1 1 170 4 0 0 4 0 0 -2
1 2 170 2 0 0 4 0 0 -2
1 1 170 110 0 1 4 0 0 -1.66
