#define SVG t 1 1 \n_99%svg%
t 2 10 14 1 1 0 0 0 0 -1.35
_00
8 1 0 0 0 200
8 2 0 -6 0 200
14 1 0 2
14 1 200 2
14 1 0 2 8
3 2 2
3 1 2 0 1
1 2 25 2 0 -1 4 0 0 0 99 0 0 3.01022
1 2 25 3 0 -1 4 0 0 0 99 0 0 5.71792
1 2 25 4 0 -1 4 0 0 0 99 0 0 4.70253
1 2 25 5 0 -1 4 0 0 0 99 0 0 6.39484
1 2 25 6 0 -1 4 0 0 0 99 0 0 10.7948
1 2 25 7 0 -1 4 0 0 0 99 0 0 3.01022
1 2 25 7 0 -1 4 0 0 0 99 0 0 11.8102
1 2 25 8 0 -1 4 0 0 0 99 0 0 19.9333
1 2 25 8 0 -1 4 0 0 0 99 0 0 2.67176
1 2 25 9 0 -1 4 0 0 0 99 0 0 16.5487
1 2 25 10 0 -1 4 0 0 0 99 0 0 17.2256
1 2 25 11 0 -1 4 0 0 0 99 0 0 7.41022
1 2 25 12 0 -1 4 0 0 0 99 0 0 3.01022
1 2 25 13 0 -1 4 0 0 0 99 0 0 2.67176
t 1 25 -3 1 1 0 0 0 0 -2
_00Canto
1 2 25 2 0 0 4 0 0 -2
1 2 25 13 0 0 4 0 0 -2
1 2 25 108 0 1 4 0 0 -1.66
1 1 61.25 10 0 -1 4 0 0 0 99 0 0 2.80898
1 1 61.25 11 0 -1 4 0 0 0 99 0 0 2.80898
1 1 61.25 11 0 -1 4 0 0 0 99 0 0 4.236
1 1 61.25 12 0 -1 4 0 0 0 99 0 0 2.57114
1 1 61.25 12 0 -1 4 0 0 0 99 0 0 2.57114
1 2 61.25 1 0 -1 4 0 0 0 99 0 0 5.66303
1 2 61.25 1 0 -1 4 0 0 0 99 0 0 2.57114
1 2 61.25 2 0 -1 4 0 0 0 99 0 0 6.37654
1 2 61.25 3 0 -1 4 0 0 0 99 0 0 10.6576
1 2 61.25 4 0 -1 4 0 0 0 99 0 0 6.61438
1 2 61.25 4 0 -1 4 0 0 0 99 0 0 3.76033
1 2 61.25 5 0 -1 4 0 0 0 99 0 0 12.7982
1 2 61.25 6 0 -1 4 0 0 0 99 0 0 4.236
1 2 61.25 6 0 -1 4 0 0 0 99 0 0 19.9333
1 2 61.25 7 0 -1 4 0 0 0 99 0 0 6.37654
1 2 61.25 8 0 -1 4 0 0 0 99 0 0 7.09006
t 1 61.25 -3 1 1 0 0 0 0 -2
_00Alto
1 1 61.25 10 0 0 4 0 0 -2
1 2 61.25 8 0 0 4 0 0 -2
1 2 61.25 105 0 1 4 0 0 -1.66
1 1 97.5 7 0 -1 4 0 0 0 99 0 0 2.98515
1 1 97.5 8 0 -1 4 0 0 0 99 0 0 4.94071
1 1 97.5 9 0 -1 4 0 0 0 99 0 0 4.28886
1 1 97.5 10 0 -1 4 0 0 0 99 0 0 4.94071
1 1 97.5 11 0 -1 4 0 0 0 99 0 0 12.7629
1 1 97.5 12 0 -1 4 0 0 0 99 0 0 3.96293
1 1 97.5 12 0 -1 4 0 0 0 99 0 0 9.50367
1 2 97.5 1 0 -1 4 0 0 0 99 0 0 19.9333
1 2 97.5 1 0 -1 4 0 0 0 99 0 0 3.31108
1 2 97.5 2 0 -1 4 0 0 0 99 0 0 14.7185
1 2 97.5 3 0 -1 4 0 0 0 99 0 0 17.9777
1 2 97.5 4 0 -1 4 0 0 0 99 0 0 7.54811
1 2 97.5 4 0 -1 4 0 0 0 99 0 0 2.65923
1 2 97.5 5 0 -1 4 0 0 0 99 0 0 8.52589
1 2 97.5 6 0 -1 4 0 0 0 99 0 0 3.96293
t 1 97.5 -3 1 1 0 0 0 0 -2
_00Tenore
1 1 97.5 7 0 0 4 0 0 -2
1 2 97.5 6 0 0 4 0 0 -2
1 2 97.5 101 0 1 4 0 0 -1.66
1 1 133.75 8 0 -1 4 0 0 0 99 0 0 2.62663
1 1 133.75 9 0 -1 4 0 0 0 99 0 0 3.2133
1 1 133.75 10 0 -1 4 0 0 0 99 0 0 3.50663
1 1 133.75 11 0 -1 4 0 0 0 99 0 0 12.0133
1 1 133.75 12 0 -1 4 0 0 0 99 0 0 2.62663
1 1 133.75 12 0 -1 4 0 0 0 99 0 0 9.66663
1 2 133.75 1 0 -1 4 0 0 0 99 0 0 16.4133
1 2 133.75 1 0 -1 4 0 0 0 99 0 0 3.2133
1 2 133.75 2 0 -1 4 0 0 0 99 0 0 14.36
1 2 133.75 3 0 -1 4 0 0 0 99 0 0 19.9333
1 2 133.75 4 0 -1 4 0 0 0 99 0 0 8.19997
1 2 133.75 4 0 -1 4 0 0 0 99 0 0 2.91997
1 2 133.75 5 0 -1 4 0 0 0 99 0 0 5.8533
1 2 133.75 6 0 -1 4 0 0 0 99 0 0 4.67997
t 1 133.75 -3 1 1 0 0 0 0 -2
_00Quinto
1 1 133.75 8 0 0 4 0 0 -2
1 2 133.75 6 0 0 4 0 0 -2
1 2 133.75 102 0 1 4 0 0 -1.66
1 1 170 4 0 -1 4 0 0 0 99 0 0 3.54709
1 1 170 5 0 -1 4 0 0 0 99 0 0 2.63675
1 1 170 6 0 -1 4 0 0 0 99 0 0 4.45744
1 1 170 7 0 -1 4 0 0 0 99 0 0 7.79537
1 1 170 8 0 -1 4 0 0 0 99 0 0 9.31261
1 1 170 9 0 -1 4 0 0 0 99 0 0 9.31261
1 1 170 9 0 -1 4 0 0 0 99 0 0 2.63675
1 1 170 10 0 -1 4 0 0 0 99 0 0 10.223
1 1 170 11 0 -1 4 0 0 0 99 0 0 2.9402
1 1 170 11 0 -1 4 0 0 0 99 0 0 19.9333
1 1 170 12 0 -1 4 0 0 0 99 0 0 3.54709
1 1 170 12 0 -1 4 0 0 0 99 0 0 5.06433
1 2 170 1 0 -1 4 0 0 0 99 0 0 6.58158
1 2 170 2 0 -1 4 0 0 0 99 0 0 2.63675
t 1 170 -3 1 1 0 0 0 0 -2
_00Basso
1 1 170 4 0 0 4 0 0 -2
1 2 170 2 0 0 4 0 0 -2
1 1 170 110 0 1 4 0 0 -1.66
