#define SVG t 1 1 \n_99%svg%
t 2 10 14 1 1 0 0 0 0 -1.35
_00
8 1 0 0 0 200
8 2 0 -6 0 200
14 1 0 2
14 1 200 2
14 1 0 2 8
3 2 2
3 1 2 0 1
1 2 25 3 0 -1 4 0 0 0 99 0 0 2.90104
1 2 25 4 0 -1 4 0 0 0 99 0 0 5.73975
1 2 25 5 0 -1 4 0 0 0 99 0 0 4.60427
1 2 25 6 0 -1 4 0 0 0 99 0 0 10.2817
1 2 25 7 0 -1 4 0 0 0 99 0 0 6.87524
1 2 25 7 0 -1 4 0 0 0 99 0 0 2.90104
1 2 25 8 0 -1 4 0 0 0 99 0 0 19.9333
1 2 25 8 0 -1 4 0 0 0 99 0 0 4.03653
1 2 25 9 0 -1 4 0 0 0 99 0 0 14.8236
1 2 25 10 0 -1 4 0 0 0 99 0 0 13.1204
1 2 25 11 0 -1 4 0 0 0 99 0 0 12.5527
1 2 25 12 0 -1 4 0 0 0 99 0 0 4.03653
t 1 25 -3 1 1 0 0 0 0 -2
_00Canto
1 2 25 3 0 0 4 0 0 -2
1 2 25 12 0 0 4 0 0 -2
1 2 25 108 0 1 4 0 0 -1.66
1 1 73.3333 11 0 -1 4 0 0 0 99 0 0 4.5333
1 1 73.3333 12 0 -1 4 0 0 0 99 0 0 3.4333
1 1 73.3333 12 0 -1 4 0 0 0 99 0 0 3.4333
1 2 73.3333 1 0 -1 4 0 0 0 99 0 0 13.8833
1 2 73.3333 2 0 -1 4 0 0 0 99 0 0 12.7833
1 2 73.3333 3 0 -1 4 0 0 0 99 0 0 19.9333
1 2 73.3333 4 0 -1 4 0 0 0 99 0 0 18.8333
1 2 73.3333 5 0 -1 4 0 0 0 99 0 0 8.9333
1 2 73.3333 6 0 -1 4 0 0 0 99 0 0 7.2833
t 1 73.3333 -3 1 1 0 0 0 0 -2
_00Alto
1 1 73.3333 11 0 0 4 0 0 -2
1 2 73.3333 6 0 0 4 0 0 -2
1 2 73.3333 103 0 1 4 0 0 -1.66
1 1 121.667 6 0 -1 4 0 0 0 99 0 0 2.83616
1 1 121.667 9 0 -1 4 0 0 0 99 0 0 8.36759
1 1 121.667 10 0 -1 4 0 0 0 99 0 0 7.36187
1 1 121.667 11 0 -1 4 0 0 0 99 0 0 16.4133
1 1 121.667 12 0 -1 4 0 0 0 99 0 0 9.3733
1 1 121.667 12 0 -1 4 0 0 0 99 0 0 4.34473
1 2 121.667 1 0 -1 4 0 0 0 99 0 0 19.9333
1 2 121.667 1 0 -1 4 0 0 0 99 0 0 3.33901
1 2 121.667 2 0 -1 4 0 0 0 99 0 0 8.36759
1 2 121.667 4 0 -1 4 0 0 0 99 0 0 2.83616
t 1 121.667 -3 1 1 0 0 0 0 -2
_00Tenore
1 1 121.667 6 0 0 4 0 0 -2
1 2 121.667 4 0 0 4 0 0 -2
1 1 121.667 112 0 1 4 0 0 -1.66
1 1 170 4 0 -1 4 0 0 0 99 0 0 2.98515
1 1 170 6 0 -1 4 0 0 0 99 0 0 10.1555
1 1 170 7 0 -1 4 0 0 0 99 0 0 8.85182
1 1 170 8 0 -1 4 0 0 0 99 0 0 10.8074
1 1 170 9 0 -1 4 0 0 0 99 0 0 19.9333
1 1 170 10 0 -1 4 0 0 0 99 0 0 10.1555
1 1 170 11 0 -1 4 0 0 0 99 0 0 9.50367
1 1 170 12 0 -1 4 0 0 0 99 0 0 7.54811
1 2 170 1 0 -1 4 0 0 0 99 0 0 7.54811
1 2 170 2 0 -1 4 0 0 0 99 0 0 3.637
t 1 170 -3 1 1 0 0 0 0 -2
_00Basso
1 1 170 4 0 0 4 0 0 -2
1 2 170 2 0 0 4 0 0 -2
1 1 170 109 0 1 4 0 0 -1.66
