#define SVG t 1 1 \n_99%svg%
t 2 10 14 1 1 0 0 0 0 -1.35
_00
8 1 0 0 0 200
8 2 0 -6 0 200
14 1 0 2
14 1 200 2
14 1 0 2 8
3 2 2
3 1 2 0 1
1 2 25 1 0 -1 4 0 0 0 99 0 0 3.28465
1 2 25 2 0 -1 4 0 0 0 99 0 0 3.76033
1 2 25 3 0 -1 4 0 0 0 99 0 0 7.09006
1 2 25 4 0 -1 4 0 0 0 99 0 0 4.71168
1 2 25 4 0 -1 4 0 0 0 99 0 0 4.71168
1 2 25 5 0 -1 4 0 0 0 99 0 0 19.9333
1 2 25 6 0 -1 4 0 0 0 99 0 0 3.76033
1 2 25 6 0 -1 4 0 0 0 99 0 0 19.9333
1 2 25 7 0 -1 4 0 0 0 99 0 0 4.236
1 2 25 7 0 -1 4 0 0 0 99 0 0 12.3225
1 2 25 8 0 -1 4 0 0 0 99 0 0 11.8468
1 2 25 8 0 -1 4 0 0 0 99 0 0 4.71168
1 2 25 9 0 -1 4 0 0 0 99 0 0 9.94411
1 2 25 10 0 -1 4 0 0 0 99 0 0 2.80898
t 1 25 -3 1 1 0 0 0 0 -2
_00Canto
1 2 25 1 0 0 4 0 0 -2
1 2 25 10 0 0 4 0 0 -2
1 2 25 106 0 1 4 0 0 -1.66
1 1 170 10 0 -1 4 0 0 0 99 0 0 3.6616
1 1 170 11 0 -1 4 0 0 0 99 0 0 7.64651
1 1 170 12 0 -1 4 0 0 0 99 0 0 7.31443
1 2 170 1 0 -1 4 0 0 0 99 0 0 12.9597
1 2 170 1 0 -1 4 0 0 0 99 0 0 3.99368
1 2 170 2 0 -1 4 0 0 0 99 0 0 19.9333
1 2 170 3 0 -1 4 0 0 0 99 0 0 12.6276
1 2 170 4 0 -1 4 0 0 0 99 0 0 6.65028
1 2 170 4 0 -1 4 0 0 0 99 0 0 3.99368
1 2 170 5 0 -1 4 0 0 0 99 0 0 9.63896
1 2 170 6 0 -1 4 0 0 0 99 0 0 4.32575
1 2 170 7 0 -1 4 0 0 0 99 0 0 2.66538
t 1 170 -3 1 1 0 0 0 0 -2
_00Quinto
1 1 170 10 0 0 4 0 0 -2
1 2 170 7 0 0 4 0 0 -2
1 2 170 102 0 1 4 0 0 -1.66
