#define SVG t 1 1 \n_99%svg%
t 2 10 14 1 1 0 0 0 0 -1.35
_00
8 1 0 0 0 200
8 2 0 -6 0 200
14 1 0 2
14 1 200 2
14 1 0 2 8
3 2 2
3 1 2 0 1
1 2 25 2 0 -1 4 0 0 0 99 0 0 3.28465
1 2 25 3 0 -1 4 0 0 0 99 0 0 6.61438
1 2 25 4 0 -1 4 0 0 0 99 0 0 6.61438
1 2 25 4 0 -1 4 0 0 0 99 0 0 3.28465
1 2 25 5 0 -1 4 0 0 0 99 0 0 17.0792
1 2 25 6 0 -1 4 0 0 0 99 0 0 19.9333
1 2 25 7 0 -1 4 0 0 0 99 0 0 4.236
1 2 25 7 0 -1 4 0 0 0 99 0 0 13.7495
1 2 25 8 0 -1 4 0 0 0 99 0 0 18.0306
1 2 25 8 0 -1 4 0 0 0 99 0 0 2.80898
1 2 25 9 0 -1 4 0 0 0 99 0 0 11.8468
1 2 25 10 0 -1 4 0 0 0 99 0 0 8.51708
1 2 25 11 0 -1 4 0 0 0 99 0 0 6.13871
1 2 25 11 0 -1 4 0 0 0 99 0 0 4.71168
1 2 25 12 0 -1 4 0 0 0 99 0 0 8.04141
t 1 25 -3 1 1 0 0 0 0 -2
_00Canto
1 2 25 2 0 0 4 0 0 -2
1 2 25 12 0 0 4 0 0 -2
1 2 25 107 0 1 4 0 0 -1.66
1 2 73.3333 3 0 -1 4 0 0 0 99 0 0 4.236
1 2 73.3333 4 0 -1 4 0 0 0 99 0 0 6.13871
1 2 73.3333 4 0 -1 4 0 0 0 99 0 0 3.28465
1 2 73.3333 5 0 -1 4 0 0 0 99 0 0 13.2738
1 2 73.3333 6 0 -1 4 0 0 0 99 0 0 14.2252
1 2 73.3333 7 0 -1 4 0 0 0 99 0 0 4.71168
1 2 73.3333 7 0 -1 4 0 0 0 99 0 0 13.2738
1 2 73.3333 8 0 -1 4 0 0 0 99 0 0 19.9333
1 2 73.3333 8 0 -1 4 0 0 0 99 0 0 3.28465
1 2 73.3333 9 0 -1 4 0 0 0 99 0 0 14.7009
1 2 73.3333 10 0 -1 4 0 0 0 99 0 0 14.7009
1 2 73.3333 11 0 -1 4 0 0 0 99 0 0 3.76033
1 2 73.3333 11 0 -1 4 0 0 0 99 0 0 5.18735
1 2 73.3333 12 0 -1 4 0 0 0 99 0 0 7.09006
t 1 73.3333 -3 1 1 0 0 0 0 -2
_00Quinto
1 2 73.3333 3 0 0 4 0 0 -2
1 2 73.3333 12 0 0 4 0 0 -2
1 2 73.3333 108 0 1 4 0 0 -1.66
1 1 121.667 9 0 -1 4 0 0 0 99 0 0 3.84187
1 1 121.667 10 0 -1 4 0 0 0 99 0 0 6.35616
1 1 121.667 11 0 -1 4 0 0 0 99 0 0 7.36187
1 1 121.667 12 0 -1 4 0 0 0 99 0 0 2.83616
1 1 121.667 12 0 -1 4 0 0 0 99 0 0 7.36187
1 2 121.667 1 0 -1 4 0 0 0 99 0 0 19.9333
1 2 121.667 1 0 -1 4 0 0 0 99 0 0 4.34473
1 2 121.667 2 0 -1 4 0 0 0 99 0 0 19.9333
1 2 121.667 3 0 -1 4 0 0 0 99 0 0 14.4019
1 2 121.667 4 0 -1 4 0 0 0 99 0 0 14.9047
1 2 121.667 4 0 -1 4 0 0 0 99 0 0 2.83616
1 2 121.667 5 0 -1 4 0 0 0 99 0 0 14.9047
1 2 121.667 6 0 -1 4 0 0 0 99 0 0 6.35616
t 1 121.667 -3 1 1 0 0 0 0 -2
_00Tenore
1 1 121.667 9 0 0 4 0 0 -2
1 2 121.667 6 0 0 4 0 0 -2
1 2 121.667 102 0 1 4 0 0 -1.66
1 1 170 6 0 -1 4 0 0 0 99 0 0 6.47448
1 1 170 7 0 -1 4 0 0 0 99 0 0 8.54506
1 1 170 8 0 -1 4 0 0 0 99 0 0 6.99212
1 1 170 9 0 -1 4 0 0 0 99 0 0 15.7921
1 1 170 9 0 -1 4 0 0 0 99 0 0 2.85095
1 1 170 10 0 -1 4 0 0 0 99 0 0 19.9333
1 1 170 11 0 -1 4 0 0 0 99 0 0 16.8274
1 1 170 12 0 -1 4 0 0 0 99 0 0 6.47448
1 1 170 12 0 -1 4 0 0 0 99 0 0 6.99212
1 2 170 1 0 -1 4 0 0 0 99 0 0 18.898
1 2 170 2 0 -1 4 0 0 0 99 0 0 5.95683
1 2 170 3 0 -1 4 0 0 0 99 0 0 2.85095
1 2 170 4 0 -1 4 0 0 0 99 0 0 2.85095
1 2 170 5 0 -1 4 0 0 0 99 0 0 2.85095
t 1 170 -3 1 1 0 0 0 0 -2
_00Basso
1 1 170 6 0 0 4 0 0 -2
1 2 170 5 0 0 4 0 0 -2
1 1 170 110 0 1 4 0 0 -1.66
