#define SVG t 1 1 \n_99%svg%
t 2 10 14 1 1 0 0 0 0 -1.35
_00
8 1 0 0 0 200
8 2 0 -6 0 200
14 1 0 2
14 1 200 2
14 1 0 2 8
3 2 2
3 1 2 0 1
1 2 25 2 0 -1 4 0 0 0 99 0 0 2.7333
1 2 25 3 0 -1 4 0 0 0 99 0 0 2.7333
1 2 25 4 0 -1 4 0 0 0 99 0 0 3.1333
1 2 25 5 0 -1 4 0 0 0 99 0 0 10.7333
1 2 25 6 0 -1 4 0 0 0 99 0 0 13.5333
1 2 25 7 0 -1 4 0 0 0 99 0 0 2.7333
1 2 25 7 0 -1 4 0 0 0 99 0 0 9.9333
1 2 25 8 0 -1 4 0 0 0 99 0 0 19.9333
1 2 25 9 0 -1 4 0 0 0 99 0 0 19.5333
1 2 25 10 0 -1 4 0 0 0 99 0 0 19.5333
1 2 25 11 0 -1 4 0 0 0 99 0 0 5.5333
1 2 25 11 0 -1 4 0 0 0 99 0 0 2.7333
1 2 25 12 0 -1 4 0 0 0 99 0 0 7.5333
t 1 25 -3 1 1 0 0 0 0 -2
_00Canto
1 2 25 2 0 0 4 0 0 -2
1 2 25 12 0 0 4 0 0 -2
1 2 25 108 0 1 4 0 0 -1.66
1 2 54 4 0 -1 4 0 0 0 99 0 0 2.6533
1 2 54 4 0 -1 4 0 0 0 99 0 0 2.6533
1 2 54 5 0 -1 4 0 0 0 99 0 0 11.9333
1 2 54 6 0 -1 4 0 0 0 99 0 0 8.0933
1 2 54 7 0 -1 4 0 0 0 99 0 0 2.6533
1 2 54 7 0 -1 4 0 0 0 99 0 0 9.3733
1 2 54 8 0 -1 4 0 0 0 99 0 0 19.9333
1 2 54 8 0 -1 4 0 0 0 99 0 0 3.2933
1 2 54 9 0 -1 4 0 0 0 99 0 0 16.0933
1 2 54 10 0 -1 4 0 0 0 99 0 0 16.0933
1 2 54 11 0 -1 4 0 0 0 99 0 0 6.1733
1 2 54 11 0 -1 4 0 0 0 99 0 0 2.9733
1 2 54 12 0 -1 4 0 0 0 99 0 0 9.6933
t 1 54 -3 1 1 0 0 0 0 -2
_00Canto 2.
1 2 54 4 0 0 4 0 0 -2
1 2 54 12 0 0 4 0 0 -2
1 2 54 108 0 1 4 0 0 -1.66
1 2 83 1 0 -1 4 0 0 0 99 0 0 7.65962
1 2 83 2 0 -1 4 0 0 0 99 0 0 5.11225
1 2 83 3 0 -1 4 0 0 0 99 0 0 5.57541
1 2 83 4 0 -1 4 0 0 0 99 0 0 6.96488
1 2 83 4 0 -1 4 0 0 0 99 0 0 3.49119
1 2 83 5 0 -1 4 0 0 0 99 0 0 19.9333
1 2 83 6 0 -1 4 0 0 0 99 0 0 10.207
1 2 83 7 0 -1 4 0 0 0 99 0 0 10.4386
1 2 83 8 0 -1 4 0 0 0 99 0 0 11.5965
1 2 83 9 0 -1 4 0 0 0 99 0 0 3.49119
t 1 83 -3 1 1 0 0 0 0 -2
_00Alto
1 2 83 1 0 0 4 0 0 -2
1 2 83 9 0 0 4 0 0 -2
1 2 83 105 0 1 4 0 0 -1.66
1 1 112 9 0 -1 4 0 0 0 99 0 0 3.09852
1 1 112 10 0 -1 4 0 0 0 99 0 0 11.8985
1 1 112 11 0 -1 4 0 0 0 99 0 0 7.68982
1 1 112 12 0 -1 4 0 0 0 99 0 0 5.01156
1 2 112 1 0 -1 4 0 0 0 99 0 0 19.9333
1 2 112 2 0 -1 4 0 0 0 99 0 0 14.9594
1 2 112 3 0 -1 4 0 0 0 99 0 0 14.9594
1 2 112 4 0 -1 4 0 0 0 99 0 0 7.30721
1 2 112 4 0 -1 4 0 0 0 99 0 0 3.09852
1 2 112 5 0 -1 4 0 0 0 99 0 0 14.9594
1 2 112 6 0 -1 4 0 0 0 99 0 0 4.62895
t 1 112 -3 1 1 0 0 0 0 -2
_00Tenore
1 1 112 9 0 0 4 0 0 -2
1 2 112 6 0 0 4 0 0 -2
1 2 112 102 0 1 4 0 0 -1.66
1 1 141 10 0 -1 4 0 0 0 99 0 0 10.9461
1 1 141 11 0 -1 4 0 0 0 99 0 0 9.82266
1 1 141 12 0 -1 4 0 0 0 99 0 0 5.32904
1 2 141 1 0 -1 4 0 0 0 99 0 0 19.9333
1 2 141 2 0 -1 4 0 0 0 99 0 0 17.312
1 2 141 3 0 -1 4 0 0 0 99 0 0 13.9418
1 2 141 4 0 -1 4 0 0 0 99 0 0 7.20139
1 2 141 5 0 -1 4 0 0 0 99 0 0 13.9418
1 2 141 6 0 -1 4 0 0 0 99 0 0 3.4567
t 1 141 -3 1 1 0 0 0 0 -2
_00Quinto
1 1 141 10 0 0 4 0 0 -2
1 2 141 6 0 0 4 0 0 -2
1 2 141 102 0 1 4 0 0 -1.66
1 1 170 6 0 -1 4 0 0 0 99 0 0 15.9333
1 1 170 7 0 -1 4 0 0 0 99 0 0 9.5333
1 1 170 8 0 -1 4 0 0 0 99 0 0 5.9333
1 1 170 9 0 -1 4 0 0 0 99 0 0 9.1333
1 1 170 10 0 -1 4 0 0 0 99 0 0 19.9333
1 1 170 11 0 -1 4 0 0 0 99 0 0 9.5333
1 1 170 12 0 -1 4 0 0 0 99 0 0 3.1333
1 1 170 12 0 -1 4 0 0 0 99 0 0 5.9333
1 2 170 1 0 -1 4 0 0 0 99 0 0 12.3333
1 2 170 2 0 -1 4 0 0 0 99 0 0 3.1333
t 1 170 -3 1 1 0 0 0 0 -2
_00Basso
1 1 170 6 0 0 4 0 0 -2
1 2 170 2 0 0 4 0 0 -2
1 1 170 110 0 1 4 0 0 -1.66
