#define SVG t 1 1 \n_99%svg%
t 2 10 14 1 1 0 0 0 0 -1.35
_00
8 1 0 0 0 200
8 2 0 -6 0 200
14 1 0 2
14 1 200 2
14 1 0 2 8
3 2 2
3 1 2 0 1
1 2 25 1 0 -1 4 0 0 0 99 0 0 2.48634
1 2 25 2 0 -1 4 0 0 0 99 0 0 5.24113
1 2 25 3 0 -1 4 0 0 0 99 0 0 2.63939
1 2 25 3 0 -1 4 0 0 0 99 0 0 4.16982
1 2 25 4 0 -1 4 0 0 0 99 0 0 6.46547
1 2 25 4 0 -1 4 0 0 0 99 0 0 3.71069
1 2 25 5 0 -1 4 0 0 0 99 0 0 12.1281
1 2 25 6 0 -1 4 0 0 0 99 0 0 19.9333
1 2 25 7 0 -1 4 0 0 0 99 0 0 16.2603
1 2 25 7 0 -1 4 0 0 0 99 0 0 2.79243
1 2 25 8 0 -1 4 0 0 0 99 0 0 15.9542
1 2 25 8 0 -1 4 0 0 0 99 0 0 3.4046
1 2 25 9 0 -1 4 0 0 0 99 0 0 12.8933
1 2 25 10 0 -1 4 0 0 0 99 0 0 2.79243
1 2 25 10 0 -1 4 0 0 0 99 0 0 2.48634
t 1 25 -3 1 1 0 0 0 0 -2
_00Canto
1 2 25 1 0 0 4 0 0 -2
1 2 25 10 0 0 4 0 0 -2
1 2 25 107 0 1 4 0 0 -1.66
1 1 61.25 10 0 -1 4 0 0 0 99 0 0 2.48502
1 1 61.25 11 0 -1 4 0 0 0 99 0 0 3.85054
1 1 61.25 12 0 -1 4 0 0 0 99 0 0 3.39537
1 1 61.25 12 0 -1 4 0 0 0 99 0 0 2.48502
1 2 61.25 1 0 -1 4 0 0 0 99 0 0 5.51951
1 2 61.25 1 0 -1 4 0 0 0 99 0 0 2.9402
1 2 61.25 2 0 -1 4 0 0 0 99 0 0 13.8643
1 2 61.25 3 0 -1 4 0 0 0 99 0 0 2.48502
1 2 61.25 3 0 -1 4 0 0 0 99 0 0 15.685
1 2 61.25 4 0 -1 4 0 0 0 99 0 0 19.9333
1 2 61.25 4 0 -1 4 0 0 0 99 0 0 4.60916
1 2 61.25 5 0 -1 4 0 0 0 99 0 0 15.5333
1 2 61.25 6 0 -1 4 0 0 0 99 0 0 12.0436
1 2 61.25 7 0 -1 4 0 0 0 99 0 0 4.15399
t 1 61.25 -3 1 1 0 0 0 0 -2
_00Quinto
1 1 61.25 10 0 0 4 0 0 -2
1 2 61.25 7 0 0 4 0 0 -2
1 2 61.25 104 0 1 4 0 0 -1.66
1 1 97.5 7 0 -1 4 0 0 0 99 0 0 2.4741
1 1 97.5 8 0 -1 4 0 0 0 99 0 0 2.6149
1 1 97.5 9 0 -1 4 0 0 0 99 0 0 3.6005
1 1 97.5 9 0 -1 4 0 0 0 99 0 0 2.4741
1 1 97.5 10 0 -1 4 0 0 0 99 0 0 6.4165
1 1 97.5 11 0 -1 4 0 0 0 99 0 0 10.3589
1 1 97.5 12 0 -1 4 0 0 0 99 0 0 9.7957
1 1 97.5 12 0 -1 4 0 0 0 99 0 0 3.1781
1 2 97.5 1 0 -1 4 0 0 0 99 0 0 12.7525
1 2 97.5 1 0 -1 4 0 0 0 99 0 0 3.8821
1 2 97.5 2 0 -1 4 0 0 0 99 0 0 19.9333
1 2 97.5 3 0 -1 4 0 0 0 99 0 0 3.6005
1 2 97.5 3 0 -1 4 0 0 0 99 0 0 8.2469
1 2 97.5 4 0 -1 4 0 0 0 99 0 0 11.3445
1 2 97.5 4 0 -1 4 0 0 0 99 0 0 2.4741
1 2 97.5 5 0 -1 4 0 0 0 99 0 0 5.5717
1 2 97.5 6 0 -1 4 0 0 0 99 0 0 4.8677
t 1 97.5 -3 1 1 0 0 0 0 -2
_00Alto
1 1 97.5 7 0 0 4 0 0 -2
1 2 97.5 6 0 0 4 0 0 -2
1 2 97.5 102 0 1 4 0 0 -1.66
1 1 133.75 6 0 -1 4 0 0 0 99 0 0 3.50663
1 1 133.75 7 0 -1 4 0 0 0 99 0 0 8.59108
1 1 133.75 8 0 -1 4 0 0 0 99 0 0 2.52886
1 1 133.75 8 0 -1 4 0 0 0 99 0 0 9.17774
1 1 133.75 9 0 -1 4 0 0 0 99 0 0 13.48
1 1 133.75 9 0 -1 4 0 0 0 99 0 0 3.50663
1 1 133.75 10 0 -1 4 0 0 0 99 0 0 16.0222
1 1 133.75 11 0 -1 4 0 0 0 99 0 0 19.9333
1 1 133.75 12 0 -1 4 0 0 0 99 0 0 13.2844
1 1 133.75 12 0 -1 4 0 0 0 99 0 0 3.50663
1 2 133.75 1 0 -1 4 0 0 0 99 0 0 10.1555
1 2 133.75 1 0 -1 4 0 0 0 99 0 0 3.11552
1 2 133.75 2 0 -1 4 0 0 0 99 0 0 7.80886
1 2 133.75 3 0 -1 4 0 0 0 99 0 0 2.52886
t 1 133.75 -3 1 1 0 0 0 0 -2
_00Tenore
1 1 133.75 6 0 0 4 0 0 -2
1 2 133.75 3 0 0 4 0 0 -2
1 1 133.75 111 0 1 4 0 0 -1.66
1 1 170 2 0 -1 4 0 0 0 99 0 0 5.21855
1 1 170 3 0 -1 4 0 0 0 99 0 0 11.5661
1 1 170 4 0 -1 4 0 0 0 99 0 0 13.5858
1 1 170 5 0 -1 4 0 0 0 99 0 0 15.0284
1 1 170 5 0 -1 4 0 0 0 99 0 0 2.62182
1 1 170 6 0 -1 4 0 0 0 99 0 0 13.0087
1 1 170 6 0 -1 4 0 0 0 99 0 0 3.4874
1 1 170 7 0 -1 4 0 0 0 99 0 0 19.9333
1 1 170 8 0 -1 4 0 0 0 99 0 0 5.21855
1 1 170 8 0 -1 4 0 0 0 99 0 0 3.4874
1 1 170 9 0 -1 4 0 0 0 99 0 0 6.94969
1 1 170 9 0 -1 4 0 0 0 99 0 0 2.62182
1 1 170 10 0 -1 4 0 0 0 99 0 0 5.50707
1 1 170 11 0 -1 4 0 0 0 99 0 0 5.50707
1 1 170 12 0 -1 4 0 0 0 99 0 0 2.91035
1 1 170 12 0 -1 4 0 0 0 99 0 0 2.62182
1 2 170 1 0 -1 4 0 0 0 99 0 0 2.62182
t 1 170 -3 1 1 0 0 0 0 -2
_00Basso
1 1 170 2 0 0 4 0 0 -2
1 2 170 1 0 0 4 0 0 -2
1 1 170 106 0 1 4 0 0 -1.66
