#define SVG t 1 1 \n_99%svg%
t 2 10 14 1 1 0 0 0 0 -1.35
_00
8 1 0 0 0 200
8 2 0 -6 0 200
14 1 0 2
14 1 200 2
14 1 0 2 8
3 2 2
3 1 2 0 1
1 1 25 9 0 -1 4 0 0 0 99 0 0 2.9402
1 1 25 10 0 -1 4 0 0 0 99 0 0 3.54709
1 1 25 11 0 -1 4 0 0 0 99 0 0 3.54709
1 1 25 11 0 -1 4 0 0 0 99 0 0 10.8299
1 1 25 12 0 -1 4 0 0 0 99 0 0 5.97468
1 2 25 1 0 -1 4 0 0 0 99 0 0 9.00916
1 2 25 1 0 -1 4 0 0 0 99 0 0 2.9402
1 2 25 2 0 -1 4 0 0 0 99 0 0 12.6505
1 2 25 3 0 -1 4 0 0 0 99 0 0 19.9333
1 2 25 4 0 -1 4 0 0 0 99 0 0 9.00916
1 2 25 4 0 -1 4 0 0 0 99 0 0 6.58158
1 2 25 5 0 -1 4 0 0 0 99 0 0 15.685
1 2 25 6 0 -1 4 0 0 0 99 0 0 4.15399
1 2 25 6 0 -1 4 0 0 0 99 0 0 9.61606
1 2 25 7 0 -1 4 0 0 0 99 0 0 3.54709
1 2 25 8 0 -1 4 0 0 0 99 0 0 2.9402
t 1 25 -3 1 1 0 0 0 0 -2
_00Quinto
1 1 25 9 0 0 4 0 0 -2
1 2 25 8 0 0 4 0 0 -2
1 2 25 103 0 1 4 0 0 -1.66
1 1 73.3333 8 0 -1 4 0 0 0 99 0 0 3.01022
1 1 73.3333 9 0 -1 4 0 0 0 99 0 0 3.01022
1 1 73.3333 10 0 -1 4 0 0 0 99 0 0 5.04099
1 1 73.3333 11 0 -1 4 0 0 0 99 0 0 3.01022
1 1 73.3333 11 0 -1 4 0 0 0 99 0 0 12.4871
1 1 73.3333 12 0 -1 4 0 0 0 99 0 0 3.01022
1 1 73.3333 12 0 -1 4 0 0 0 99 0 0 13.1641
1 2 73.3333 1 0 -1 4 0 0 0 99 0 0 16.5487
1 2 73.3333 1 0 -1 4 0 0 0 99 0 0 5.04099
1 2 73.3333 2 0 -1 4 0 0 0 99 0 0 19.9333
1 2 73.3333 3 0 -1 4 0 0 0 99 0 0 19.9333
1 2 73.3333 4 0 -1 4 0 0 0 99 0 0 9.77945
1 2 73.3333 4 0 -1 4 0 0 0 99 0 0 3.01022
1 2 73.3333 5 0 -1 4 0 0 0 99 0 0 7.07176
1 2 73.3333 6 0 -1 4 0 0 0 99 0 0 4.36407
1 2 73.3333 6 0 -1 4 0 0 0 99 0 0 12.4871
t 1 73.3333 -3 1 1 0 0 0 0 -2
_00Alto
1 1 73.3333 8 0 0 4 0 0 -2
1 2 73.3333 6 0 0 4 0 0 -2
1 2 73.3333 102 0 1 4 0 0 -1.66
1 1 121.667 8 0 -1 4 0 0 0 99 0 0 3.637
1 1 121.667 9 0 -1 4 0 0 0 99 0 0 4.28886
1 1 121.667 10 0 -1 4 0 0 0 99 0 0 4.94071
1 1 121.667 11 0 -1 4 0 0 0 99 0 0 4.28886
1 1 121.667 11 0 -1 4 0 0 0 99 0 0 13.4148
1 1 121.667 12 0 -1 4 0 0 0 99 0 0 10.8074
1 2 121.667 1 0 -1 4 0 0 0 99 0 0 14.7185
1 2 121.667 1 0 -1 4 0 0 0 99 0 0 3.637
1 2 121.667 2 0 -1 4 0 0 0 99 0 0 14.7185
1 2 121.667 3 0 -1 4 0 0 0 99 0 0 19.9333
1 2 121.667 4 0 -1 4 0 0 0 99 0 0 8.19997
1 2 121.667 5 0 -1 4 0 0 0 99 0 0 10.8074
1 2 121.667 6 0 -1 4 0 0 0 99 0 0 3.637
1 2 121.667 6 0 -1 4 0 0 0 99 0 0 13.4148
t 1 121.667 -3 1 1 0 0 0 0 -2
_00Tenore
1 1 121.667 8 0 0 4 0 0 -2
1 2 121.667 6 0 0 4 0 0 -2
1 2 121.667 102 0 1 4 0 0 -1.66
1 1 170 6 0 -1 4 0 0 0 99 0 0 5.26663
1 1 170 6 0 -1 4 0 0 0 99 0 0 3.79997
1 1 170 7 0 -1 4 0 0 0 99 0 0 11.1333
1 1 170 8 0 -1 4 0 0 0 99 0 0 14.0666
1 1 170 9 0 -1 4 0 0 0 99 0 0 7.46663
1 1 170 9 0 -1 4 0 0 0 99 0 0 3.79997
1 1 170 10 0 -1 4 0 0 0 99 0 0 13.3333
1 1 170 11 0 -1 4 0 0 0 99 0 0 3.06663
1 1 170 11 0 -1 4 0 0 0 99 0 0 19.9333
1 1 170 12 0 -1 4 0 0 0 99 0 0 3.79997
1 2 170 1 0 -1 4 0 0 0 99 0 0 5.26663
1 2 170 2 0 -1 4 0 0 0 99 0 0 4.5333
1 2 170 3 0 -1 4 0 0 0 99 0 0 3.06663
t 1 170 -3 1 1 0 0 0 0 -2
_00Basso
1 1 170 6 0 0 4 0 0 -2
1 2 170 3 0 0 4 0 0 -2
1 1 170 110 0 1 4 0 0 -1.66
