#define SVG t 1 1 \n_99%svg%
t 2 10 14 1 1 0 0 0 0 -1.35
_00
8 1 0 0 0 200
8 2 0 -6 0 200
14 1 0 2
14 1 200 2
14 1 0 2 8
3 2 2
3 1 2 0 1
1 1 25 9 0 -1 4 0 0 0 99 0 0 3.0373
1 1 25 10 0 -1 4 0 0 0 99 0 0 4.4453
1 1 25 11 0 -1 4 0 0 0 99 0 0 6.5573
1 1 25 12 0 -1 4 0 0 0 99 0 0 3.0373
1 1 25 12 0 -1 4 0 0 0 99 0 0 5.8533
1 2 25 1 0 -1 4 0 0 0 99 0 0 8.6693
1 2 25 1 0 -1 4 0 0 0 99 0 0 6.5573
1 2 25 2 0 -1 4 0 0 0 99 0 0 19.9333
1 2 25 3 0 -1 4 0 0 0 99 0 0 15.0053
1 2 25 4 0 -1 4 0 0 0 99 0 0 6.5573
1 2 25 4 0 -1 4 0 0 0 99 0 0 7.9653
1 2 25 5 0 -1 4 0 0 0 99 0 0 17.1173
1 2 25 6 0 -1 4 0 0 0 99 0 0 4.4453
t 1 25 -3 1 1 0 0 0 0 -2
_00Alto
1 1 25 9 0 0 4 0 0 -2
1 2 25 6 0 0 4 0 0 -2
1 2 25 102 0 1 4 0 0 -1.66
1 1 97.5 10 0 -1 4 0 0 0 99 0 0 3.1714
1 1 97.5 11 0 -1 4 0 0 0 99 0 0 9.03806
1 1 97.5 12 0 -1 4 0 0 0 99 0 0 5.68568
1 2 97.5 1 0 -1 4 0 0 0 99 0 0 8.19997
1 2 97.5 1 0 -1 4 0 0 0 99 0 0 6.52378
1 2 97.5 2 0 -1 4 0 0 0 99 0 0 19.9333
1 2 97.5 3 0 -1 4 0 0 0 99 0 0 18.2571
1 2 97.5 4 0 -1 4 0 0 0 99 0 0 9.03806
1 2 97.5 4 0 -1 4 0 0 0 99 0 0 7.36187
1 2 97.5 5 0 -1 4 0 0 0 99 0 0 14.0666
1 2 97.5 6 0 -1 4 0 0 0 99 0 0 4.84759
t 1 97.5 -3 1 1 0 0 0 0 -2
_00Quinto
1 1 97.5 10 0 0 4 0 0 -2
1 2 97.5 6 0 0 4 0 0 -2
1 2 97.5 103 0 1 4 0 0 -1.66
1 1 170 7 0 -1 4 0 0 0 99 0 0 9.3733
1 1 170 8 0 -1 4 0 0 0 99 0 0 8.4933
1 1 170 9 0 -1 4 0 0 0 99 0 0 4.0933
1 1 170 9 0 -1 4 0 0 0 99 0 0 4.9733
1 1 170 10 0 -1 4 0 0 0 99 0 0 17.2933
1 1 170 11 0 -1 4 0 0 0 99 0 0 4.0933
1 1 170 11 0 -1 4 0 0 0 99 0 0 19.9333
1 1 170 12 0 -1 4 0 0 0 99 0 0 8.4933
1 2 170 1 0 -1 4 0 0 0 99 0 0 8.4933
1 2 170 1 0 -1 4 0 0 0 99 0 0 5.8533
1 2 170 2 0 -1 4 0 0 0 99 0 0 8.4933
1 2 170 3 0 -1 4 0 0 0 99 0 0 3.2133
t 1 170 -3 1 1 0 0 0 0 -2
_00Tenore
1 1 170 7 0 0 4 0 0 -2
1 2 170 3 0 0 4 0 0 -2
1 1 170 111 0 1 4 0 0 -1.66
