#define SVG t 1 1 \n_99%svg%
t 2 10 14 1 1 0 0 0 0 -1.35
_00
8 1 0 0 0 200
8 2 0 -6 0 200
14 1 0 2
14 1 200 2
14 1 0 2 8
3 2 2
3 1 2 0 1
1 2 25 1 0 -1 4 0 0 0 99 0 0 4.7333
1 2 25 2 0 -1 4 0 0 0 99 0 0 5.5333
1 2 25 3 0 -1 4 0 0 0 99 0 0 5.5333
1 2 25 4 0 -1 4 0 0 0 99 0 0 12.7333
1 2 25 4 0 -1 4 0 0 0 99 0 0 3.9333
1 2 25 5 0 -1 4 0 0 0 99 0 0 18.3333
1 2 25 6 0 -1 4 0 0 0 99 0 0 19.9333
1 2 25 7 0 -1 4 0 0 0 99 0 0 11.1333
1 2 25 7 0 -1 4 0 0 0 99 0 0 4.7333
1 2 25 8 0 -1 4 0 0 0 99 0 0 11.9333
1 2 25 9 0 -1 4 0 0 0 99 0 0 5.5333
t 1 25 -3 1 1 0 0 0 0 -2
_00Alto
1 2 25 1 0 0 4 0 0 -2
1 2 25 9 0 0 4 0 0 -2
1 2 25 106 0 1 4 0 0 -1.66
1 1 97.5 12 0 -1 4 0 0 0 99 0 0 4.28886
1 2 97.5 1 0 -1 4 0 0 0 99 0 0 11.1333
1 2 97.5 1 0 -1 4 0 0 0 99 0 0 3.31108
1 2 97.5 2 0 -1 4 0 0 0 99 0 0 15.0444
1 2 97.5 3 0 -1 4 0 0 0 99 0 0 13.0889
1 2 97.5 4 0 -1 4 0 0 0 99 0 0 18.9555
1 2 97.5 5 0 -1 4 0 0 0 99 0 0 17
1 2 97.5 6 0 -1 4 0 0 0 99 0 0 19.9333
1 2 97.5 7 0 -1 4 0 0 0 99 0 0 5.26663
1 2 97.5 8 0 -1 4 0 0 0 99 0 0 7.22219
1 2 97.5 9 0 -1 4 0 0 0 99 0 0 4.28886
t 1 97.5 -3 1 1 0 0 0 0 -2
_00Quinto
1 1 97.5 12 0 0 4 0 0 -2
1 2 97.5 9 0 0 4 0 0 -2
1 2 97.5 104 0 1 4 0 0 -1.66
1 1 170 7 0 -1 4 0 0 0 99 0 0 4.67997
1 1 170 9 0 -1 4 0 0 0 99 0 0 10.5466
1 1 170 10 0 -1 4 0 0 0 99 0 0 10.5466
1 1 170 11 0 -1 4 0 0 0 99 0 0 15.24
1 1 170 12 0 -1 4 0 0 0 99 0 0 11.72
1 2 170 1 0 -1 4 0 0 0 99 0 0 17.5866
1 2 170 1 0 -1 4 0 0 0 99 0 0 5.8533
1 2 170 2 0 -1 4 0 0 0 99 0 0 19.9333
1 2 170 3 0 -1 4 0 0 0 99 0 0 17.5866
1 2 170 4 0 -1 4 0 0 0 99 0 0 18.76
1 2 170 5 0 -1 4 0 0 0 99 0 0 5.8533
1 2 170 6 0 -1 4 0 0 0 99 0 0 3.50663
t 1 170 -3 1 1 0 0 0 0 -2
_00Tenore
1 1 170 7 0 0 4 0 0 -2
1 2 170 6 0 0 4 0 0 -2
1 2 170 101 0 1 4 0 0 -1.66
