#define SVG t 1 1 \n_99%svg%
t 2 10 14 1 1 0 0 0 0 -1.35
_00
8 1 0 0 0 200
8 2 0 -6 0 200
14 1 0 2
14 1 200 2
14 1 0 2 8
3 2 2
3 1 2 0 1
1 2 25 4 0 -1 4 0 0 0 99 0 0 2.58473
1 2 25 5 0 -1 4 0 0 0 99 0 0 3.84187
1 2 25 6 0 -1 4 0 0 0 99 0 0 4.34473
1 2 25 7 0 -1 4 0 0 0 99 0 0 8.11616
1 2 25 8 0 -1 4 0 0 0 99 0 0 9.12187
1 2 25 8 0 -1 4 0 0 0 99 0 0 5.35044
1 2 25 9 0 -1 4 0 0 0 99 0 0 19.9333
1 2 25 10 0 -1 4 0 0 0 99 0 0 15.1562
1 2 25 11 0 -1 4 0 0 0 99 0 0 6.85901
1 2 25 11 0 -1 4 0 0 0 99 0 0 3.59044
1 2 25 12 0 -1 4 0 0 0 99 0 0 8.36759
t 1 25 -3 1 1 0 0 0 0 -2
_00Canto
1 2 25 4 0 0 4 0 0 -2
1 2 25 12 0 0 4 0 0 -2
1 2 25 109 0 1 4 0 0 -1.66
1 1 61.25 12 0 -1 4 0 0 0 99 0 0 2.60407
1 2 61.25 1 0 -1 4 0 0 0 99 0 0 3.68715
1 2 61.25 2 0 -1 4 0 0 0 99 0 0 6.12407
1 2 61.25 3 0 -1 4 0 0 0 99 0 0 6.66561
1 2 61.25 4 0 -1 4 0 0 0 99 0 0 4.49945
1 2 61.25 4 0 -1 4 0 0 0 99 0 0 4.49945
1 2 61.25 5 0 -1 4 0 0 0 99 0 0 14.2471
1 2 61.25 6 0 -1 4 0 0 0 99 0 0 2.60407
1 2 61.25 6 0 -1 4 0 0 0 99 0 0 19.9333
1 2 61.25 7 0 -1 4 0 0 0 99 0 0 3.14561
1 2 61.25 7 0 -1 4 0 0 0 99 0 0 13.7056
1 2 61.25 8 0 -1 4 0 0 0 99 0 0 12.081
1 2 61.25 8 0 -1 4 0 0 0 99 0 0 2.60407
1 2 61.25 9 0 -1 4 0 0 0 99 0 0 2.87484
t 1 61.25 -3 1 1 0 0 0 0 -2
_00Alto
1 1 61.25 12 0 0 4 0 0 -2
1 2 61.25 9 0 0 4 0 0 -2
1 2 61.25 106 0 1 4 0 0 -1.66
1 1 97.5 9 0 -1 4 0 0 0 99 0 0 3.56121
1 1 97.5 10 0 -1 4 0 0 0 99 0 0 6.01702
1 1 97.5 11 0 -1 4 0 0 0 99 0 0 10.5193
1 1 97.5 12 0 -1 4 0 0 0 99 0 0 3.56121
1 1 97.5 12 0 -1 4 0 0 0 99 0 0 9.29144
1 2 97.5 1 0 -1 4 0 0 0 99 0 0 12.5659
1 2 97.5 1 0 -1 4 0 0 0 99 0 0 4.37981
1 2 97.5 2 0 -1 4 0 0 0 99 0 0 19.9333
1 2 97.5 3 0 -1 4 0 0 0 99 0 0 15.8403
1 2 97.5 4 0 -1 4 0 0 0 99 0 0 9.29144
1 2 97.5 4 0 -1 4 0 0 0 99 0 0 4.78911
1 2 97.5 5 0 -1 4 0 0 0 99 0 0 14.2031
1 2 97.5 6 0 -1 4 0 0 0 99 0 0 3.56121
1 2 97.5 6 0 -1 4 0 0 0 99 0 0 7.24493
t 1 97.5 -3 1 1 0 0 0 0 -2
_00Tenore
1 1 97.5 9 0 0 4 0 0 -2
1 2 97.5 6 0 0 4 0 0 -2
1 2 97.5 102 0 1 4 0 0 -1.66
1 1 133.75 9 0 -1 4 0 0 0 99 0 0 2.6853
1 1 133.75 10 0 -1 4 0 0 0 99 0 0 5.5013
1 1 133.75 11 0 -1 4 0 0 0 99 0 0 5.1493
1 1 133.75 12 0 -1 4 0 0 0 99 0 0 4.4453
1 2 133.75 1 0 -1 4 0 0 0 99 0 0 6.9093
1 2 133.75 1 0 -1 4 0 0 0 99 0 0 4.4453
1 2 133.75 2 0 -1 4 0 0 0 99 0 0 14.6533
1 2 133.75 3 0 -1 4 0 0 0 99 0 0 15.0053
1 2 133.75 4 0 -1 4 0 0 0 99 0 0 10.4293
1 2 133.75 4 0 -1 4 0 0 0 99 0 0 5.1493
1 2 133.75 5 0 -1 4 0 0 0 99 0 0 19.9333
1 2 133.75 6 0 -1 4 0 0 0 99 0 0 3.7413
1 2 133.75 6 0 -1 4 0 0 0 99 0 0 9.3733
t 1 133.75 -3 1 1 0 0 0 0 -2
_00Quinto
1 1 133.75 9 0 0 4 0 0 -2
1 2 133.75 6 0 0 4 0 0 -2
1 2 133.75 103 0 1 4 0 0 -1.66
1 1 170 4 0 -1 4 0 0 0 99 0 0 2.79646
1 1 170 5 0 -1 4 0 0 0 99 0 0 2.79646
1 1 170 6 0 -1 4 0 0 0 99 0 0 6.50172
1 1 170 7 0 -1 4 0 0 0 99 0 0 12.5228
1 1 170 8 0 -1 4 0 0 0 99 0 0 12.0596
1 1 170 9 0 -1 4 0 0 0 99 0 0 6.96488
1 1 170 9 0 -1 4 0 0 0 99 0 0 3.72277
1 1 170 10 0 -1 4 0 0 0 99 0 0 19.9333
1 1 170 11 0 -1 4 0 0 0 99 0 0 16.228
1 1 170 12 0 -1 4 0 0 0 99 0 0 2.79646
1 1 170 12 0 -1 4 0 0 0 99 0 0 10.207
1 2 170 1 0 -1 4 0 0 0 99 0 0 9.28067
1 2 170 2 0 -1 4 0 0 0 99 0 0 4.18593
t 1 170 -3 1 1 0 0 0 0 -2
_00Basso
1 1 170 4 0 0 4 0 0 -2
1 2 170 2 0 0 4 0 0 -2
1 1 170 110 0 1 4 0 0 -1.66
