#define SVG t 1 1 \n_99%svg%
t 2 10 14 1 1 0 0 0 0 -1.35
_00
8 1 0 0 0 200
8 2 0 -6 0 200
14 1 0 2
14 1 200 2
14 1 0 2 8
3 2 2
3 1 2 0 1
1 1 25 12 0 -1 4 0 0 0 99 0 0 2.9402
1 2 25 1 0 -1 4 0 0 0 99 0 0 6.58158
1 2 25 1 0 -1 4 0 0 0 99 0 0 2.9402
1 2 25 2 0 -1 4 0 0 0 99 0 0 7.18847
1 2 25 3 0 -1 4 0 0 0 99 0 0 10.223
1 2 25 4 0 -1 4 0 0 0 99 0 0 5.97468
1 2 25 4 0 -1 4 0 0 0 99 0 0 3.54709
1 2 25 5 0 -1 4 0 0 0 99 0 0 19.9333
1 2 25 6 0 -1 4 0 0 0 99 0 0 3.54709
1 2 25 6 0 -1 4 0 0 0 99 0 0 10.223
1 2 25 7 0 -1 4 0 0 0 99 0 0 7.79537
1 2 25 8 0 -1 4 0 0 0 99 0 0 7.79537
t 1 25 -3 1 1 0 0 0 0 -2
_00Alto
1 1 25 12 0 0 4 0 0 -2
1 2 25 8 0 0 4 0 0 -2
1 2 25 105 0 1 4 0 0 -1.66
1 1 97.5 11 0 -1 4 0 0 0 99 0 0 4.84759
1 1 97.5 12 0 -1 4 0 0 0 99 0 0 5.68568
1 2 97.5 1 0 -1 4 0 0 0 99 0 0 9.03806
1 2 97.5 1 0 -1 4 0 0 0 99 0 0 3.1714
1 2 97.5 2 0 -1 4 0 0 0 99 0 0 19.9333
1 2 97.5 3 0 -1 4 0 0 0 99 0 0 18.2571
1 2 97.5 4 0 -1 4 0 0 0 99 0 0 8.19997
1 2 97.5 4 0 -1 4 0 0 0 99 0 0 3.1714
1 2 97.5 5 0 -1 4 0 0 0 99 0 0 7.36187
1 2 97.5 6 0 -1 4 0 0 0 99 0 0 4.00949
t 1 97.5 -3 1 1 0 0 0 0 -2
_00Tenore
1 1 97.5 11 0 0 4 0 0 -2
1 2 97.5 6 0 0 4 0 0 -2
1 2 97.5 102 0 1 4 0 0 -1.66
1 1 170 10 0 -1 4 0 0 0 99 0 0 4.28886
1 1 170 11 0 -1 4 0 0 0 99 0 0 4.28886
1 1 170 12 0 -1 4 0 0 0 99 0 0 3.31108
1 2 170 1 0 -1 4 0 0 0 99 0 0 13.0889
1 2 170 2 0 -1 4 0 0 0 99 0 0 17
1 2 170 3 0 -1 4 0 0 0 99 0 0 19.9333
1 2 170 4 0 -1 4 0 0 0 99 0 0 9.17774
1 2 170 4 0 -1 4 0 0 0 99 0 0 4.28886
1 2 170 5 0 -1 4 0 0 0 99 0 0 17.9777
1 2 170 6 0 -1 4 0 0 0 99 0 0 13.0889
1 2 170 7 0 -1 4 0 0 0 99 0 0 3.31108
t 1 170 -3 1 1 0 0 0 0 -2
_00Quinto
1 1 170 10 0 0 4 0 0 -2
1 2 170 7 0 0 4 0 0 -2
1 2 170 103 0 1 4 0 0 -1.66
