#define SVG t 1 1 \n_99%svg%
t 2 10 14 1 1 0 0 0 0 -1.35
_00
8 1 0 0 0 200
8 2 0 -6 0 200
14 1 0 2
14 1 200 2
14 1 0 2 8
3 2 2
3 1 2 0 1
1 2 25 1 0 -1 4 0 0 0 99 0 0 3.54709
1 2 25 1 0 -1 4 0 0 0 99 0 0 2.9402
1 2 25 2 0 -1 4 0 0 0 99 0 0 4.76089
1 2 25 3 0 -1 4 0 0 0 99 0 0 4.76089
1 2 25 4 0 -1 4 0 0 0 99 0 0 3.54709
1 2 25 4 0 -1 4 0 0 0 99 0 0 5.97468
1 2 25 5 0 -1 4 0 0 0 99 0 0 19.3264
1 2 25 6 0 -1 4 0 0 0 99 0 0 3.54709
1 2 25 6 0 -1 4 0 0 0 99 0 0 12.6505
1 2 25 7 0 -1 4 0 0 0 99 0 0 2.9402
1 2 25 7 0 -1 4 0 0 0 99 0 0 19.9333
1 2 25 8 0 -1 4 0 0 0 99 0 0 10.8299
1 2 25 8 0 -1 4 0 0 0 99 0 0 2.9402
1 2 25 9 0 -1 4 0 0 0 99 0 0 12.0436
1 2 25 10 0 -1 4 0 0 0 99 0 0 3.54709
t 1 25 -3 1 1 0 0 0 0 -2
_00Canto
1 2 25 1 0 0 4 0 0 -2
1 2 25 10 0 0 4 0 0 -2
1 2 25 106 0 1 4 0 0 -1.66
1 2 61.25 1 0 -1 4 0 0 0 99 0 0 4.40389
1 2 61.25 2 0 -1 4 0 0 0 99 0 0 4.92154
1 2 61.25 3 0 -1 4 0 0 0 99 0 0 5.43918
1 2 61.25 4 0 -1 4 0 0 0 99 0 0 4.40389
1 2 61.25 4 0 -1 4 0 0 0 99 0 0 5.43918
1 2 61.25 5 0 -1 4 0 0 0 99 0 0 19.9333
1 2 61.25 6 0 -1 4 0 0 0 99 0 0 3.36859
1 2 61.25 6 0 -1 4 0 0 0 99 0 0 13.2039
1 2 61.25 7 0 -1 4 0 0 0 99 0 0 2.85095
1 2 61.25 7 0 -1 4 0 0 0 99 0 0 18.3804
1 2 61.25 8 0 -1 4 0 0 0 99 0 0 10.6157
1 2 61.25 9 0 -1 4 0 0 0 99 0 0 10.6157
1 2 61.25 10 0 -1 4 0 0 0 99 0 0 3.88624
t 1 61.25 -3 1 1 0 0 0 0 -2
_00Quinto
1 2 61.25 1 0 0 4 0 0 -2
1 2 61.25 10 0 0 4 0 0 -2
1 2 61.25 106 0 1 4 0 0 -1.66
1 1 97.5 10 0 -1 4 0 0 0 99 0 0 4.84759
1 1 97.5 11 0 -1 4 0 0 0 99 0 0 3.33901
1 1 97.5 12 0 -1 4 0 0 0 99 0 0 5.35044
1 2 97.5 1 0 -1 4 0 0 0 99 0 0 8.36759
1 2 97.5 1 0 -1 4 0 0 0 99 0 0 3.33901
1 2 97.5 2 0 -1 4 0 0 0 99 0 0 19.9333
1 2 97.5 3 0 -1 4 0 0 0 99 0 0 17.419
1 2 97.5 4 0 -1 4 0 0 0 99 0 0 8.36759
1 2 97.5 4 0 -1 4 0 0 0 99 0 0 6.85901
1 2 97.5 5 0 -1 4 0 0 0 99 0 0 18.9276
t 1 97.5 -3 1 1 0 0 0 0 -2
_00Alto
1 1 97.5 10 0 0 4 0 0 -2
1 2 97.5 5 0 0 4 0 0 -2
1 2 97.5 103 0 1 4 0 0 -1.66
1 1 133.75 6 0 -1 4 0 0 0 99 0 0 3.01022
1 1 133.75 7 0 -1 4 0 0 0 99 0 0 3.01022
1 1 133.75 8 0 -1 4 0 0 0 99 0 0 3.01022
1 1 133.75 9 0 -1 4 0 0 0 99 0 0 3.01022
1 1 133.75 9 0 -1 4 0 0 0 99 0 0 3.01022
1 1 133.75 10 0 -1 4 0 0 0 99 0 0 19.9333
1 1 133.75 11 0 -1 4 0 0 0 99 0 0 11.8102
1 1 133.75 12 0 -1 4 0 0 0 99 0 0 3.68715
1 1 133.75 12 0 -1 4 0 0 0 99 0 0 11.8102
1 2 133.75 1 0 -1 4 0 0 0 99 0 0 13.1641
1 2 133.75 2 0 -1 4 0 0 0 99 0 0 15.1948
1 2 133.75 3 0 -1 4 0 0 0 99 0 0 5.04099
t 1 133.75 -3 1 1 0 0 0 0 -2
_00Tenore
1 1 133.75 6 0 0 4 0 0 -2
1 2 133.75 3 0 0 4 0 0 -2
1 1 133.75 112 0 1 4 0 0 -1.66
1 1 170 3 0 -1 4 0 0 0 99 0 0 5.5333
1 1 170 6 0 -1 4 0 0 0 99 0 0 10.3333
1 1 170 7 0 -1 4 0 0 0 99 0 0 11.9333
1 1 170 8 0 -1 4 0 0 0 99 0 0 11.9333
1 1 170 9 0 -1 4 0 0 0 99 0 0 7.1333
1 1 170 9 0 -1 4 0 0 0 99 0 0 3.1333
1 1 170 10 0 -1 4 0 0 0 99 0 0 19.9333
1 1 170 11 0 -1 4 0 0 0 99 0 0 3.9333
t 1 170 -3 1 1 0 0 0 0 -2
_00Basso
1 1 170 3 0 0 4 0 0 -2
1 1 170 11 0 0 4 0 0 -2
1 1 170 108 0 1 4 0 0 -1.66
