#define SVG t 1 1 \n_99%svg%
t 2 10 14 1 1 0 0 0 0 -1.35
_00
8 1 0 0 0 200
8 2 0 -6 0 200
14 1 0 2
14 1 200 2
14 1 0 2 8
3 2 2
3 1 2 0 1
1 2 25 4 0 -1 4 0 0 0 99 0 0 3.85054
1 2 25 5 0 -1 4 0 0 0 99 0 0 6.58158
1 2 25 6 0 -1 4 0 0 0 99 0 0 11.7402
1 2 25 7 0 -1 4 0 0 0 99 0 0 8.70571
1 2 25 7 0 -1 4 0 0 0 99 0 0 4.76089
1 2 25 8 0 -1 4 0 0 0 99 0 0 16.8988
1 2 25 8 0 -1 4 0 0 0 99 0 0 3.85054
1 2 25 9 0 -1 4 0 0 0 99 0 0 19.9333
1 2 25 10 0 -1 4 0 0 0 99 0 0 4.45744
1 2 25 10 0 -1 4 0 0 0 99 0 0 7.18847
1 2 25 11 0 -1 4 0 0 0 99 0 0 5.97468
t 1 25 -3 1 1 0 0 0 0 -2
_00Canto
1 2 25 4 0 0 4 0 0 -2
1 2 25 11 0 0 4 0 0 -2
1 2 25 108 0 1 4 0 0 -1.66
1 1 61.25 12 0 -1 4 0 0 0 99 0 0 2.6083
1 2 61.25 1 0 -1 4 0 0 0 99 0 0 3.1583
1 2 61.25 2 0 -1 4 0 0 0 99 0 0 5.3583
1 2 61.25 3 0 -1 4 0 0 0 99 0 0 2.8833
1 2 61.25 3 0 -1 4 0 0 0 99 0 0 8.9333
1 2 61.25 4 0 -1 4 0 0 0 99 0 0 13.3333
1 2 61.25 4 0 -1 4 0 0 0 99 0 0 5.6333
1 2 61.25 5 0 -1 4 0 0 0 99 0 0 19.9333
1 2 61.25 6 0 -1 4 0 0 0 99 0 0 18.8333
1 2 61.25 7 0 -1 4 0 0 0 99 0 0 8.9333
1 2 61.25 7 0 -1 4 0 0 0 99 0 0 3.9833
1 2 61.25 8 0 -1 4 0 0 0 99 0 0 7.2833
t 1 61.25 -3 1 1 0 0 0 0 -2
_00Alto
1 1 61.25 12 0 0 4 0 0 -2
1 2 61.25 8 0 0 4 0 0 -2
1 2 61.25 105 0 1 4 0 0 -1.66
1 1 97.5 9 0 -1 4 0 0 0 99 0 0 2.75235
1 1 97.5 10 0 -1 4 0 0 0 99 0 0 4.84759
1 1 97.5 11 0 -1 4 0 0 0 99 0 0 10.2952
1 1 97.5 12 0 -1 4 0 0 0 99 0 0 9.87616
1 1 97.5 12 0 -1 4 0 0 0 99 0 0 2.75235
1 2 97.5 1 0 -1 4 0 0 0 99 0 0 11.5523
1 2 97.5 1 0 -1 4 0 0 0 99 0 0 3.59044
1 2 97.5 2 0 -1 4 0 0 0 99 0 0 19.9333
1 2 97.5 3 0 -1 4 0 0 0 99 0 0 3.59044
1 2 97.5 3 0 -1 4 0 0 0 99 0 0 11.9714
1 2 97.5 4 0 -1 4 0 0 0 99 0 0 13.6476
1 2 97.5 4 0 -1 4 0 0 0 99 0 0 2.75235
1 2 97.5 5 0 -1 4 0 0 0 99 0 0 9.87616
1 2 97.5 6 0 -1 4 0 0 0 99 0 0 5.26663
t 1 97.5 -3 1 1 0 0 0 0 -2
_00Tenore
1 1 97.5 9 0 0 4 0 0 -2
1 2 97.5 6 0 0 4 0 0 -2
1 2 97.5 102 0 1 4 0 0 -1.66
1 1 133.75 9 0 -1 4 0 0 0 99 0 0 7.09006
1 1 133.75 10 0 -1 4 0 0 0 99 0 0 9.94411
1 1 133.75 11 0 -1 4 0 0 0 99 0 0 13.7495
1 1 133.75 12 0 -1 4 0 0 0 99 0 0 8.51708
1 1 133.75 12 0 -1 4 0 0 0 99 0 0 3.28465
1 2 133.75 1 0 -1 4 0 0 0 99 0 0 15.6522
1 2 133.75 1 0 -1 4 0 0 0 99 0 0 2.80898
1 2 133.75 2 0 -1 4 0 0 0 99 0 0 19.9333
1 2 133.75 3 0 -1 4 0 0 0 99 0 0 2.80898
1 2 133.75 3 0 -1 4 0 0 0 99 0 0 11.3711
1 2 133.75 4 0 -1 4 0 0 0 99 0 0 13.2738
1 2 133.75 4 0 -1 4 0 0 0 99 0 0 3.28465
1 2 133.75 5 0 -1 4 0 0 0 99 0 0 9.46844
1 2 133.75 6 0 -1 4 0 0 0 99 0 0 7.56573
t 1 133.75 -3 1 1 0 0 0 0 -2
_00Quinto
1 1 133.75 9 0 0 4 0 0 -2
1 2 133.75 6 0 0 4 0 0 -2
1 2 133.75 102 0 1 4 0 0 -1.66
1 1 170 5 0 -1 4 0 0 0 99 0 0 3.72277
1 1 170 6 0 -1 4 0 0 0 99 0 0 10.207
1 1 170 6 0 -1 4 0 0 0 99 0 0 3.25962
1 1 170 7 0 -1 4 0 0 0 99 0 0 14.3754
1 1 170 8 0 -1 4 0 0 0 99 0 0 3.25962
1 1 170 8 0 -1 4 0 0 0 99 0 0 4.64909
1 1 170 9 0 -1 4 0 0 0 99 0 0 14.8386
1 1 170 9 0 -1 4 0 0 0 99 0 0 3.25962
1 1 170 10 0 -1 4 0 0 0 99 0 0 19.9333
1 1 170 11 0 -1 4 0 0 0 99 0 0 13.4491
1 1 170 12 0 -1 4 0 0 0 99 0 0 6.50172
1 2 170 1 0 -1 4 0 0 0 99 0 0 8.81751
1 2 170 2 0 -1 4 0 0 0 99 0 0 4.64909
t 1 170 -3 1 1 0 0 0 0 -2
_00Basso
1 1 170 5 0 0 4 0 0 -2
1 2 170 2 0 0 4 0 0 -2
1 1 170 110 0 1 4 0 0 -1.66
