#define SVG t 1 1 \n_99%svg%
t 2 10 14 1 1 0 0 0 0 -1.35
_00
8 1 0 0 0 200
8 2 0 -6 0 200
14 1 0 2
14 1 200 2
14 1 0 2 8
3 2 2
3 1 2 0 1
1 2 25 4 0 -1 4 0 0 0 99 0 0 2.7426
1 2 25 5 0 -1 4 0 0 0 99 0 0 3.97051
1 2 25 6 0 -1 4 0 0 0 99 0 0 2.7426
1 2 25 6 0 -1 4 0 0 0 99 0 0 7.65423
1 2 25 7 0 -1 4 0 0 0 99 0 0 2.7426
1 2 25 7 0 -1 4 0 0 0 99 0 0 12.9752
1 2 25 8 0 -1 4 0 0 0 99 0 0 15.8403
1 2 25 8 0 -1 4 0 0 0 99 0 0 3.1519
1 2 25 9 0 -1 4 0 0 0 99 0 0 19.9333
1 2 25 10 0 -1 4 0 0 0 99 0 0 19.524
1 2 25 11 0 -1 4 0 0 0 99 0 0 6.83563
1 2 25 11 0 -1 4 0 0 0 99 0 0 2.7426
1 2 25 12 0 -1 4 0 0 0 99 0 0 10.5193
t 1 25 -3 1 1 0 0 0 0 -2
_00Canto
1 2 25 4 0 0 4 0 0 -2
1 2 25 12 0 0 4 0 0 -2
1 2 25 109 0 1 4 0 0 -1.66
1 2 61.25 1 0 -1 4 0 0 0 99 0 0 3.4333
1 2 61.25 2 0 -1 4 0 0 0 99 0 0 4.89997
1 2 61.25 3 0 -1 4 0 0 0 99 0 0 7.46663
1 2 61.25 4 0 -1 4 0 0 0 99 0 0 7.8333
1 2 61.25 4 0 -1 4 0 0 0 99 0 0 4.16663
1 2 61.25 5 0 -1 4 0 0 0 99 0 0 19.9333
1 2 61.25 6 0 -1 4 0 0 0 99 0 0 2.69997
1 2 61.25 6 0 -1 4 0 0 0 99 0 0 15.1666
1 2 61.25 7 0 -1 4 0 0 0 99 0 0 2.69997
1 2 61.25 7 0 -1 4 0 0 0 99 0 0 12.2333
1 2 61.25 8 0 -1 4 0 0 0 99 0 0 10.4
1 2 61.25 9 0 -1 4 0 0 0 99 0 0 3.4333
t 1 61.25 -3 1 1 0 0 0 0 -2
_00Alto
1 2 61.25 1 0 0 4 0 0 -2
1 2 61.25 9 0 0 4 0 0 -2
1 2 61.25 105 0 1 4 0 0 -1.66
1 1 97.5 10 0 -1 4 0 0 0 99 0 0 14.5768
1 1 97.5 11 0 -1 4 0 0 0 99 0 0 16.8724
1 1 97.5 12 0 -1 4 0 0 0 99 0 0 3.09852
1 1 97.5 12 0 -1 4 0 0 0 99 0 0 17.6376
1 2 97.5 1 0 -1 4 0 0 0 99 0 0 19.9333
1 2 97.5 1 0 -1 4 0 0 0 99 0 0 3.09852
1 2 97.5 2 0 -1 4 0 0 0 99 0 0 19.1681
1 2 97.5 3 0 -1 4 0 0 0 99 0 0 19.1681
1 2 97.5 4 0 -1 4 0 0 0 99 0 0 5.39417
1 2 97.5 4 0 -1 4 0 0 0 99 0 0 5.39417
1 2 97.5 5 0 -1 4 0 0 0 99 0 0 16.1072
1 2 97.5 6 0 -1 4 0 0 0 99 0 0 3.86373
t 1 97.5 -3 1 1 0 0 0 0 -2
_00Tenore
1 1 97.5 10 0 0 4 0 0 -2
1 2 97.5 6 0 0 4 0 0 -2
1 2 97.5 101 0 1 4 0 0 -1.66
1 1 133.75 10 0 -1 4 0 0 0 99 0 0 8.85182
1 1 133.75 11 0 -1 4 0 0 0 99 0 0 14.7185
1 1 133.75 12 0 -1 4 0 0 0 99 0 0 2.98515
1 1 133.75 12 0 -1 4 0 0 0 99 0 0 14.0666
1 2 133.75 1 0 -1 4 0 0 0 99 0 0 17.9777
1 2 133.75 1 0 -1 4 0 0 0 99 0 0 3.637
1 2 133.75 2 0 -1 4 0 0 0 99 0 0 19.9333
1 2 133.75 3 0 -1 4 0 0 0 99 0 0 19.2814
1 2 133.75 4 0 -1 4 0 0 0 99 0 0 8.19997
1 2 133.75 4 0 -1 4 0 0 0 99 0 0 3.637
1 2 133.75 5 0 -1 4 0 0 0 99 0 0 8.85182
1 2 133.75 6 0 -1 4 0 0 0 99 0 0 2.98515
t 1 133.75 -3 1 1 0 0 0 0 -2
_00Quinto
1 1 133.75 10 0 0 4 0 0 -2
1 2 133.75 6 0 0 4 0 0 -2
1 2 133.75 102 0 1 4 0 0 -1.66
1 1 170 4 0 -1 4 0 0 0 99 0 0 3.46878
1 1 170 5 0 -1 4 0 0 0 99 0 0 5.17201
1 1 170 6 0 -1 4 0 0 0 99 0 0 10.2817
1 1 170 7 0 -1 4 0 0 0 99 0 0 11.9849
1 1 170 8 0 -1 4 0 0 0 99 0 0 19.9333
1 1 170 9 0 -1 4 0 0 0 99 0 0 9.1462
1 1 170 9 0 -1 4 0 0 0 99 0 0 4.03653
1 1 170 10 0 -1 4 0 0 0 99 0 0 14.8236
1 1 170 11 0 -1 4 0 0 0 99 0 0 11.9849
1 1 170 12 0 -1 4 0 0 0 99 0 0 6.87524
1 2 170 1 0 -1 4 0 0 0 99 0 0 6.87524
t 1 170 -3 1 1 0 0 0 0 -2
_00Basso
1 1 170 4 0 0 4 0 0 -2
1 2 170 1 0 0 4 0 0 -2
1 1 170 109 0 1 4 0 0 -1.66
