#define SVG t 1 1 \n_99%svg%
t 2 10 14 1 1 0 0 0 0 -1.35
_00
8 1 0 0 0 200
8 2 0 -6 0 200
14 1 0 2
14 1 200 2
14 1 0 2 8
3 2 2
3 1 2 0 1
1 2 25 4 0 -1 4 0 0 0 99 0 0 5.6333
1 2 25 5 0 -1 4 0 0 0 99 0 0 11.1333
1 2 25 6 0 -1 4 0 0 0 99 0 0 8.9333
1 2 25 7 0 -1 4 0 0 0 99 0 0 14.4333
1 2 25 8 0 -1 4 0 0 0 99 0 0 19.9333
1 2 25 8 0 -1 4 0 0 0 99 0 0 3.4333
1 2 25 9 0 -1 4 0 0 0 99 0 0 14.4333
1 2 25 10 0 -1 4 0 0 0 99 0 0 6.7333
1 2 25 10 0 -1 4 0 0 0 99 0 0 3.4333
1 2 25 11 0 -1 4 0 0 0 99 0 0 6.7333
t 1 25 -3 1 1 0 0 0 0 -2
_00..\..\..\..\tasso-scores\Trm\kern\Trm0361c-Io_son_la_primavera?nStefani_1622.krn
1 2 25 4 0 0 4 0 0 -2
1 2 25 11 0 0 4 0 0 -2
1 2 25 108 0 1 4 0 0 -1.66
1 1 170 2 0 -1 4 0 0 0 99 0 0 5.8533
1 1 170 3 0 -1 4 0 0 0 99 0 0 5.8533
1 1 170 4 0 -1 4 0 0 0 99 0 0 4.0933
1 1 170 5 0 -1 4 0 0 0 99 0 0 14.6533
1 1 170 6 0 -1 4 0 0 0 99 0 0 19.9333
1 1 170 7 0 -1 4 0 0 0 99 0 0 16.4133
1 1 170 8 0 -1 4 0 0 0 99 0 0 9.3733
1 1 170 9 0 -1 4 0 0 0 99 0 0 18.1733
1 1 170 10 0 -1 4 0 0 0 99 0 0 12.8933
1 1 170 11 0 -1 4 0 0 0 99 0 0 7.6133
1 1 170 12 0 -1 4 0 0 0 99 0 0 7.6133
t 1 170 -3 1 1 0 0 0 0 -2
_00