#define SVG t 1 1 \n_99%svg%
t 2 10 14 1 1 0 0 0 0 -1.35
_00
8 1 0 0 0 200
8 2 0 -6 0 200
14 1 0 2
14 1 200 2
14 1 0 2 8
3 2 2
3 1 2 0 1
1 2 25 4 0 -1 4 0 0 0 99 0 0 2.96187
1 2 25 5 0 -1 4 0 0 0 99 0 0 7.36187
1 2 25 6 0 -1 4 0 0 0 99 0 0 11.1333
1 2 25 7 0 -1 4 0 0 0 99 0 0 2.96187
1 2 25 7 0 -1 4 0 0 0 99 0 0 14.9047
1 2 25 8 0 -1 4 0 0 0 99 0 0 14.2762
1 2 25 9 0 -1 4 0 0 0 99 0 0 19.9333
1 2 25 10 0 -1 4 0 0 0 99 0 0 14.2762
1 2 25 11 0 -1 4 0 0 0 99 0 0 7.36187
1 2 25 12 0 -1 4 0 0 0 99 0 0 8.61901
t 1 25 -3 1 1 0 0 0 0 -2
_00Canto
1 2 25 4 0 0 4 0 0 -2
1 2 25 12 0 0 4 0 0 -2
1 2 25 109 0 1 4 0 0 -1.66
1 2 61.25 2 0 -1 4 0 0 0 99 0 0 3.06663
1 2 61.25 3 0 -1 4 0 0 0 99 0 0 3.79997
1 2 61.25 4 0 -1 4 0 0 0 99 0 0 3.06663
1 2 61.25 5 0 -1 4 0 0 0 99 0 0 9.66663
1 2 61.25 6 0 -1 4 0 0 0 99 0 0 11.1333
1 2 61.25 7 0 -1 4 0 0 0 99 0 0 14.8
1 2 61.25 8 0 -1 4 0 0 0 99 0 0 16.2666
1 2 61.25 9 0 -1 4 0 0 0 99 0 0 19.9333
1 2 61.25 10 0 -1 4 0 0 0 99 0 0 12.6
1 2 61.25 11 0 -1 4 0 0 0 99 0 0 8.9333
1 2 61.25 11 0 -1 4 0 0 0 99 0 0 3.79997
1 2 61.25 12 0 -1 4 0 0 0 99 0 0 14.8
t 1 61.25 -3 1 1 0 0 0 0 -2
_00Quinto
1 2 61.25 2 0 0 4 0 0 -2
1 2 61.25 12 0 0 4 0 0 -2
1 2 61.25 109 0 1 4 0 0 -1.66
1 1 97.5 10 0 -1 4 0 0 0 99 0 0 2.83616
1 2 97.5 1 0 -1 4 0 0 0 99 0 0 4.34473
1 2 97.5 2 0 -1 4 0 0 0 99 0 0 6.85901
1 2 97.5 3 0 -1 4 0 0 0 99 0 0 5.8533
1 2 97.5 4 0 -1 4 0 0 0 99 0 0 8.36759
1 2 97.5 4 0 -1 4 0 0 0 99 0 0 5.35044
1 2 97.5 5 0 -1 4 0 0 0 99 0 0 19.9333
1 2 97.5 6 0 -1 4 0 0 0 99 0 0 9.87616
1 2 97.5 7 0 -1 4 0 0 0 99 0 0 3.84187
1 2 97.5 7 0 -1 4 0 0 0 99 0 0 9.87616
1 2 97.5 8 0 -1 4 0 0 0 99 0 0 11.3847
1 2 97.5 9 0 -1 4 0 0 0 99 0 0 3.84187
t 1 97.5 -3 1 1 0 0 0 0 -2
_00Alto
1 1 97.5 10 0 0 4 0 0 -2
1 2 97.5 9 0 0 4 0 0 -2
1 2 97.5 105 0 1 4 0 0 -1.66
1 1 133.75 10 0 -1 4 0 0 0 99 0 0 8.78663
1 1 133.75 11 0 -1 4 0 0 0 99 0 0 6.43997
1 1 133.75 12 0 -1 4 0 0 0 99 0 0 7.02663
1 2 133.75 1 0 -1 4 0 0 0 99 0 0 15.24
1 2 133.75 2 0 -1 4 0 0 0 99 0 0 19.9333
1 2 133.75 3 0 -1 4 0 0 0 99 0 0 16.4133
1 2 133.75 4 0 -1 4 0 0 0 99 0 0 8.78663
1 2 133.75 4 0 -1 4 0 0 0 99 0 0 3.50663
1 2 133.75 5 0 -1 4 0 0 0 99 0 0 8.78663
1 2 133.75 6 0 -1 4 0 0 0 99 0 0 2.91997
t 1 133.75 -3 1 1 0 0 0 0 -2
_00Tenore
1 1 133.75 10 0 0 4 0 0 -2
1 2 133.75 6 0 0 4 0 0 -2
1 2 133.75 102 0 1 4 0 0 -1.66
1 1 170 6 0 -1 4 0 0 0 99 0 0 7.54811
1 1 170 7 0 -1 4 0 0 0 99 0 0 12.7629
1 1 170 8 0 -1 4 0 0 0 99 0 0 8.85182
1 1 170 9 0 -1 4 0 0 0 99 0 0 12.1111
1 1 170 10 0 -1 4 0 0 0 99 0 0 19.9333
1 1 170 11 0 -1 4 0 0 0 99 0 0 5.59256
1 1 170 12 0 -1 4 0 0 0 99 0 0 4.28886
1 1 170 12 0 -1 4 0 0 0 99 0 0 3.637
1 2 170 1 0 -1 4 0 0 0 99 0 0 11.4592
1 2 170 2 0 -1 4 0 0 0 99 0 0 2.98515
1 2 170 3 0 -1 4 0 0 0 99 0 0 2.98515
1 2 170 4 0 -1 4 0 0 0 99 0 0 2.98515
t 1 170 -3 1 1 0 0 0 0 -2
_00Basso
1 1 170 6 0 0 4 0 0 -2
1 2 170 4 0 0 4 0 0 -2
1 1 170 110 0 1 4 0 0 -1.66
