#define SVG t 1 1 \n_99%svg%
t 2 10 14 1 1 0 0 0 0 -1.35
_00
8 1 0 0 0 200
8 2 0 -6 0 200
14 1 0 2
14 1 200 2
14 1 0 2 8
3 2 2
3 1 2 0 1
1 2 25 5 0 -1 4 0 0 0 99 0 0 3.0373
1 2 25 6 0 -1 4 0 0 0 99 0 0 3.0373
1 2 25 6 0 -1 4 0 0 0 99 0 0 11.4853
1 2 25 7 0 -1 4 0 0 0 99 0 0 13.2453
1 2 25 8 0 -1 4 0 0 0 99 0 0 19.9333
1 2 25 8 0 -1 4 0 0 0 99 0 0 3.3893
1 2 25 9 0 -1 4 0 0 0 99 0 0 12.8933
1 2 25 10 0 -1 4 0 0 0 99 0 0 17.1173
1 2 25 11 0 -1 4 0 0 0 99 0 0 10.4293
1 2 25 12 0 -1 4 0 0 0 99 0 0 8.3173
t 1 25 -3 1 1 0 0 0 0 -2
_00Canto
1 2 25 5 0 0 4 0 0 -2
1 2 25 12 0 0 4 0 0 -2
1 2 25 108 0 1 4 0 0 -1.66
1 1 61.25 11 0 -1 4 0 0 0 99 0 0 2.67176
1 1 61.25 12 0 -1 4 0 0 0 99 0 0 2.67176
1 2 61.25 1 0 -1 4 0 0 0 99 0 0 5.71792
1 2 61.25 2 0 -1 4 0 0 0 99 0 0 6.39484
1 2 61.25 3 0 -1 4 0 0 0 99 0 0 14.5179
1 2 61.25 4 0 -1 4 0 0 0 99 0 0 11.4718
1 2 61.25 4 0 -1 4 0 0 0 99 0 0 3.68715
1 2 61.25 5 0 -1 4 0 0 0 99 0 0 15.5333
1 2 61.25 6 0 -1 4 0 0 0 99 0 0 4.36407
1 2 61.25 6 0 -1 4 0 0 0 99 0 0 19.9333
1 2 61.25 7 0 -1 4 0 0 0 99 0 0 3.01022
1 2 61.25 7 0 -1 4 0 0 0 99 0 0 8.42561
1 2 61.25 8 0 -1 4 0 0 0 99 0 0 12.1487
t 1 61.25 -3 1 1 0 0 0 0 -2
_00Alto
1 1 61.25 11 0 0 4 0 0 -2
1 2 61.25 8 0 0 4 0 0 -2
1 2 61.25 105 0 1 4 0 0 -1.66
1 1 97.5 10 0 -1 4 0 0 0 99 0 0 3.7413
1 1 97.5 11 0 -1 4 0 0 0 99 0 0 9.0213
1 1 97.5 12 0 -1 4 0 0 0 99 0 0 7.2613
1 2 97.5 1 0 -1 4 0 0 0 99 0 0 16.4133
1 2 97.5 1 0 -1 4 0 0 0 99 0 0 2.6853
1 2 97.5 2 0 -1 4 0 0 0 99 0 0 14.3013
1 2 97.5 3 0 -1 4 0 0 0 99 0 0 19.9333
1 2 97.5 4 0 -1 4 0 0 0 99 0 0 7.6133
1 2 97.5 4 0 -1 4 0 0 0 99 0 0 3.0373
1 2 97.5 5 0 -1 4 0 0 0 99 0 0 7.2613
1 2 97.5 6 0 -1 4 0 0 0 99 0 0 5.1493
t 1 97.5 -3 1 1 0 0 0 0 -2
_00Tenore
1 1 97.5 10 0 0 4 0 0 -2
1 2 97.5 6 0 0 4 0 0 -2
1 2 97.5 102 0 1 4 0 0 -1.66
1 1 133.75 10 0 -1 4 0 0 0 99 0 0 3.89774
1 1 133.75 11 0 -1 4 0 0 0 99 0 0 10.9377
1 1 133.75 12 0 -1 4 0 0 0 99 0 0 10.1555
1 2 133.75 1 0 -1 4 0 0 0 99 0 0 17.9777
1 2 133.75 1 0 -1 4 0 0 0 99 0 0 3.11552
1 2 133.75 2 0 -1 4 0 0 0 99 0 0 19.1511
1 2 133.75 3 0 -1 4 0 0 0 99 0 0 19.9333
1 2 133.75 4 0 -1 4 0 0 0 99 0 0 9.76441
1 2 133.75 4 0 -1 4 0 0 0 99 0 0 3.11552
1 2 133.75 5 0 -1 4 0 0 0 99 0 0 12.8933
1 2 133.75 6 0 -1 4 0 0 0 99 0 0 2.72441
1 2 133.75 6 0 -1 4 0 0 0 99 0 0 7.41774
t 1 133.75 -3 1 1 0 0 0 0 -2
_00Quinto
1 1 133.75 10 0 0 4 0 0 -2
1 2 133.75 6 0 0 4 0 0 -2
1 2 133.75 102 0 1 4 0 0 -1.66
1 1 170 6 0 -1 4 0 0 0 99 0 0 6.65028
1 1 170 6 0 -1 4 0 0 0 99 0 0 2.66538
1 1 170 7 0 -1 4 0 0 0 99 0 0 10.6352
1 1 170 8 0 -1 4 0 0 0 99 0 0 16.2805
1 1 170 9 0 -1 4 0 0 0 99 0 0 11.2993
1 1 170 10 0 -1 4 0 0 0 99 0 0 12.2956
1 1 170 11 0 -1 4 0 0 0 99 0 0 19.9333
1 1 170 12 0 -1 4 0 0 0 99 0 0 2.99745
1 1 170 12 0 -1 4 0 0 0 99 0 0 4.9899
1 2 170 1 0 -1 4 0 0 0 99 0 0 7.31443
1 2 170 2 0 -1 4 0 0 0 99 0 0 3.6616
1 2 170 3 0 -1 4 0 0 0 99 0 0 2.66538
t 1 170 -3 1 1 0 0 0 0 -2
_00Basso
1 1 170 6 0 0 4 0 0 -2
1 2 170 3 0 0 4 0 0 -2
1 1 170 110 0 1 4 0 0 -1.66
