#define SVG t 1 1 \n_99%svg%
t 2 10 14 1 1 0 0 0 0 -1.35
_00
8 1 0 0 0 200
8 2 0 -6 0 200
14 1 0 2
14 1 200 2
14 1 0 2 8
3 2 2
3 1 2 0 1
1 2 25 3 0 -1 4 0 0 0 99 0 0 8.9333
1 2 25 4 0 -1 4 0 0 0 99 0 0 6.7333
1 2 25 5 0 -1 4 0 0 0 99 0 0 11.1333
1 2 25 6 0 -1 4 0 0 0 99 0 0 4.5333
1 2 25 6 0 -1 4 0 0 0 99 0 0 15.5333
1 2 25 7 0 -1 4 0 0 0 99 0 0 4.5333
1 2 25 7 0 -1 4 0 0 0 99 0 0 15.5333
1 2 25 8 0 -1 4 0 0 0 99 0 0 15.5333
1 2 25 8 0 -1 4 0 0 0 99 0 0 4.5333
1 2 25 9 0 -1 4 0 0 0 99 0 0 19.9333
1 2 25 10 0 -1 4 0 0 0 99 0 0 6.7333
t 1 25 -3 1 1 0 0 0 0 -2
_00Canto
1 2 25 3 0 0 4 0 0 -2
1 2 25 10 0 0 4 0 0 -2
1 2 25 107 0 1 4 0 0 -1.66
1 1 170 3 0 -1 4 0 0 0 99 0 0 6.24441
1 1 170 4 0 -1 4 0 0 0 99 0 0 4.28886
1 1 170 5 0 -1 4 0 0 0 99 0 0 6.24441
1 1 170 6 0 -1 4 0 0 0 99 0 0 8.19997
1 1 170 6 0 -1 4 0 0 0 99 0 0 4.28886
1 1 170 7 0 -1 4 0 0 0 99 0 0 8.19997
1 1 170 8 0 -1 4 0 0 0 99 0 0 12.1111
1 1 170 9 0 -1 4 0 0 0 99 0 0 10.1555
1 1 170 9 0 -1 4 0 0 0 99 0 0 4.28886
1 1 170 10 0 -1 4 0 0 0 99 0 0 19.9333
1 1 170 11 0 -1 4 0 0 0 99 0 0 16.0222
1 1 170 12 0 -1 4 0 0 0 99 0 0 6.24441
1 2 170 1 0 -1 4 0 0 0 99 0 0 4.28886
t 1 170 -3 1 1 0 0 0 0 -2
_00Basso
1 1 170 3 0 0 4 0 0 -2
1 2 170 1 0 0 4 0 0 -2
1 1 170 109 0 1 4 0 0 -1.66
