#define SVG t 1 1 \n_99%svg%
t 2 10 14 1 1 0 0 0 0 -1.35
_00
8 1 0 0 0 200
8 2 0 -6 0 200
14 1 0 2
14 1 200 2
14 1 0 2 8
3 2 2
3 1 2 0 1
1 2 25 5 0 -1 4 0 0 0 99 0 0 4.22868
1 2 25 6 0 -1 4 0 0 0 99 0 0 6.93638
1 2 25 7 0 -1 4 0 0 0 99 0 0 6.66561
1 2 25 8 0 -1 4 0 0 0 99 0 0 19.6625
1 2 25 9 0 -1 4 0 0 0 99 0 0 16.4133
1 2 25 10 0 -1 4 0 0 0 99 0 0 19.9333
1 2 25 11 0 -1 4 0 0 0 99 0 0 12.6225
1 2 25 11 0 -1 4 0 0 0 99 0 0 2.87484
1 2 25 12 0 -1 4 0 0 0 99 0 0 8.56099
1 2 25 13 0 -1 4 0 0 0 99 0 0 3.41638
t 1 25 -3 1 1 0 0 0 0 -2
_00Canto
1 2 25 5 0 0 4 0 0 -2
1 2 25 13 0 0 4 0 0 -2
1 2 25 109 0 1 4 0 0 -1.66
1 1 61.25 10 0 -1 4 0 0 0 99 0 0 2.58473
1 1 61.25 11 0 -1 4 0 0 0 99 0 0 2.58473
1 1 61.25 12 0 -1 4 0 0 0 99 0 0 2.58473
1 2 61.25 1 0 -1 4 0 0 0 99 0 0 2.83616
1 2 61.25 1 0 -1 4 0 0 0 99 0 0 2.58473
1 2 61.25 2 0 -1 4 0 0 0 99 0 0 4.0933
1 2 61.25 3 0 -1 4 0 0 0 99 0 0 7.6133
1 2 61.25 4 0 -1 4 0 0 0 99 0 0 8.61901
1 2 61.25 4 0 -1 4 0 0 0 99 0 0 2.83616
1 2 61.25 5 0 -1 4 0 0 0 99 0 0 14.9047
1 2 61.25 6 0 -1 4 0 0 0 99 0 0 3.33901
1 2 61.25 6 0 -1 4 0 0 0 99 0 0 19.9333
1 2 61.25 7 0 -1 4 0 0 0 99 0 0 2.83616
1 2 61.25 7 0 -1 4 0 0 0 99 0 0 15.1562
1 2 61.25 8 0 -1 4 0 0 0 99 0 0 16.1619
1 2 61.25 9 0 -1 4 0 0 0 99 0 0 5.09901
t 1 61.25 -3 1 1 0 0 0 0 -2
_00Alto
1 1 61.25 10 0 0 4 0 0 -2
1 2 61.25 9 0 0 4 0 0 -2
1 2 61.25 106 0 1 4 0 0 -1.66
1 1 97.5 10 0 -1 4 0 0 0 99 0 0 5.65405
1 1 97.5 11 0 -1 4 0 0 0 99 0 0 7.97858
1 1 97.5 12 0 -1 4 0 0 0 99 0 0 3.99368
1 1 97.5 12 0 -1 4 0 0 0 99 0 0 6.65028
1 2 97.5 1 0 -1 4 0 0 0 99 0 0 12.6276
1 2 97.5 2 0 -1 4 0 0 0 99 0 0 12.9597
1 2 97.5 3 0 -1 4 0 0 0 99 0 0 19.9333
1 2 97.5 4 0 -1 4 0 0 0 99 0 0 12.9597
1 2 97.5 4 0 -1 4 0 0 0 99 0 0 4.32575
1 2 97.5 5 0 -1 4 0 0 0 99 0 0 12.2956
1 2 97.5 6 0 -1 4 0 0 0 99 0 0 8.31066
1 2 97.5 7 0 -1 4 0 0 0 99 0 0 3.32953
t 1 97.5 -3 1 1 0 0 0 0 -2
_00Tenore
1 1 97.5 10 0 0 4 0 0 -2
1 2 97.5 7 0 0 4 0 0 -2
1 2 97.5 103 0 1 4 0 0 -1.66
1 1 133.75 10 0 -1 4 0 0 0 99 0 0 5.70351
1 1 133.75 11 0 -1 4 0 0 0 99 0 0 6.45245
1 1 133.75 12 0 -1 4 0 0 0 99 0 0 5.70351
1 2 133.75 1 0 -1 4 0 0 0 99 0 0 19.9333
1 2 133.75 2 0 -1 4 0 0 0 99 0 0 14.6907
1 2 133.75 3 0 -1 4 0 0 0 99 0 0 15.8142
1 2 133.75 4 0 -1 4 0 0 0 99 0 0 12.4439
1 2 133.75 4 0 -1 4 0 0 0 99 0 0 3.08224
1 2 133.75 5 0 -1 4 0 0 0 99 0 0 12.4439
1 2 133.75 6 0 -1 4 0 0 0 99 0 0 3.4567
1 2 133.75 6 0 -1 4 0 0 0 99 0 0 4.58011
1 2 133.75 7 0 -1 4 0 0 0 99 0 0 4.20564
t 1 133.75 -3 1 1 0 0 0 0 -2
_00Quinto
1 1 133.75 10 0 0 4 0 0 -2
1 2 133.75 7 0 0 4 0 0 -2
1 2 133.75 102 0 1 4 0 0 -1.66
1 1 170 6 0 -1 4 0 0 0 99 0 0 10.6933
1 1 170 7 0 -1 4 0 0 0 99 0 0 11.5733
1 1 170 8 0 -1 4 0 0 0 99 0 0 11.1333
1 1 170 9 0 -1 4 0 0 0 99 0 0 19.9333
1 1 170 9 0 -1 4 0 0 0 99 0 0 4.5333
1 1 170 10 0 -1 4 0 0 0 99 0 0 16.8533
1 1 170 11 0 -1 4 0 0 0 99 0 0 16.4133
1 1 170 12 0 -1 4 0 0 0 99 0 0 4.0933
1 1 170 12 0 -1 4 0 0 0 99 0 0 10.2533
1 2 170 1 0 -1 4 0 0 0 99 0 0 13.3333
1 2 170 1 0 -1 4 0 0 0 99 0 0 3.2133
1 2 170 2 0 -1 4 0 0 0 99 0 0 5.8533
1 2 170 3 0 -1 4 0 0 0 99 0 0 4.0933
1 2 170 4 0 -1 4 0 0 0 99 0 0 4.0933
t 1 170 -3 1 1 0 0 0 0 -2
_00Basso
1 1 170 6 0 0 4 0 0 -2
1 2 170 4 0 0 4 0 0 -2
1 1 170 110 0 1 4 0 0 -1.66
