#define SVG t 1 1 \n_99%svg%
t 2 10 14 1 1 0 0 0 0 -1.35
_00
8 1 0 0 0 200
8 2 0 -6 0 200
14 1 0 2
14 1 200 2
14 1 0 2 8
3 2 2
3 1 2 0 1
1 2 25 4 0 -1 4 0 0 0 99 0 0 3.39997
1 2 25 4 0 -1 4 0 0 0 99 0 0 3.39997
1 2 25 5 0 -1 4 0 0 0 99 0 0 3.9333
1 2 25 6 0 -1 4 0 0 0 99 0 0 8.19997
1 2 25 7 0 -1 4 0 0 0 99 0 0 6.59997
1 2 25 7 0 -1 4 0 0 0 99 0 0 4.99997
1 2 25 8 0 -1 4 0 0 0 99 0 0 19.9333
1 2 25 9 0 -1 4 0 0 0 99 0 0 13
1 2 25 10 0 -1 4 0 0 0 99 0 0 14.6
1 2 25 11 0 -1 4 0 0 0 99 0 0 15.1333
1 2 25 12 0 -1 4 0 0 0 99 0 0 3.39997
t 1 25 -3 1 1 0 0 0 0 -2
_00Canto
1 2 25 4 0 0 4 0 0 -2
1 2 25 12 0 0 4 0 0 -2
1 2 25 109 0 1 4 0 0 -1.66
1 2 61.25 4 0 -1 4 0 0 0 99 0 0 5.97468
1 2 61.25 5 0 -1 4 0 0 0 99 0 0 5.97468
1 2 61.25 6 0 -1 4 0 0 0 99 0 0 12.0436
1 2 61.25 7 0 -1 4 0 0 0 99 0 0 7.79537
1 2 61.25 7 0 -1 4 0 0 0 99 0 0 4.15399
1 2 61.25 8 0 -1 4 0 0 0 99 0 0 19.9333
1 2 61.25 9 0 -1 4 0 0 0 99 0 0 13.8643
1 2 61.25 10 0 -1 4 0 0 0 99 0 0 8.40227
1 2 61.25 11 0 -1 4 0 0 0 99 0 0 10.223
1 2 61.25 12 0 -1 4 0 0 0 99 0 0 9.00916
1 2 61.25 13 0 -1 4 0 0 0 99 0 0 4.15399
t 1 61.25 -3 1 1 0 0 0 0 -2
_00Quinto
1 2 61.25 4 0 0 4 0 0 -2
1 2 61.25 13 0 0 4 0 0 -2
1 2 61.25 108 0 1 4 0 0 -1.66
1 2 97.5 1 0 -1 4 0 0 0 99 0 0 7.44298
1 2 97.5 2 0 -1 4 0 0 0 99 0 0 8.57846
1 2 97.5 3 0 -1 4 0 0 0 99 0 0 2.90104
1 2 97.5 3 0 -1 4 0 0 0 99 0 0 8.01072
1 2 97.5 4 0 -1 4 0 0 0 99 0 0 19.9333
1 2 97.5 4 0 -1 4 0 0 0 99 0 0 3.46878
1 2 97.5 5 0 -1 4 0 0 0 99 0 0 17.6623
1 2 97.5 6 0 -1 4 0 0 0 99 0 0 19.9333
1 2 97.5 7 0 -1 4 0 0 0 99 0 0 11.9849
1 2 97.5 7 0 -1 4 0 0 0 99 0 0 4.03653
1 2 97.5 8 0 -1 4 0 0 0 99 0 0 14.2559
t 1 97.5 -3 1 1 0 0 0 0 -2
_00Alto
1 2 97.5 1 0 0 4 0 0 -2
1 2 97.5 8 0 0 4 0 0 -2
1 2 97.5 105 0 1 4 0 0 -1.66
1 1 133.75 9 0 -1 4 0 0 0 99 0 0 6.9246
1 1 133.75 10 0 -1 4 0 0 0 99 0 0 5.39417
1 1 133.75 11 0 -1 4 0 0 0 99 0 0 9.22026
1 1 133.75 12 0 -1 4 0 0 0 99 0 0 9.22026
1 2 133.75 1 0 -1 4 0 0 0 99 0 0 19.9333
1 2 133.75 2 0 -1 4 0 0 0 99 0 0 9.98547
1 2 133.75 3 0 -1 4 0 0 0 99 0 0 3.86373
1 2 133.75 3 0 -1 4 0 0 0 99 0 0 8.45504
1 2 133.75 4 0 -1 4 0 0 0 99 0 0 12.2811
1 2 133.75 5 0 -1 4 0 0 0 99 0 0 6.15939
1 2 133.75 6 0 -1 4 0 0 0 99 0 0 6.15939
t 1 133.75 -3 1 1 0 0 0 0 -2
_00Tenore
1 1 133.75 9 0 0 4 0 0 -2
1 2 133.75 6 0 0 4 0 0 -2
1 2 133.75 101 0 1 4 0 0 -1.66
1 1 170 4 0 -1 4 0 0 0 99 0 0 4.00949
1 1 170 5 0 -1 4 0 0 0 99 0 0 4.84759
1 1 170 6 0 -1 4 0 0 0 99 0 0 10.7143
1 1 170 7 0 -1 4 0 0 0 99 0 0 9.87616
1 1 170 8 0 -1 4 0 0 0 99 0 0 4.00949
1 1 170 8 0 -1 4 0 0 0 99 0 0 7.36187
1 1 170 9 0 -1 4 0 0 0 99 0 0 19.9333
1 1 170 10 0 -1 4 0 0 0 99 0 0 5.68568
1 1 170 11 0 -1 4 0 0 0 99 0 0 6.52378
1 1 170 12 0 -1 4 0 0 0 99 0 0 4.00949
1 2 170 1 0 -1 4 0 0 0 99 0 0 4.00949
1 2 170 2 0 -1 4 0 0 0 99 0 0 3.1714
t 1 170 -3 1 1 0 0 0 0 -2
_00Basso
1 1 170 4 0 0 4 0 0 -2
1 2 170 2 0 0 4 0 0 -2
1 1 170 109 0 1 4 0 0 -1.66
