#define SVG t 1 1 \n_99%svg%
t 2 10 14 1 1 0 0 0 0 -1.35
_00
8 1 0 0 0 200
8 2 0 -6 0 200
14 1 0 2
14 1 200 2
14 1 0 2 8
3 2 2
3 1 2 0 1
1 2 25 6 0 -1 4 0 0 0 99 0 0 9.87616
1 2 25 7 0 -1 4 0 0 0 99 0 0 17.419
1 2 25 8 0 -1 4 0 0 0 99 0 0 13.6476
1 2 25 8 0 -1 4 0 0 0 99 0 0 4.84759
1 2 25 9 0 -1 4 0 0 0 99 0 0 11.1333
1 2 25 10 0 -1 4 0 0 0 99 0 0 19.9333
1 2 25 11 0 -1 4 0 0 0 99 0 0 7.36187
1 2 25 12 0 -1 4 0 0 0 99 0 0 6.10473
1 2 25 13 0 -1 4 0 0 0 99 0 0 3.59044
t 1 25 -3 1 1 0 0 0 0 -2
_00Canto
1 2 25 6 0 0 4 0 0 -2
1 2 25 13 0 0 4 0 0 -2
1 2 25 108 0 1 4 0 0 -1.66
1 1 73.3333 8 0 -1 4 0 0 0 99 0 0 3.68715
1 1 73.3333 9 0 -1 4 0 0 0 99 0 0 5.04099
1 1 73.3333 9 0 -1 4 0 0 0 99 0 0 3.68715
1 1 73.3333 10 0 -1 4 0 0 0 99 0 0 18.5795
1 1 73.3333 11 0 -1 4 0 0 0 99 0 0 14.5179
1 1 73.3333 12 0 -1 4 0 0 0 99 0 0 13.1641
1 2 73.3333 1 0 -1 4 0 0 0 99 0 0 19.9333
1 2 73.3333 2 0 -1 4 0 0 0 99 0 0 11.8102
1 2 73.3333 3 0 -1 4 0 0 0 99 0 0 13.1641
1 2 73.3333 4 0 -1 4 0 0 0 99 0 0 6.39484
1 2 73.3333 5 0 -1 4 0 0 0 99 0 0 6.39484
1 2 73.3333 6 0 -1 4 0 0 0 99 0 0 3.68715
t 1 73.3333 -3 1 1 0 0 0 0 -2
_00Tenore
1 1 73.3333 8 0 0 4 0 0 -2
1 2 73.3333 6 0 0 4 0 0 -2
1 2 73.3333 101 0 1 4 0 0 -1.66
1 1 121.667 11 0 -1 4 0 0 0 99 0 0 7.22219
1 1 121.667 12 0 -1 4 0 0 0 99 0 0 10.1555
1 2 121.667 1 0 -1 4 0 0 0 99 0 0 13.0889
1 2 121.667 2 0 -1 4 0 0 0 99 0 0 11.1333
1 2 121.667 3 0 -1 4 0 0 0 99 0 0 3.31108
1 2 121.667 3 0 -1 4 0 0 0 99 0 0 19.9333
1 2 121.667 4 0 -1 4 0 0 0 99 0 0 5.26663
1 2 121.667 4 0 -1 4 0 0 0 99 0 0 5.26663
1 2 121.667 5 0 -1 4 0 0 0 99 0 0 9.17774
1 2 121.667 6 0 -1 4 0 0 0 99 0 0 3.31108
t 1 121.667 -3 1 1 0 0 0 0 -2
_00Quinto
1 1 121.667 11 0 0 4 0 0 -2
1 2 121.667 6 0 0 4 0 0 -2
1 2 121.667 102 0 1 4 0 0 -1.66
1 1 170 4 0 -1 4 0 0 0 99 0 0 7.74868
1 1 170 5 0 -1 4 0 0 0 99 0 0 5.04099
1 1 170 6 0 -1 4 0 0 0 99 0 0 10.4564
1 1 170 7 0 -1 4 0 0 0 99 0 0 5.04099
1 1 170 8 0 -1 4 0 0 0 99 0 0 19.9333
1 1 170 9 0 -1 4 0 0 0 99 0 0 14.5179
1 1 170 10 0 -1 4 0 0 0 99 0 0 11.8102
1 1 170 11 0 -1 4 0 0 0 99 0 0 13.1641
1 1 170 12 0 -1 4 0 0 0 99 0 0 5.04099
1 2 170 1 0 -1 4 0 0 0 99 0 0 7.74868
1 2 170 2 0 -1 4 0 0 0 99 0 0 3.68715
t 1 170 -3 1 1 0 0 0 0 -2
_00Basso
1 1 170 4 0 0 4 0 0 -2
1 2 170 2 0 0 4 0 0 -2
1 1 170 109 0 1 4 0 0 -1.66
