#define SVG t 1 1 \n_99%svg%
t 2 10 14 1 1 0 0 0 0 -1.35
_00
8 1 0 0 0 200
8 2 0 -6 0 200
14 1 0 2
14 1 200 2
14 1 0 2 8
3 2 2
3 1 2 0 1
1 2 25 3 0 -1 4 0 0 0 99 0 0 2.9733
1 2 25 5 0 -1 4 0 0 0 99 0 0 3.2933
1 2 25 6 0 -1 4 0 0 0 99 0 0 2.9733
1 2 25 6 0 -1 4 0 0 0 99 0 0 7.1333
1 2 25 7 0 -1 4 0 0 0 99 0 0 8.0933
1 2 25 8 0 -1 4 0 0 0 99 0 0 10.0133
1 2 25 8 0 -1 4 0 0 0 99 0 0 4.8933
1 2 25 9 0 -1 4 0 0 0 99 0 0 17.0533
1 2 25 10 0 -1 4 0 0 0 99 0 0 19.9333
1 2 25 11 0 -1 4 0 0 0 99 0 0 11.9333
1 2 25 12 0 -1 4 0 0 0 99 0 0 7.1333
1 2 25 13 0 -1 4 0 0 0 99 0 0 3.6133
t 1 25 -3 1 1 0 0 0 0 -2
_00Canto
1 2 25 3 0 0 4 0 0 -2
1 2 25 13 0 0 4 0 0 -2
1 2 25 109 0 1 4 0 0 -1.66
1 2 73.3333 1 0 -1 4 0 0 0 99 0 0 3.4874
1 2 73.3333 2 0 -1 4 0 0 0 99 0 0 6.08412
1 2 73.3333 3 0 -1 4 0 0 0 99 0 0 7.81527
1 2 73.3333 4 0 -1 4 0 0 0 99 0 0 7.23822
1 2 73.3333 4 0 -1 4 0 0 0 99 0 0 2.91035
1 2 73.3333 5 0 -1 4 0 0 0 99 0 0 8.96937
1 2 73.3333 6 0 -1 4 0 0 0 99 0 0 4.93002
1 2 73.3333 6 0 -1 4 0 0 0 99 0 0 19.9333
1 2 73.3333 7 0 -1 4 0 0 0 99 0 0 2.91035
1 2 73.3333 7 0 -1 4 0 0 0 99 0 0 10.7005
1 2 73.3333 8 0 -1 4 0 0 0 99 0 0 11.2776
1 2 73.3333 8 0 -1 4 0 0 0 99 0 0 3.19887
1 2 73.3333 9 0 -1 4 0 0 0 99 0 0 6.37264
1 2 73.3333 10 0 -1 4 0 0 0 99 0 0 2.91035
t 1 73.3333 -3 1 1 0 0 0 0 -2
_00Quinto
1 2 73.3333 1 0 0 4 0 0 -2
1 2 73.3333 10 0 0 4 0 0 -2
1 2 73.3333 106 0 1 4 0 0 -1.66
1 1 121.667 10 0 -1 4 0 0 0 99 0 0 3.34868
1 1 121.667 11 0 -1 4 0 0 0 99 0 0 9.10253
1 1 121.667 12 0 -1 4 0 0 0 99 0 0 2.67176
1 1 121.667 12 0 -1 4 0 0 0 99 0 0 6.39484
1 2 121.667 1 0 -1 4 0 0 0 99 0 0 13.841
1 2 121.667 2 0 -1 4 0 0 0 99 0 0 17.2256
1 2 121.667 3 0 -1 4 0 0 0 99 0 0 19.9333
1 2 121.667 4 0 -1 4 0 0 0 99 0 0 9.77945
1 2 121.667 5 0 -1 4 0 0 0 99 0 0 9.10253
1 2 121.667 6 0 -1 4 0 0 0 99 0 0 4.70253
t 1 121.667 -3 1 1 0 0 0 0 -2
_00Tenore
1 1 121.667 10 0 0 4 0 0 -2
1 2 121.667 6 0 0 4 0 0 -2
1 2 121.667 102 0 1 4 0 0 -1.66
1 1 170 6 0 -1 4 0 0 0 99 0 0 3.4567
1 1 170 6 0 -1 4 0 0 0 99 0 0 2.70777
1 1 170 7 0 -1 4 0 0 0 99 0 0 8.69926
1 1 170 8 0 -1 4 0 0 0 99 0 0 8.69926
1 1 170 9 0 -1 4 0 0 0 99 0 0 10.5716
1 1 170 10 0 -1 4 0 0 0 99 0 0 13.5673
1 1 170 11 0 -1 4 0 0 0 99 0 0 19.9333
1 1 170 12 0 -1 4 0 0 0 99 0 0 4.58011
1 1 170 12 0 -1 4 0 0 0 99 0 0 4.20564
1 2 170 1 0 -1 4 0 0 0 99 0 0 7.20139
1 2 170 2 0 -1 4 0 0 0 99 0 0 9.07373
1 2 170 3 0 -1 4 0 0 0 99 0 0 4.58011
1 2 170 4 0 -1 4 0 0 0 99 0 0 3.83117
1 2 170 5 0 -1 4 0 0 0 99 0 0 3.08224
t 1 170 -3 1 1 0 0 0 0 -2
_00Basso
1 1 170 6 0 0 4 0 0 -2
1 2 170 5 0 0 4 0 0 -2
1 1 170 111 0 1 4 0 0 -1.66
