#define SVG t 1 1 \n_99%svg%
t 2 10 14 1 1 0 0 0 0 -1.35
_00
8 1 0 0 0 200
8 2 0 -6 0 200
14 1 0 2
14 1 200 2
14 1 0 2 8
3 2 2
3 1 2 0 1
1 1 25 12 0 -1 4 0 0 0 99 0 0 2.98515
1 2 25 1 0 -1 4 0 0 0 99 0 0 7.54811
1 2 25 2 0 -1 4 0 0 0 99 0 0 16.674
1 2 25 3 0 -1 4 0 0 0 99 0 0 4.28886
1 2 25 3 0 -1 4 0 0 0 99 0 0 6.89626
1 2 25 4 0 -1 4 0 0 0 99 0 0 14.7185
1 2 25 4 0 -1 4 0 0 0 99 0 0 6.24441
1 2 25 5 0 -1 4 0 0 0 99 0 0 19.9333
1 2 25 6 0 -1 4 0 0 0 99 0 0 19.2814
1 2 25 7 0 -1 4 0 0 0 99 0 0 10.8074
1 2 25 7 0 -1 4 0 0 0 99 0 0 4.94071
1 2 25 8 0 -1 4 0 0 0 99 0 0 11.4592
1 2 25 8 0 -1 4 0 0 0 99 0 0 4.28886
1 2 25 9 0 -1 4 0 0 0 99 0 0 14.7185
1 2 25 10 0 -1 4 0 0 0 99 0 0 2.98515
1 2 25 10 0 -1 4 0 0 0 99 0 0 2.98515
t 1 25 -3 1 1 0 0 0 0 -2
_00Canto
1 1 25 12 0 0 4 0 0 -2
1 2 25 10 0 0 4 0 0 -2
1 2 25 105 0 1 4 0 0 -1.66
1 1 73.3333 9 0 -1 4 0 0 0 99 0 0 3.87716
1 1 73.3333 9 0 -1 4 0 0 0 99 0 0 2.64207
1 1 73.3333 10 0 -1 4 0 0 0 99 0 0 5.72979
1 1 73.3333 11 0 -1 4 0 0 0 99 0 0 9.12628
1 1 73.3333 12 0 -1 4 0 0 0 99 0 0 9.12628
1 1 73.3333 12 0 -1 4 0 0 0 99 0 0 3.87716
1 2 73.3333 1 0 -1 4 0 0 0 99 0 0 10.9789
1 2 73.3333 1 0 -1 4 0 0 0 99 0 0 3.25962
1 2 73.3333 2 0 -1 4 0 0 0 99 0 0 19.9333
1 2 73.3333 3 0 -1 4 0 0 0 99 0 0 3.56839
1 2 73.3333 3 0 -1 4 0 0 0 99 0 0 9.12628
1 2 73.3333 4 0 -1 4 0 0 0 99 0 0 7.89119
1 2 73.3333 4 0 -1 4 0 0 0 99 0 0 2.95084
1 2 73.3333 5 0 -1 4 0 0 0 99 0 0 5.42102
1 2 73.3333 6 0 -1 4 0 0 0 99 0 0 3.25962
t 1 73.3333 -3 1 1 0 0 0 0 -2
_00Alto
1 1 73.3333 9 0 0 4 0 0 -2
1 2 73.3333 6 0 0 4 0 0 -2
1 2 73.3333 102 0 1 4 0 0 -1.66
1 1 121.667 6 0 -1 4 0 0 0 99 0 0 3.59044
1 1 121.667 7 0 -1 4 0 0 0 99 0 0 14.9047
1 1 121.667 8 0 -1 4 0 0 0 99 0 0 9.87616
1 1 121.667 9 0 -1 4 0 0 0 99 0 0 9.87616
1 1 121.667 9 0 -1 4 0 0 0 99 0 0 4.21901
1 1 121.667 10 0 -1 4 0 0 0 99 0 0 19.9333
1 1 121.667 11 0 -1 4 0 0 0 99 0 0 19.3047
1 1 121.667 12 0 -1 4 0 0 0 99 0 0 13.6476
1 1 121.667 12 0 -1 4 0 0 0 99 0 0 4.21901
1 2 121.667 1 0 -1 4 0 0 0 99 0 0 14.2762
1 2 121.667 2 0 -1 4 0 0 0 99 0 0 14.2762
1 2 121.667 3 0 -1 4 0 0 0 99 0 0 4.21901
1 2 121.667 3 0 -1 4 0 0 0 99 0 0 4.84759
1 2 121.667 4 0 -1 4 0 0 0 99 0 0 7.99044
t 1 121.667 -3 1 1 0 0 0 0 -2
_00Tenore
1 1 121.667 6 0 0 4 0 0 -2
1 2 121.667 4 0 0 4 0 0 -2
1 1 121.667 111 0 1 4 0 0 -1.66
1 1 170 2 0 -1 4 0 0 0 99 0 0 8.6693
1 1 170 2 0 -1 4 0 0 0 99 0 0 3.0373
1 1 170 3 0 -1 4 0 0 0 99 0 0 17.1173
1 1 170 4 0 -1 4 0 0 0 99 0 0 8.6693
1 1 170 5 0 -1 4 0 0 0 99 0 0 13.5973
1 1 170 5 0 -1 4 0 0 0 99 0 0 3.0373
1 1 170 6 0 -1 4 0 0 0 99 0 0 19.9333
1 1 170 7 0 -1 4 0 0 0 99 0 0 14.3013
1 1 170 8 0 -1 4 0 0 0 99 0 0 5.1493
1 1 170 8 0 -1 4 0 0 0 99 0 0 5.1493
1 1 170 9 0 -1 4 0 0 0 99 0 0 12.1893
1 1 170 10 0 -1 4 0 0 0 99 0 0 13.5973
1 1 170 11 0 -1 4 0 0 0 99 0 0 5.8533
1 1 170 12 0 -1 4 0 0 0 99 0 0 3.7413
1 2 170 1 0 -1 4 0 0 0 99 0 0 3.0373
t 1 170 -3 1 1 0 0 0 0 -2
_00Basso
1 1 170 2 0 0 4 0 0 -2
1 2 170 1 0 0 4 0 0 -2
1 1 170 106 0 1 4 0 0 -1.66
