#define SVG t 1 1 \n_99%svg%
t 2 10 14 1 1 0 0 0 0 -1.35
_00
8 1 0 0 0 200
8 2 0 -6 0 200
14 1 0 2
14 1 200 2
14 1 0 2 8
3 2 2
3 1 2 0 1
1 2 25 1 0 -1 4 0 0 0 99 0 0 2.78458
1 2 25 3 0 -1 4 0 0 0 99 0 0 4.58971
1 2 25 4 0 -1 4 0 0 0 99 0 0 11.8102
1 2 25 5 0 -1 4 0 0 0 99 0 0 13.6154
1 2 25 6 0 -1 4 0 0 0 99 0 0 19.9333
1 2 25 7 0 -1 4 0 0 0 99 0 0 13.1641
1 2 25 7 0 -1 4 0 0 0 99 0 0 3.23586
1 2 25 8 0 -1 4 0 0 0 99 0 0 18.1282
1 2 25 9 0 -1 4 0 0 0 99 0 0 8.65125
1 2 25 10 0 -1 4 0 0 0 99 0 0 3.23586
1 2 25 11 0 -1 4 0 0 0 99 0 0 2.78458
t 1 25 -3 1 1 0 0 0 0 -2
_00Canto
1 2 25 1 0 0 4 0 0 -2
1 2 25 11 0 0 4 0 0 -2
1 2 25 106 0 1 4 0 0 -1.66
1 2 61.25 1 0 -1 4 0 0 0 99 0 0 6.03856
1 2 61.25 2 0 -1 4 0 0 0 99 0 0 6.50172
1 2 61.25 3 0 -1 4 0 0 0 99 0 0 8.35435
1 2 61.25 4 0 -1 4 0 0 0 99 0 0 12.5228
1 2 61.25 5 0 -1 4 0 0 0 99 0 0 11.1333
1 2 61.25 6 0 -1 4 0 0 0 99 0 0 19.9333
1 2 61.25 7 0 -1 4 0 0 0 99 0 0 13.4491
1 2 61.25 8 0 -1 4 0 0 0 99 0 0 12.9859
1 2 61.25 9 0 -1 4 0 0 0 99 0 0 6.96488
t 1 61.25 -3 1 1 0 0 0 0 -2
_00Quinto
1 2 61.25 1 0 0 4 0 0 -2
1 2 61.25 9 0 0 4 0 0 -2
1 2 61.25 106 0 1 4 0 0 -1.66
1 1 97.5 10 0 -1 4 0 0 0 99 0 0 3.06663
1 1 97.5 11 0 -1 4 0 0 0 99 0 0 4.5333
1 1 97.5 12 0 -1 4 0 0 0 99 0 0 5.99997
1 2 97.5 1 0 -1 4 0 0 0 99 0 0 10.6444
1 2 97.5 1 0 -1 4 0 0 0 99 0 0 2.57774
1 2 97.5 2 0 -1 4 0 0 0 99 0 0 13.0889
1 2 97.5 3 0 -1 4 0 0 0 99 0 0 11.6222
1 2 97.5 4 0 -1 4 0 0 0 99 0 0 19.9333
1 2 97.5 5 0 -1 4 0 0 0 99 0 0 4.28886
1 2 97.5 6 0 -1 4 0 0 0 99 0 0 3.06663
t 1 97.5 -3 1 1 0 0 0 0 -2
_00Alto
1 1 97.5 10 0 0 4 0 0 -2
1 2 97.5 6 0 0 4 0 0 -2
1 2 97.5 103 0 1 4 0 0 -1.66
1 1 133.75 6 0 -1 4 0 0 0 99 0 0 3.71369
1 1 133.75 7 0 -1 4 0 0 0 99 0 0 2.6784
1 1 133.75 8 0 -1 4 0 0 0 99 0 0 4.05879
1 1 133.75 9 0 -1 4 0 0 0 99 0 0 11.6509
1 1 133.75 10 0 -1 4 0 0 0 99 0 0 11.3058
1 1 133.75 11 0 -1 4 0 0 0 99 0 0 15.447
1 1 133.75 12 0 -1 4 0 0 0 99 0 0 13.3764
1 2 133.75 1 0 -1 4 0 0 0 99 0 0 19.9333
1 2 133.75 1 0 -1 4 0 0 0 99 0 0 3.36859
1 2 133.75 2 0 -1 4 0 0 0 99 0 0 9.23526
1 2 133.75 3 0 -1 4 0 0 0 99 0 0 3.0235
1 2 133.75 4 0 -1 4 0 0 0 99 0 0 4.40389
t 1 133.75 -3 1 1 0 0 0 0 -2
_00Tenore
1 1 133.75 6 0 0 4 0 0 -2
1 2 133.75 4 0 0 4 0 0 -2
1 1 133.75 112 0 1 4 0 0 -1.66
1 1 170 2 0 -1 4 0 0 0 99 0 0 5.01156
1 1 170 3 0 -1 4 0 0 0 99 0 0 3.86373
1 1 170 4 0 -1 4 0 0 0 99 0 0 3.09852
1 1 170 5 0 -1 4 0 0 0 99 0 0 7.68982
1 1 170 6 0 -1 4 0 0 0 99 0 0 10.7507
1 1 170 6 0 -1 4 0 0 0 99 0 0 2.71591
1 1 170 7 0 -1 4 0 0 0 99 0 0 9.98547
1 1 170 8 0 -1 4 0 0 0 99 0 0 7.30721
1 1 170 9 0 -1 4 0 0 0 99 0 0 19.9333
1 1 170 10 0 -1 4 0 0 0 99 0 0 6.542
1 1 170 11 0 -1 4 0 0 0 99 0 0 4.24634
1 1 170 12 0 -1 4 0 0 0 99 0 0 5.39417
1 2 170 1 0 -1 4 0 0 0 99 0 0 2.71591
t 1 170 -3 1 1 0 0 0 0 -2
_00Basso
1 1 170 2 0 0 4 0 0 -2
1 2 170 1 0 0 4 0 0 -2
1 1 170 108 0 1 4 0 0 -1.66
