#define SVG t 1 1 \n_99%svg%
t 2 10 14 1 1 0 0 0 0 -1.35
_00
8 1 0 0 0 200
8 2 0 -6 0 200
14 1 0 2
14 1 200 2
14 1 0 2 8
3 2 2
3 1 2 0 1
1 2 25 4 0 -1 4 0 0 0 99 0 0 6.19671
1 2 25 4 0 -1 4 0 0 0 99 0 0 3.19184
1 2 25 5 0 -1 4 0 0 0 99 0 0 10.9187
1 2 25 6 0 -1 4 0 0 0 99 0 0 19.9333
1 2 25 7 0 -1 4 0 0 0 99 0 0 11.7772
1 2 25 7 0 -1 4 0 0 0 99 0 0 2.76257
1 2 25 8 0 -1 4 0 0 0 99 0 0 7.48452
1 2 25 9 0 -1 4 0 0 0 99 0 0 7.91379
1 2 25 10 0 -1 4 0 0 0 99 0 0 4.47964
1 2 25 10 0 -1 4 0 0 0 99 0 0 2.76257
1 2 25 11 0 -1 4 0 0 0 99 0 0 2.76257
t 1 25 -3 1 1 0 0 0 0 -2
_00Canto
1 2 25 4 0 0 4 0 0 -2
1 2 25 11 0 0 4 0 0 -2
1 2 25 106 0 1 4 0 0 -1.66
1 1 61.25 10 0 -1 4 0 0 0 99 0 0 2.9402
1 1 61.25 11 0 -1 4 0 0 0 99 0 0 2.9402
1 1 61.25 12 0 -1 4 0 0 0 99 0 0 2.9402
1 2 61.25 1 0 -1 4 0 0 0 99 0 0 4.76089
1 2 61.25 2 0 -1 4 0 0 0 99 0 0 18.7195
1 2 61.25 3 0 -1 4 0 0 0 99 0 0 5.36778
1 2 61.25 3 0 -1 4 0 0 0 99 0 0 13.2574
1 2 61.25 4 0 -1 4 0 0 0 99 0 0 19.9333
1 2 61.25 4 0 -1 4 0 0 0 99 0 0 7.79537
1 2 61.25 5 0 -1 4 0 0 0 99 0 0 15.685
1 2 61.25 6 0 -1 4 0 0 0 99 0 0 8.40227
1 2 61.25 7 0 -1 4 0 0 0 99 0 0 6.58158
1 2 61.25 8 0 -1 4 0 0 0 99 0 0 2.9402
t 1 61.25 -3 1 1 0 0 0 0 -2
_00Quinto
1 1 61.25 10 0 0 4 0 0 -2
1 2 61.25 8 0 0 4 0 0 -2
1 2 61.25 104 0 1 4 0 0 -1.66
1 1 97.5 10 0 -1 4 0 0 0 99 0 0 3.31108
1 1 97.5 11 0 -1 4 0 0 0 99 0 0 3.79997
1 1 97.5 12 0 -1 4 0 0 0 99 0 0 4.77774
1 1 97.5 12 0 -1 4 0 0 0 99 0 0 4.28886
1 2 97.5 1 0 -1 4 0 0 0 99 0 0 11.6222
1 2 97.5 1 0 -1 4 0 0 0 99 0 0 3.79997
1 2 97.5 2 0 -1 4 0 0 0 99 0 0 19.9333
1 2 97.5 3 0 -1 4 0 0 0 99 0 0 2.82219
1 2 97.5 3 0 -1 4 0 0 0 99 0 0 8.68886
1 2 97.5 4 0 -1 4 0 0 0 99 0 0 11.6222
1 2 97.5 4 0 -1 4 0 0 0 99 0 0 3.79997
1 2 97.5 5 0 -1 4 0 0 0 99 0 0 7.71108
1 2 97.5 6 0 -1 4 0 0 0 99 0 0 3.31108
t 1 97.5 -3 1 1 0 0 0 0 -2
_00Alto
1 1 97.5 10 0 0 4 0 0 -2
1 2 97.5 6 0 0 4 0 0 -2
1 2 97.5 102 0 1 4 0 0 -1.66
1 1 133.75 7 0 -1 4 0 0 0 99 0 0 3.1333
1 1 133.75 9 0 -1 4 0 0 0 99 0 0 8.7333
1 1 133.75 10 0 -1 4 0 0 0 99 0 0 12.7333
1 1 133.75 11 0 -1 4 0 0 0 99 0 0 19.1333
1 1 133.75 12 0 -1 4 0 0 0 99 0 0 15.9333
1 1 133.75 12 0 -1 4 0 0 0 99 0 0 7.9333
1 2 133.75 1 0 -1 4 0 0 0 99 0 0 19.9333
1 2 133.75 1 0 -1 4 0 0 0 99 0 0 5.5333
1 2 133.75 2 0 -1 4 0 0 0 99 0 0 19.1333
1 2 133.75 3 0 -1 4 0 0 0 99 0 0 3.9333
1 2 133.75 3 0 -1 4 0 0 0 99 0 0 3.9333
1 2 133.75 4 0 -1 4 0 0 0 99 0 0 6.3333
t 1 133.75 -3 1 1 0 0 0 0 -2
_00Tenore
1 1 133.75 7 0 0 4 0 0 -2
1 2 133.75 4 0 0 4 0 0 -2
1 1 133.75 112 0 1 4 0 0 -1.66
1 1 170 2 0 -1 4 0 0 0 99 0 0 3.9333
1 1 170 3 0 -1 4 0 0 0 99 0 0 5.5333
1 1 170 4 0 -1 4 0 0 0 99 0 0 6.3333
1 1 170 5 0 -1 4 0 0 0 99 0 0 12.7333
1 1 170 6 0 -1 4 0 0 0 99 0 0 12.7333
1 1 170 7 0 -1 4 0 0 0 99 0 0 19.9333
1 1 170 8 0 -1 4 0 0 0 99 0 0 7.1333
1 1 170 8 0 -1 4 0 0 0 99 0 0 6.3333
1 1 170 9 0 -1 4 0 0 0 99 0 0 13.5333
1 1 170 10 0 -1 4 0 0 0 99 0 0 12.7333
1 1 170 11 0 -1 4 0 0 0 99 0 0 6.3333
1 1 170 12 0 -1 4 0 0 0 99 0 0 7.9333
1 2 170 1 0 -1 4 0 0 0 99 0 0 4.7333
t 1 170 -3 1 1 0 0 0 0 -2
_00Basso
1 1 170 2 0 0 4 0 0 -2
1 2 170 1 0 0 4 0 0 -2
1 1 170 107 0 1 4 0 0 -1.66
