#define SVG t 1 1 \n_99%svg%
t 2 10 14 1 1 0 0 0 0 -1.35
_00
8 1 0 0 0 200
8 2 0 -6 0 200
14 1 0 2
14 1 200 2
14 1 0 2 8
3 2 2
3 1 2 0 1
1 2 25 1 0 -1 4 0 0 0 99 0 0 4.28886
1 2 25 2 0 -1 4 0 0 0 99 0 0 6.89626
1 2 25 3 0 -1 4 0 0 0 99 0 0 12.7629
1 2 25 4 0 -1 4 0 0 0 99 0 0 8.19997
1 2 25 4 0 -1 4 0 0 0 99 0 0 6.89626
1 2 25 5 0 -1 4 0 0 0 99 0 0 19.9333
1 2 25 6 0 -1 4 0 0 0 99 0 0 3.637
1 2 25 6 0 -1 4 0 0 0 99 0 0 12.7629
1 2 25 7 0 -1 4 0 0 0 99 0 0 2.98515
1 2 25 7 0 -1 4 0 0 0 99 0 0 8.19997
1 2 25 8 0 -1 4 0 0 0 99 0 0 9.50367
1 2 25 9 0 -1 4 0 0 0 99 0 0 2.98515
t 1 25 -3 1 1 0 0 0 0 -2
_00Canto
1 2 25 1 0 0 4 0 0 -2
1 2 25 9 0 0 4 0 0 -2
1 2 25 105 0 1 4 0 0 -1.66
1 1 73.3333 10 0 -1 4 0 0 0 99 0 0 5.26663
1 1 73.3333 11 0 -1 4 0 0 0 99 0 0 4.67997
1 1 73.3333 12 0 -1 4 0 0 0 99 0 0 8.78663
1 2 73.3333 1 0 -1 4 0 0 0 99 0 0 9.3733
1 2 73.3333 1 0 -1 4 0 0 0 99 0 0 4.67997
1 2 73.3333 2 0 -1 4 0 0 0 99 0 0 19.9333
1 2 73.3333 3 0 -1 4 0 0 0 99 0 0 15.24
1 2 73.3333 4 0 -1 4 0 0 0 99 0 0 11.1333
1 2 73.3333 5 0 -1 4 0 0 0 99 0 0 7.02663
1 2 73.3333 6 0 -1 4 0 0 0 99 0 0 4.0933
t 1 73.3333 -3 1 1 0 0 0 0 -2
_00Alto
1 1 73.3333 10 0 0 4 0 0 -2
1 2 73.3333 6 0 0 4 0 0 -2
1 2 73.3333 102 0 1 4 0 0 -1.66
1 1 121.667 6 0 -1 4 0 0 0 99 0 0 3.46878
1 1 121.667 7 0 -1 4 0 0 0 99 0 0 2.90104
1 1 121.667 9 0 -1 4 0 0 0 99 0 0 2.90104
1 1 121.667 10 0 -1 4 0 0 0 99 0 0 9.1462
1 1 121.667 11 0 -1 4 0 0 0 99 0 0 3.46878
1 1 121.667 11 0 -1 4 0 0 0 99 0 0 15.3914
1 1 121.667 12 0 -1 4 0 0 0 99 0 0 2.90104
1 1 121.667 12 0 -1 4 0 0 0 99 0 0 13.1204
1 2 121.667 1 0 -1 4 0 0 0 99 0 0 19.9333
1 2 121.667 2 0 -1 4 0 0 0 99 0 0 9.71395
1 2 121.667 3 0 -1 4 0 0 0 99 0 0 8.01072
1 2 121.667 4 0 -1 4 0 0 0 99 0 0 3.46878
t 1 121.667 -3 1 1 0 0 0 0 -2
_00Tenore
1 1 121.667 6 0 0 4 0 0 -2
1 2 121.667 4 0 0 4 0 0 -2
1 1 121.667 112 0 1 4 0 0 -1.66
1 1 170 3 0 -1 4 0 0 0 99 0 0 4.9733
1 1 170 4 0 -1 4 0 0 0 99 0 0 5.8533
1 1 170 5 0 -1 4 0 0 0 99 0 0 3.2133
1 1 170 6 0 -1 4 0 0 0 99 0 0 17.2933
1 1 170 7 0 -1 4 0 0 0 99 0 0 19.0533
1 1 170 8 0 -1 4 0 0 0 99 0 0 16.4133
1 1 170 9 0 -1 4 0 0 0 99 0 0 16.4133
1 1 170 10 0 -1 4 0 0 0 99 0 0 19.9333
1 1 170 11 0 -1 4 0 0 0 99 0 0 10.2533
1 1 170 12 0 -1 4 0 0 0 99 0 0 3.2133
1 2 170 1 0 -1 4 0 0 0 99 0 0 3.2133
t 1 170 -3 1 1 0 0 0 0 -2
_00Basso
1 1 170 3 0 0 4 0 0 -2
1 2 170 1 0 0 4 0 0 -2
1 1 170 108 0 1 4 0 0 -1.66
