#define SVG t 1 1 \n_99%svg%
t 2 10 14 1 1 0 0 0 0 -1.35
_00
8 1 0 0 0 200
8 2 0 -6 0 200
14 1 0 2
14 1 200 2
14 1 0 2 8
3 2 2
3 1 2 0 1
1 2 25 2 0 -1 4 0 0 0 99 0 0 2.67176
1 2 25 3 0 -1 4 0 0 0 99 0 0 3.34868
1 2 25 4 0 -1 4 0 0 0 99 0 0 3.01022
1 2 25 5 0 -1 4 0 0 0 99 0 0 5.37945
1 2 25 6 0 -1 4 0 0 0 99 0 0 8.76407
1 2 25 7 0 -1 4 0 0 0 99 0 0 13.1641
1 2 25 8 0 -1 4 0 0 0 99 0 0 12.8256
1 2 25 8 0 -1 4 0 0 0 99 0 0 5.71792
1 2 25 9 0 -1 4 0 0 0 99 0 0 19.9333
1 2 25 10 0 -1 4 0 0 0 99 0 0 2.67176
1 2 25 10 0 -1 4 0 0 0 99 0 0 16.5487
1 2 25 11 0 -1 4 0 0 0 99 0 0 8.42561
1 2 25 11 0 -1 4 0 0 0 99 0 0 3.01022
1 2 25 12 0 -1 4 0 0 0 99 0 0 7.07176
t 1 25 -3 1 1 0 0 0 0 -2
_00Canto
1 2 25 2 0 0 4 0 0 -2
1 2 25 12 0 0 4 0 0 -2
1 2 25 109 0 1 4 0 0 -1.66
1 1 61.25 10 0 -1 4 0 0 0 99 0 0 2.6533
1 1 61.25 11 0 -1 4 0 0 0 99 0 0 3.2933
1 1 61.25 12 0 -1 4 0 0 0 99 0 0 3.2933
1 2 61.25 1 0 -1 4 0 0 0 99 0 0 4.5733
1 2 61.25 2 0 -1 4 0 0 0 99 0 0 8.7333
1 2 61.25 3 0 -1 4 0 0 0 99 0 0 11.9333
1 2 61.25 4 0 -1 4 0 0 0 99 0 0 10.3333
1 2 61.25 4 0 -1 4 0 0 0 99 0 0 4.5733
1 2 61.25 5 0 -1 4 0 0 0 99 0 0 15.7733
1 2 61.25 6 0 -1 4 0 0 0 99 0 0 3.9333
1 2 61.25 6 0 -1 4 0 0 0 99 0 0 19.9333
1 2 61.25 7 0 -1 4 0 0 0 99 0 0 2.9733
1 2 61.25 7 0 -1 4 0 0 0 99 0 0 12.2533
1 2 61.25 8 0 -1 4 0 0 0 99 0 0 8.4133
1 2 61.25 8 0 -1 4 0 0 0 99 0 0 2.6533
t 1 61.25 -3 1 1 0 0 0 0 -2
_00Alto
1 1 61.25 10 0 0 4 0 0 -2
1 2 61.25 8 0 0 4 0 0 -2
1 2 61.25 105 0 1 4 0 0 -1.66
1 1 97.5 10 0 -1 4 0 0 0 99 0 0 2.6853
1 1 97.5 11 0 -1 4 0 0 0 99 0 0 4.0933
1 1 97.5 12 0 -1 4 0 0 0 99 0 0 2.6853
1 1 97.5 12 0 -1 4 0 0 0 99 0 0 4.7973
1 2 97.5 1 0 -1 4 0 0 0 99 0 0 9.0213
1 2 97.5 1 0 -1 4 0 0 0 99 0 0 2.6853
1 2 97.5 2 0 -1 4 0 0 0 99 0 0 16.7653
1 2 97.5 3 0 -1 4 0 0 0 99 0 0 18.8773
1 2 97.5 4 0 -1 4 0 0 0 99 0 0 15.3573
1 2 97.5 4 0 -1 4 0 0 0 99 0 0 5.1493
1 2 97.5 5 0 -1 4 0 0 0 99 0 0 19.9333
1 2 97.5 6 0 -1 4 0 0 0 99 0 0 3.0373
1 2 97.5 6 0 -1 4 0 0 0 99 0 0 16.7653
1 2 97.5 7 0 -1 4 0 0 0 99 0 0 2.6853
1 2 97.5 7 0 -1 4 0 0 0 99 0 0 7.2613
1 2 97.5 8 0 -1 4 0 0 0 99 0 0 5.1493
1 2 97.5 9 0 -1 4 0 0 0 99 0 0 2.6853
t 1 97.5 -3 1 1 0 0 0 0 -2
_00Quinto
1 1 97.5 10 0 0 4 0 0 -2
1 2 97.5 9 0 0 4 0 0 -2
1 2 97.5 104 0 1 4 0 0 -1.66
1 1 133.75 8 0 -1 4 0 0 0 99 0 0 2.71591
1 1 133.75 9 0 -1 4 0 0 0 99 0 0 5.01156
1 1 133.75 9 0 -1 4 0 0 0 99 0 0 2.71591
1 1 133.75 10 0 -1 4 0 0 0 99 0 0 8.45504
1 1 133.75 11 0 -1 4 0 0 0 99 0 0 16.8724
1 1 133.75 12 0 -1 4 0 0 0 99 0 0 3.86373
1 1 133.75 12 0 -1 4 0 0 0 99 0 0 14.9594
1 2 133.75 1 0 -1 4 0 0 0 99 0 0 19.9333
1 2 133.75 1 0 -1 4 0 0 0 99 0 0 3.48113
1 2 133.75 2 0 -1 4 0 0 0 99 0 0 19.9333
1 2 133.75 3 0 -1 4 0 0 0 99 0 0 11.8985
1 2 133.75 4 0 -1 4 0 0 0 99 0 0 8.83765
1 2 133.75 4 0 -1 4 0 0 0 99 0 0 3.86373
1 2 133.75 5 0 -1 4 0 0 0 99 0 0 8.45504
1 2 133.75 6 0 -1 4 0 0 0 99 0 0 5.39417
t 1 133.75 -3 1 1 0 0 0 0 -2
_00Tenore
1 1 133.75 8 0 0 4 0 0 -2
1 2 133.75 6 0 0 4 0 0 -2
1 2 133.75 101 0 1 4 0 0 -1.66
1 1 170 3 0 -1 4 0 0 0 99 0 0 2.98515
1 1 170 4 0 -1 4 0 0 0 99 0 0 3.637
1 1 170 5 0 -1 4 0 0 0 99 0 0 4.28886
1 1 170 5 0 -1 4 0 0 0 99 0 0 4.94071
1 1 170 6 0 -1 4 0 0 0 99 0 0 14.7185
1 1 170 6 0 -1 4 0 0 0 99 0 0 2.98515
1 1 170 7 0 -1 4 0 0 0 99 0 0 16.0222
1 1 170 8 0 -1 4 0 0 0 99 0 0 19.9333
1 1 170 9 0 -1 4 0 0 0 99 0 0 17.3259
1 1 170 9 0 -1 4 0 0 0 99 0 0 2.98515
1 1 170 10 0 -1 4 0 0 0 99 0 0 19.9333
1 1 170 11 0 -1 4 0 0 0 99 0 0 2.98515
1 1 170 11 0 -1 4 0 0 0 99 0 0 18.6296
1 1 170 12 0 -1 4 0 0 0 99 0 0 5.59256
1 1 170 12 0 -1 4 0 0 0 99 0 0 5.59256
1 2 170 1 0 -1 4 0 0 0 99 0 0 8.85182
1 2 170 2 0 -1 4 0 0 0 99 0 0 4.94071
t 1 170 -3 1 1 0 0 0 0 -2
_00Basso
1 1 170 3 0 0 4 0 0 -2
1 2 170 2 0 0 4 0 0 -2
1 1 170 109 0 1 4 0 0 -1.66
