#define SVG t 1 1 \n_99%svg%
t 2 10 14 1 1 0 0 0 0 -1.35
_00
8 1 0 0 0 200
8 2 0 -6 0 200
14 1 0 2
14 1 200 2
14 1 0 2 8
3 2 2
3 1 2 0 1
1 2 25 1 0 -1 4 0 0 0 99 0 0 2.76257
1 2 25 2 0 -1 4 0 0 0 99 0 0 4.47964
1 2 25 3 0 -1 4 0 0 0 99 0 0 4.47964
1 2 25 4 0 -1 4 0 0 0 99 0 0 8.77232
1 2 25 4 0 -1 4 0 0 0 99 0 0 4.47964
1 2 25 5 0 -1 4 0 0 0 99 0 0 16.9284
1 2 25 6 0 -1 4 0 0 0 99 0 0 19.9333
1 2 25 7 0 -1 4 0 0 0 99 0 0 12.2065
1 2 25 7 0 -1 4 0 0 0 99 0 0 5.33818
1 2 25 8 0 -1 4 0 0 0 99 0 0 7.91379
1 2 25 9 0 -1 4 0 0 0 99 0 0 3.19184
t 1 25 -3 1 1 0 0 0 0 -2
_00Alto
1 2 25 1 0 0 4 0 0 -2
1 2 25 9 0 0 4 0 0 -2
1 2 25 106 0 1 4 0 0 -1.66
1 1 97.5 9 0 -1 4 0 0 0 99 0 0 6.5573
1 1 97.5 10 0 -1 4 0 0 0 99 0 0 7.9653
1 1 97.5 11 0 -1 4 0 0 0 99 0 0 10.7813
1 1 97.5 12 0 -1 4 0 0 0 99 0 0 10.7813
1 1 97.5 12 0 -1 4 0 0 0 99 0 0 3.7413
1 2 97.5 1 0 -1 4 0 0 0 99 0 0 13.5973
1 2 97.5 1 0 -1 4 0 0 0 99 0 0 5.1493
1 2 97.5 2 0 -1 4 0 0 0 99 0 0 19.9333
1 2 97.5 3 0 -1 4 0 0 0 99 0 0 10.0773
1 2 97.5 3 0 -1 4 0 0 0 99 0 0 5.8533
1 2 97.5 4 0 -1 4 0 0 0 99 0 0 10.0773
1 2 97.5 5 0 -1 4 0 0 0 99 0 0 4.4453
t 1 97.5 -3 1 1 0 0 0 0 -2
_00Tenore
1 1 97.5 9 0 0 4 0 0 -2
1 2 97.5 5 0 0 4 0 0 -2
1 2 97.5 101 0 1 4 0 0 -1.66
1 1 170 11 0 -1 4 0 0 0 99 0 0 5.43918
1 2 170 1 0 -1 4 0 0 0 99 0 0 5.43918
1 2 170 2 0 -1 4 0 0 0 99 0 0 19.9333
1 2 170 3 0 -1 4 0 0 0 99 0 0 3.36859
1 2 170 3 0 -1 4 0 0 0 99 0 0 15.7921
1 2 170 4 0 -1 4 0 0 0 99 0 0 18.898
1 2 170 4 0 -1 4 0 0 0 99 0 0 4.40389
1 2 170 5 0 -1 4 0 0 0 99 0 0 10.6157
1 2 170 6 0 -1 4 0 0 0 99 0 0 4.40389
1 2 170 7 0 -1 4 0 0 0 99 0 0 3.36859
t 1 170 -3 1 1 0 0 0 0 -2
_00Quinto
1 1 170 11 0 0 4 0 0 -2
1 2 170 7 0 0 4 0 0 -2
1 2 170 103 0 1 4 0 0 -1.66
