#define SVG t 1 1 \n_99%svg%
t 2 10 14 1 1 0 0 0 0 -1.35
_00
8 1 0 0 0 200
8 2 0 -6 0 200
14 1 0 2
14 1 200 2
14 1 0 2 8
3 2 2
3 1 2 0 1
1 2 25 1 0 -1 4 0 0 0 99 0 0 3.36859
1 2 25 2 0 -1 4 0 0 0 99 0 0 5.95683
1 2 25 3 0 -1 4 0 0 0 99 0 0 3.88624
1 2 25 3 0 -1 4 0 0 0 99 0 0 6.99212
1 2 25 4 0 -1 4 0 0 0 99 0 0 9.58036
1 2 25 4 0 -1 4 0 0 0 99 0 0 5.95683
1 2 25 5 0 -1 4 0 0 0 99 0 0 9.58036
1 2 25 6 0 -1 4 0 0 0 99 0 0 3.36859
1 2 25 6 0 -1 4 0 0 0 99 0 0 19.9333
1 2 25 7 0 -1 4 0 0 0 99 0 0 4.92154
1 2 25 7 0 -1 4 0 0 0 99 0 0 9.58036
1 2 25 8 0 -1 4 0 0 0 99 0 0 9.06271
1 2 25 8 0 -1 4 0 0 0 99 0 0 4.40389
1 2 25 9 0 -1 4 0 0 0 99 0 0 6.99212
1 2 25 10 0 -1 4 0 0 0 99 0 0 3.36859
t 1 25 -3 1 1 0 0 0 0 -2
_00Canto
1 2 25 1 0 0 4 0 0 -2
1 2 25 10 0 0 4 0 0 -2
1 2 25 106 0 1 4 0 0 -1.66
1 1 73.3333 9 0 -1 4 0 0 0 99 0 0 3.50663
1 1 73.3333 10 0 -1 4 0 0 0 99 0 0 3.50663
1 1 73.3333 11 0 -1 4 0 0 0 99 0 0 9.95997
1 1 73.3333 12 0 -1 4 0 0 0 99 0 0 3.50663
1 1 73.3333 12 0 -1 4 0 0 0 99 0 0 6.43997
1 2 73.3333 1 0 -1 4 0 0 0 99 0 0 11.1333
1 2 73.3333 1 0 -1 4 0 0 0 99 0 0 5.26663
1 2 73.3333 2 0 -1 4 0 0 0 99 0 0 19.9333
1 2 73.3333 3 0 -1 4 0 0 0 99 0 0 15.8266
1 2 73.3333 4 0 -1 4 0 0 0 99 0 0 10.5466
1 2 73.3333 4 0 -1 4 0 0 0 99 0 0 4.0933
1 2 73.3333 5 0 -1 4 0 0 0 99 0 0 7.02663
1 2 73.3333 6 0 -1 4 0 0 0 99 0 0 2.91997
1 2 73.3333 6 0 -1 4 0 0 0 99 0 0 7.02663
t 1 73.3333 -3 1 1 0 0 0 0 -2
_00Alto
1 1 73.3333 9 0 0 4 0 0 -2
1 2 73.3333 6 0 0 4 0 0 -2
1 2 73.3333 102 0 1 4 0 0 -1.66
1 1 121.667 7 0 -1 4 0 0 0 99 0 0 4.03653
1 1 121.667 8 0 -1 4 0 0 0 99 0 0 5.17201
1 1 121.667 9 0 -1 4 0 0 0 99 0 0 6.30749
1 1 121.667 9 0 -1 4 0 0 0 99 0 0 4.60427
1 1 121.667 10 0 -1 4 0 0 0 99 0 0 12.5527
1 1 121.667 11 0 -1 4 0 0 0 99 0 0 19.9333
1 1 121.667 12 0 -1 4 0 0 0 99 0 0 6.30749
1 1 121.667 12 0 -1 4 0 0 0 99 0 0 6.87524
1 2 121.667 1 0 -1 4 0 0 0 99 0 0 10.2817
1 2 121.667 1 0 -1 4 0 0 0 99 0 0 2.90104
1 2 121.667 2 0 -1 4 0 0 0 99 0 0 9.71395
1 2 121.667 3 0 -1 4 0 0 0 99 0 0 8.01072
1 2 121.667 4 0 -1 4 0 0 0 99 0 0 6.30749
1 2 121.667 5 0 -1 4 0 0 0 99 0 0 2.90104
t 1 121.667 -3 1 1 0 0 0 0 -2
_00Tenore
1 1 121.667 7 0 0 4 0 0 -2
1 2 121.667 5 0 0 4 0 0 -2
1 1 121.667 111 0 1 4 0 0 -1.66
1 1 170 2 0 -1 4 0 0 0 99 0 0 4.0933
1 1 170 3 0 -1 4 0 0 0 99 0 0 4.0933
1 1 170 4 0 -1 4 0 0 0 99 0 0 9.3733
1 1 170 5 0 -1 4 0 0 0 99 0 0 3.50663
1 1 170 5 0 -1 4 0 0 0 99 0 0 3.50663
1 1 170 6 0 -1 4 0 0 0 99 0 0 9.3733
1 1 170 6 0 -1 4 0 0 0 99 0 0 4.0933
1 1 170 7 0 -1 4 0 0 0 99 0 0 19.9333
1 1 170 8 0 -1 4 0 0 0 99 0 0 3.50663
1 1 170 8 0 -1 4 0 0 0 99 0 0 6.43997
1 1 170 9 0 -1 4 0 0 0 99 0 0 8.19997
1 1 170 9 0 -1 4 0 0 0 99 0 0 3.50663
1 1 170 10 0 -1 4 0 0 0 99 0 0 8.19997
1 1 170 11 0 -1 4 0 0 0 99 0 0 7.6133
1 1 170 12 0 -1 4 0 0 0 99 0 0 4.67997
1 2 170 1 0 -1 4 0 0 0 99 0 0 2.91997
t 1 170 -3 1 1 0 0 0 0 -2
_00Basso
1 1 170 2 0 0 4 0 0 -2
1 2 170 1 0 0 4 0 0 -2
1 1 170 107 0 1 4 0 0 -1.66
