#define SVG t 1 1 \n_99%svg%
t 2 10 14 1 1 0 0 0 0 -1.35
_00
8 1 0 0 0 200
8 2 0 -6 0 200
14 1 0 2
14 1 200 2
14 1 0 2 8
3 2 2
3 1 2 0 1
1 2 25 2 0 -1 4 0 0 0 99 0 0 5.77678
1 2 25 3 0 -1 4 0 0 0 99 0 0 7.68982
1 2 25 4 0 -1 4 0 0 0 99 0 0 9.22026
1 2 25 4 0 -1 4 0 0 0 99 0 0 2.71591
1 2 25 5 0 -1 4 0 0 0 99 0 0 18.0203
1 2 25 6 0 -1 4 0 0 0 99 0 0 4.24634
1 2 25 6 0 -1 4 0 0 0 99 0 0 19.9333
1 2 25 7 0 -1 4 0 0 0 99 0 0 3.09852
1 2 25 7 0 -1 4 0 0 0 99 0 0 11.5159
1 2 25 8 0 -1 4 0 0 0 99 0 0 8.83765
1 2 25 8 0 -1 4 0 0 0 99 0 0 3.09852
1 2 25 9 0 -1 4 0 0 0 99 0 0 6.15939
1 2 25 10 0 -1 4 0 0 0 99 0 0 4.24634
t 1 25 -3 1 1 0 0 0 0 -2
_00Quinto
1 2 25 2 0 0 4 0 0 -2
1 2 25 10 0 0 4 0 0 -2
1 2 25 106 0 1 4 0 0 -1.66
1 1 97.5 7 0 -1 4 0 0 0 99 0 0 6.99212
1 1 97.5 8 0 -1 4 0 0 0 99 0 0 6.99212
1 1 97.5 9 0 -1 4 0 0 0 99 0 0 4.92154
1 1 97.5 10 0 -1 4 0 0 0 99 0 0 11.1333
1 1 97.5 11 0 -1 4 0 0 0 99 0 0 19.9333
1 1 97.5 12 0 -1 4 0 0 0 99 0 0 2.85095
1 1 97.5 12 0 -1 4 0 0 0 99 0 0 12.1686
1 2 97.5 1 0 -1 4 0 0 0 99 0 0 12.6862
1 2 97.5 1 0 -1 4 0 0 0 99 0 0 3.36859
1 2 97.5 2 0 -1 4 0 0 0 99 0 0 11.6509
1 2 97.5 3 0 -1 4 0 0 0 99 0 0 7.50977
t 1 97.5 -3 1 1 0 0 0 0 -2
_00Tenore
1 1 97.5 7 0 0 4 0 0 -2
1 2 97.5 3 0 0 4 0 0 -2
1 1 97.5 111 0 1 4 0 0 -1.66
1 1 170 3 0 -1 4 0 0 0 99 0 0 6.7333
1 1 170 4 0 -1 4 0 0 0 99 0 0 12.6
1 1 170 5 0 -1 4 0 0 0 99 0 0 4.5333
1 1 170 6 0 -1 4 0 0 0 99 0 0 8.9333
1 1 170 6 0 -1 4 0 0 0 99 0 0 3.06663
1 1 170 7 0 -1 4 0 0 0 99 0 0 18.4666
1 1 170 8 0 -1 4 0 0 0 99 0 0 19.9333
1 1 170 9 0 -1 4 0 0 0 99 0 0 11.8666
1 1 170 9 0 -1 4 0 0 0 99 0 0 3.06663
1 1 170 10 0 -1 4 0 0 0 99 0 0 12.6
1 1 170 11 0 -1 4 0 0 0 99 0 0 11.1333
t 1 170 -3 1 1 0 0 0 0 -2
_00Basso
1 1 170 3 0 0 4 0 0 -2
1 1 170 11 0 0 4 0 0 -2
1 1 170 108 0 1 4 0 0 -1.66
