#define SVG t 1 1 \n_99%svg%
t 2 10 14 1 1 0 0 0 0 -1.35
_00
8 1 0 0 0 200
8 2 0 -6 0 200
14 1 0 2
14 1 200 2
14 1 0 2 8
3 2 2
3 1 2 0 1
1 1 170 10 0 -1 4 0 0 0 99 0 0 2.51474
1 1 170 11 0 -1 4 0 0 0 99 0 0 2.69619
1 1 170 12 0 -1 4 0 0 0 99 0 0 2.87763
1 2 170 1 0 -1 4 0 0 0 99 0 0 3.42196
1 2 170 2 0 -1 4 0 0 0 99 0 0 4.69206
1 2 170 3 0 -1 4 0 0 0 99 0 0 2.87763
1 2 170 3 0 -1 4 0 0 0 99 0 0 3.24052
1 2 170 4 0 -1 4 0 0 0 99 0 0 8.13949
1 2 170 4 0 -1 4 0 0 0 99 0 0 5.05495
1 2 170 5 0 -1 4 0 0 0 99 0 0 16.3044
1 2 170 6 0 -1 4 0 0 0 99 0 0 2.69619
1 2 170 6 0 -1 4 0 0 0 99 0 0 19.9333
1 2 170 7 0 -1 4 0 0 0 99 0 0 12.3127
1 2 170 8 0 -1 4 0 0 0 99 0 0 5.78072
1 2 170 9 0 -1 4 0 0 0 99 0 0 3.6034
t 1 170 -3 1 1 0 0 0 0 -2
_00Alto
1 1 170 10 0 0 4 0 0 -2
1 2 170 9 0 0 4 0 0 -2
1 2 170 106 0 1 4 0 0 -1.66
