#define SVG t 1 1 \n_99%svg%
t 2 10 14 1 1 0 0 0 0 -1.35
_00
8 1 0 0 0 200
8 2 0 -6 0 200
14 1 0 2
14 1 200 2
14 1 0 2 8
3 2 2
3 1 2 0 1
1 1 25 10 0 -1 4 0 0 0 99 0 0 2.90104
1 1 25 12 0 -1 4 0 0 0 99 0 0 2.61717
1 2 25 1 0 -1 4 0 0 0 99 0 0 2.90104
1 2 25 2 0 -1 4 0 0 0 99 0 0 7.15911
1 2 25 3 0 -1 4 0 0 0 99 0 0 9.71395
1 2 25 4 0 -1 4 0 0 0 99 0 0 6.87524
1 2 25 4 0 -1 4 0 0 0 99 0 0 7.72685
1 2 25 5 0 -1 4 0 0 0 99 0 0 19.9333
1 2 25 6 0 -1 4 0 0 0 99 0 0 3.75265
1 2 25 6 0 -1 4 0 0 0 99 0 0 11.9849
1 2 25 7 0 -1 4 0 0 0 99 0 0 3.46878
1 2 25 7 0 -1 4 0 0 0 99 0 0 4.60427
1 2 25 8 0 -1 4 0 0 0 99 0 0 3.46878
1 2 25 8 0 -1 4 0 0 0 99 0 0 3.18491
1 2 25 9 0 -1 4 0 0 0 99 0 0 3.46878
t 1 25 -3 1 1 0 0 0 0 -2
_00Alto
1 1 25 10 0 0 4 0 0 -2
1 2 25 9 0 0 4 0 0 -2
1 2 25 105 0 1 4 0 0 -1.66
1 1 97.5 10 0 -1 4 0 0 0 99 0 0 10.11
1 1 97.5 11 0 -1 4 0 0 0 99 0 0 14.6124
1 1 97.5 12 0 -1 4 0 0 0 99 0 0 3.1519
1 1 97.5 12 0 -1 4 0 0 0 99 0 0 17.0682
1 2 97.5 1 0 -1 4 0 0 0 99 0 0 14.6124
1 2 97.5 1 0 -1 4 0 0 0 99 0 0 3.97051
1 2 97.5 2 0 -1 4 0 0 0 99 0 0 19.9333
1 2 97.5 3 0 -1 4 0 0 0 99 0 0 11.7473
1 2 97.5 4 0 -1 4 0 0 0 99 0 0 4.78911
1 2 97.5 5 0 -1 4 0 0 0 99 0 0 5.19842
1 2 97.5 6 0 -1 4 0 0 0 99 0 0 2.7426
1 2 97.5 6 0 -1 4 0 0 0 99 0 0 4.78911
t 1 97.5 -3 1 1 0 0 0 0 -2
_00Tenore
1 1 97.5 10 0 0 4 0 0 -2
1 2 97.5 6 0 0 4 0 0 -2
1 2 97.5 101 0 1 4 0 0 -1.66
1 1 170 4 0 -1 4 0 0 0 99 0 0 5.19842
1 1 170 5 0 -1 4 0 0 0 99 0 0 3.56121
1 1 170 6 0 -1 4 0 0 0 99 0 0 5.60772
1 1 170 7 0 -1 4 0 0 0 99 0 0 10.11
1 1 170 8 0 -1 4 0 0 0 99 0 0 15.0217
1 1 170 9 0 -1 4 0 0 0 99 0 0 8.06353
1 1 170 9 0 -1 4 0 0 0 99 0 0 4.78911
1 1 170 10 0 -1 4 0 0 0 99 0 0 19.9333
1 1 170 11 0 -1 4 0 0 0 99 0 0 12.5659
1 1 170 12 0 -1 4 0 0 0 99 0 0 3.56121
1 2 170 1 0 -1 4 0 0 0 99 0 0 4.37981
1 2 170 1 0 -1 4 0 0 0 99 0 0 2.7426
1 2 170 2 0 -1 4 0 0 0 99 0 0 4.78911
t 1 170 -3 1 1 0 0 0 0 -2
_00Basso
1 1 170 4 0 0 4 0 0 -2
1 2 170 2 0 0 4 0 0 -2
1 1 170 109 0 1 4 0 0 -1.66
