#define SVG t 1 1 \n_99%svg%
t 2 10 14 1 1 0 0 0 0 -1.35
_00
8 1 0 0 0 200
8 2 0 -6 0 200
14 1 0 2
14 1 200 2
14 1 0 2 8
3 2 2
3 1 2 0 1
1 2 25 2 0 -1 4 0 0 0 99 0 0 6.3333
1 2 25 3 0 -1 4 0 0 0 99 0 0 8.7333
1 2 25 4 0 -1 4 0 0 0 99 0 0 4.7333
1 2 25 4 0 -1 4 0 0 0 99 0 0 3.9333
1 2 25 5 0 -1 4 0 0 0 99 0 0 13.5333
1 2 25 6 0 -1 4 0 0 0 99 0 0 4.7333
1 2 25 6 0 -1 4 0 0 0 99 0 0 19.1333
1 2 25 7 0 -1 4 0 0 0 99 0 0 19.9333
1 2 25 8 0 -1 4 0 0 0 99 0 0 17.5333
1 2 25 9 0 -1 4 0 0 0 99 0 0 9.5333
1 2 25 10 0 -1 4 0 0 0 99 0 0 7.9333
t 1 25 -3 1 1 0 0 0 0 -2
_00Canto
1 2 25 2 0 0 4 0 0 -2
1 2 25 10 0 0 4 0 0 -2
1 2 25 107 0 1 4 0 0 -1.66
1 2 61.25 1 0 -1 4 0 0 0 99 0 0 2.9402
1 2 61.25 2 0 -1 4 0 0 0 99 0 0 6.58158
1 2 61.25 3 0 -1 4 0 0 0 99 0 0 13.2574
1 2 61.25 4 0 -1 4 0 0 0 99 0 0 6.58158
1 2 61.25 4 0 -1 4 0 0 0 99 0 0 4.15399
1 2 61.25 5 0 -1 4 0 0 0 99 0 0 15.685
1 2 61.25 6 0 -1 4 0 0 0 99 0 0 3.54709
1 2 61.25 6 0 -1 4 0 0 0 99 0 0 19.9333
1 2 61.25 7 0 -1 4 0 0 0 99 0 0 13.8643
1 2 61.25 8 0 -1 4 0 0 0 99 0 0 12.0436
1 2 61.25 8 0 -1 4 0 0 0 99 0 0 2.9402
1 2 61.25 9 0 -1 4 0 0 0 99 0 0 5.97468
1 2 61.25 10 0 -1 4 0 0 0 99 0 0 5.36778
t 1 61.25 -3 1 1 0 0 0 0 -2
_00Quinto
1 2 61.25 1 0 0 4 0 0 -2
1 2 61.25 10 0 0 4 0 0 -2
1 2 61.25 106 0 1 4 0 0 -1.66
1 1 97.5 10 0 -1 4 0 0 0 99 0 0 2.85095
1 1 97.5 11 0 -1 4 0 0 0 99 0 0 5.43918
1 1 97.5 12 0 -1 4 0 0 0 99 0 0 6.47448
1 2 97.5 1 0 -1 4 0 0 0 99 0 0 9.06271
1 2 97.5 1 0 -1 4 0 0 0 99 0 0 5.43918
1 2 97.5 2 0 -1 4 0 0 0 99 0 0 16.3098
1 2 97.5 3 0 -1 4 0 0 0 99 0 0 19.9333
1 2 97.5 4 0 -1 4 0 0 0 99 0 0 10.6157
1 2 97.5 4 0 -1 4 0 0 0 99 0 0 5.95683
1 2 97.5 5 0 -1 4 0 0 0 99 0 0 11.1333
1 2 97.5 6 0 -1 4 0 0 0 99 0 0 5.95683
t 1 97.5 -3 1 1 0 0 0 0 -2
_00Alto
1 1 97.5 10 0 0 4 0 0 -2
1 2 97.5 6 0 0 4 0 0 -2
1 2 97.5 103 0 1 4 0 0 -1.66
1 1 133.75 6 0 -1 4 0 0 0 99 0 0 3.7413
1 1 133.75 7 0 -1 4 0 0 0 99 0 0 3.7413
1 1 133.75 8 0 -1 4 0 0 0 99 0 0 5.1493
1 1 133.75 9 0 -1 4 0 0 0 99 0 0 5.8533
1 1 133.75 10 0 -1 4 0 0 0 99 0 0 12.8933
1 1 133.75 11 0 -1 4 0 0 0 99 0 0 3.7413
1 1 133.75 11 0 -1 4 0 0 0 99 0 0 19.9333
1 1 133.75 12 0 -1 4 0 0 0 99 0 0 14.3013
1 2 133.75 1 0 -1 4 0 0 0 99 0 0 17.8213
1 2 133.75 2 0 -1 4 0 0 0 99 0 0 10.7813
1 2 133.75 3 0 -1 4 0 0 0 99 0 0 6.5573
1 2 133.75 4 0 -1 4 0 0 0 99 0 0 3.7413
t 1 133.75 -3 1 1 0 0 0 0 -2
_00Tenore
1 1 133.75 6 0 0 4 0 0 -2
1 2 133.75 4 0 0 4 0 0 -2
1 1 133.75 112 0 1 4 0 0 -1.66
1 1 170 3 0 -1 4 0 0 0 99 0 0 3.31108
1 1 170 4 0 -1 4 0 0 0 99 0 0 5.26663
1 1 170 6 0 -1 4 0 0 0 99 0 0 10.1555
1 1 170 7 0 -1 4 0 0 0 99 0 0 19.9333
1 1 170 8 0 -1 4 0 0 0 99 0 0 14.0666
1 1 170 9 0 -1 4 0 0 0 99 0 0 14.0666
1 1 170 10 0 -1 4 0 0 0 99 0 0 15.0444
1 1 170 11 0 -1 4 0 0 0 99 0 0 9.17774
1 1 170 12 0 -1 4 0 0 0 99 0 0 3.31108
1 1 170 12 0 -1 4 0 0 0 99 0 0 3.31108
1 2 170 1 0 -1 4 0 0 0 99 0 0 3.31108
t 1 170 -3 1 1 0 0 0 0 -2
_00Basso
1 1 170 3 0 0 4 0 0 -2
1 2 170 1 0 0 4 0 0 -2
1 1 170 108 0 1 4 0 0 -1.66
