#define SVG t 1 1 \n_99%svg%
t 2 10 14 1 1 0 0 0 0 -1.35
_00
8 1 0 0 0 200
8 2 0 -6 0 200
14 1 0 2
14 1 200 2
14 1 0 2 8
3 2 2
3 1 2 0 1
1 1 25 5 0 -1 4 0 0 0 99 0 0 2.90104
1 1 25 7 0 -1 4 0 0 0 99 0 0 9.71395
1 1 25 8 0 -1 4 0 0 0 99 0 0 3.46878
1 1 25 9 0 -1 4 0 0 0 99 0 0 13.6881
1 1 25 9 0 -1 4 0 0 0 99 0 0 3.46878
1 1 25 10 0 -1 4 0 0 0 99 0 0 15.3914
1 1 25 11 0 -1 4 0 0 0 99 0 0 14.8236
1 1 25 12 0 -1 4 0 0 0 99 0 0 19.9333
1 1 25 12 0 -1 4 0 0 0 99 0 0 3.46878
1 2 25 1 0 -1 4 0 0 0 99 0 0 15.3914
1 2 25 2 0 -1 4 0 0 0 99 0 0 19.3656
1 2 25 3 0 -1 4 0 0 0 99 0 0 3.46878
1 2 25 4 0 -1 4 0 0 0 99 0 0 7.44298
t 1 25 -3 1 1 0 0 0 0 -2
_00Tenore
1 1 25 5 0 0 4 0 0 -2
1 2 25 4 0 0 4 0 0 -2
1 1 25 112 0 1 4 0 0 -1.66
1 1 170 5 0 -1 4 0 0 0 99 0 0 3.23586
1 1 170 6 0 -1 4 0 0 0 99 0 0 3.68715
1 1 170 7 0 -1 4 0 0 0 99 0 0 11.3589
1 1 170 8 0 -1 4 0 0 0 99 0 0 4.58971
1 1 170 9 0 -1 4 0 0 0 99 0 0 14.0666
1 1 170 9 0 -1 4 0 0 0 99 0 0 3.68715
1 1 170 10 0 -1 4 0 0 0 99 0 0 19.9333
1 1 170 11 0 -1 4 0 0 0 99 0 0 17.6769
1 1 170 12 0 -1 4 0 0 0 99 0 0 16.7743
1 1 170 12 0 -1 4 0 0 0 99 0 0 3.23586
1 2 170 1 0 -1 4 0 0 0 99 0 0 14.5179
1 2 170 2 0 -1 4 0 0 0 99 0 0 10.4564
1 2 170 4 0 -1 4 0 0 0 99 0 0 4.13843
t 1 170 -3 1 1 0 0 0 0 -2
_00Quinto
1 1 170 5 0 0 4 0 0 -2
1 2 170 4 0 0 4 0 0 -2
1 1 170 111 0 1 4 0 0 -1.66
