#define SVG t 1 1 \n_99%svg%
t 2 10 14 1 1 0 0 0 0 -1.35
_00
8 1 0 0 0 200
8 2 0 -6 0 200
14 1 0 2
14 1 200 2
14 1 0 2 8
3 2 2
3 1 2 0 1
1 2 25 3 0 -1 4 0 0 0 99 0 0 2.6853
1 2 25 4 0 -1 4 0 0 0 99 0 0 2.6853
1 2 25 5 0 -1 4 0 0 0 99 0 0 5.1493
1 2 25 6 0 -1 4 0 0 0 99 0 0 8.3173
1 2 25 7 0 -1 4 0 0 0 99 0 0 2.6853
1 2 25 7 0 -1 4 0 0 0 99 0 0 10.0773
1 2 25 8 0 -1 4 0 0 0 99 0 0 7.6133
1 2 25 8 0 -1 4 0 0 0 99 0 0 6.9093
1 2 25 9 0 -1 4 0 0 0 99 0 0 19.9333
1 2 25 10 0 -1 4 0 0 0 99 0 0 9.0213
1 2 25 11 0 -1 4 0 0 0 99 0 0 6.2053
1 2 25 11 0 -1 4 0 0 0 99 0 0 3.0373
1 2 25 12 0 -1 4 0 0 0 99 0 0 5.8533
t 1 25 -3 1 1 0 0 0 0 -2
_00Canto
1 2 25 3 0 0 4 0 0 -2
1 2 25 12 0 0 4 0 0 -2
1 2 25 109 0 1 4 0 0 -1.66
1 2 97.5 1 0 -1 4 0 0 0 99 0 0 2.71591
1 2 97.5 2 0 -1 4 0 0 0 99 0 0 6.542
1 2 97.5 3 0 -1 4 0 0 0 99 0 0 10.3681
1 2 97.5 4 0 -1 4 0 0 0 99 0 0 9.22026
1 2 97.5 4 0 -1 4 0 0 0 99 0 0 7.30721
1 2 97.5 5 0 -1 4 0 0 0 99 0 0 19.9333
1 2 97.5 6 0 -1 4 0 0 0 99 0 0 14.9594
1 2 97.5 7 0 -1 4 0 0 0 99 0 0 10.7507
1 2 97.5 8 0 -1 4 0 0 0 99 0 0 6.9246
t 1 97.5 -3 1 1 0 0 0 0 -2
_00Tenore
1 2 97.5 1 0 0 4 0 0 -2
1 2 97.5 8 0 0 4 0 0 -2
1 2 97.5 105 0 1 4 0 0 -1.66
1 1 170 10 0 -1 4 0 0 0 99 0 0 12.6
1 1 170 11 0 -1 4 0 0 0 99 0 0 15.0444
1 1 170 12 0 -1 4 0 0 0 99 0 0 12.1111
1 2 170 1 0 -1 4 0 0 0 99 0 0 15.5333
1 2 170 1 0 -1 4 0 0 0 99 0 0 3.79997
1 2 170 2 0 -1 4 0 0 0 99 0 0 19.9333
1 2 170 3 0 -1 4 0 0 0 99 0 0 10.6444
1 2 170 4 0 -1 4 0 0 0 99 0 0 4.77774
1 2 170 4 0 -1 4 0 0 0 99 0 0 4.77774
1 2 170 5 0 -1 4 0 0 0 99 0 0 7.71108
t 1 170 -3 1 1 0 0 0 0 -2
_00Basso
1 1 170 10 0 0 4 0 0 -2
1 2 170 5 0 0 4 0 0 -2
1 2 170 101 0 1 4 0 0 -1.66
