#define SVG t 1 1 \n_99%svg%
t 2 10 14 1 1 0 0 0 0 -1.35
_00
8 1 0 0 0 200
8 2 0 -6 0 200
14 1 0 2
14 1 200 2
14 1 0 2 8
3 2 2
3 1 2 0 1
1 2 25 2 0 -1 4 0 0 0 99 0 0 3.1714
1 2 25 4 0 -1 4 0 0 0 99 0 0 3.1714
1 2 25 5 0 -1 4 0 0 0 99 0 0 7.36187
1 2 25 6 0 -1 4 0 0 0 99 0 0 4.00949
1 2 25 6 0 -1 4 0 0 0 99 0 0 13.2285
1 2 25 7 0 -1 4 0 0 0 99 0 0 15.7428
1 2 25 8 0 -1 4 0 0 0 99 0 0 19.9333
1 2 25 8 0 -1 4 0 0 0 99 0 0 3.1714
1 2 25 9 0 -1 4 0 0 0 99 0 0 12.3904
1 2 25 10 0 -1 4 0 0 0 99 0 0 18.2571
1 2 25 11 0 -1 4 0 0 0 99 0 0 3.1714
1 2 25 12 0 -1 4 0 0 0 99 0 0 5.68568
t 1 25 -3 1 1 0 0 0 0 -2
_00Canto
1 2 25 2 0 0 4 0 0 -2
1 2 25 12 0 0 4 0 0 -2
1 2 25 108 0 1 4 0 0 -1.66
1 2 54 3 0 -1 4 0 0 0 99 0 0 2.98515
1 2 54 4 0 -1 4 0 0 0 99 0 0 2.98515
1 2 54 4 0 -1 4 0 0 0 99 0 0 2.98515
1 2 54 5 0 -1 4 0 0 0 99 0 0 4.28886
1 2 54 6 0 -1 4 0 0 0 99 0 0 3.637
1 2 54 6 0 -1 4 0 0 0 99 0 0 4.94071
1 2 54 7 0 -1 4 0 0 0 99 0 0 9.50367
1 2 54 8 0 -1 4 0 0 0 99 0 0 12.7629
1 2 54 9 0 -1 4 0 0 0 99 0 0 10.8074
1 2 54 10 0 -1 4 0 0 0 99 0 0 19.9333
1 2 54 11 0 -1 4 0 0 0 99 0 0 4.94071
1 2 54 11 0 -1 4 0 0 0 99 0 0 4.28886
1 2 54 12 0 -1 4 0 0 0 99 0 0 10.1555
t 1 54 -3 1 1 0 0 0 0 -2
_00Sesto
1 2 54 3 0 0 4 0 0 -2
1 2 54 12 0 0 4 0 0 -2
1 2 54 109 0 1 4 0 0 -1.66
1 1 83 10 0 -1 4 0 0 0 99 0 0 3.1333
1 1 83 11 0 -1 4 0 0 0 99 0 0 3.1333
1 2 83 1 0 -1 4 0 0 0 99 0 0 3.1333
1 2 83 2 0 -1 4 0 0 0 99 0 0 7.9333
1 2 83 3 0 -1 4 0 0 0 99 0 0 11.9333
1 2 83 4 0 -1 4 0 0 0 99 0 0 6.3333
1 2 83 4 0 -1 4 0 0 0 99 0 0 4.7333
1 2 83 5 0 -1 4 0 0 0 99 0 0 15.9333
1 2 83 6 0 -1 4 0 0 0 99 0 0 6.3333
1 2 83 6 0 -1 4 0 0 0 99 0 0 19.9333
1 2 83 7 0 -1 4 0 0 0 99 0 0 12.7333
1 2 83 8 0 -1 4 0 0 0 99 0 0 16.7333
t 1 83 -3 1 1 0 0 0 0 -2
_00Alto
1 1 83 10 0 0 4 0 0 -2
1 2 83 8 0 0 4 0 0 -2
1 2 83 106 0 1 4 0 0 -1.66
1 1 112 10 0 -1 4 0 0 0 99 0 0 6.10473
1 1 112 11 0 -1 4 0 0 0 99 0 0 5.47616
1 1 112 12 0 -1 4 0 0 0 99 0 0 10.5047
1 2 112 1 0 -1 4 0 0 0 99 0 0 14.9047
1 2 112 1 0 -1 4 0 0 0 99 0 0 2.96187
1 2 112 2 0 -1 4 0 0 0 99 0 0 15.5333
1 2 112 3 0 -1 4 0 0 0 99 0 0 19.9333
1 2 112 4 0 -1 4 0 0 0 99 0 0 4.84759
1 2 112 4 0 -1 4 0 0 0 99 0 0 3.59044
1 2 112 5 0 -1 4 0 0 0 99 0 0 8.61901
1 2 112 6 0 -1 4 0 0 0 99 0 0 4.21901
t 1 112 -3 1 1 0 0 0 0 -2
_00Tenore
1 1 112 10 0 0 4 0 0 -2
1 2 112 6 0 0 4 0 0 -2
1 2 112 102 0 1 4 0 0 -1.66
1 1 141 10 0 -1 4 0 0 0 99 0 0 6.7333
1 1 141 11 0 -1 4 0 0 0 99 0 0 12.6
1 1 141 12 0 -1 4 0 0 0 99 0 0 11.1333
1 2 141 1 0 -1 4 0 0 0 99 0 0 15.5333
1 2 141 1 0 -1 4 0 0 0 99 0 0 3.06663
1 2 141 2 0 -1 4 0 0 0 99 0 0 11.8666
1 2 141 3 0 -1 4 0 0 0 99 0 0 17.7333
1 2 141 4 0 -1 4 0 0 0 99 0 0 3.79997
1 2 141 4 0 -1 4 0 0 0 99 0 0 6.7333
1 2 141 5 0 -1 4 0 0 0 99 0 0 19.9333
1 2 141 6 0 -1 4 0 0 0 99 0 0 3.06663
t 1 141 -3 1 1 0 0 0 0 -2
_00Quinto
1 1 141 10 0 0 4 0 0 -2
1 2 141 6 0 0 4 0 0 -2
1 2 141 102 0 1 4 0 0 -1.66
1 1 170 4 0 -1 4 0 0 0 99 0 0 3.1714
1 1 170 6 0 -1 4 0 0 0 99 0 0 13.2285
1 1 170 7 0 -1 4 0 0 0 99 0 0 6.52378
1 1 170 8 0 -1 4 0 0 0 99 0 0 13.2285
1 1 170 9 0 -1 4 0 0 0 99 0 0 6.52378
1 1 170 10 0 -1 4 0 0 0 99 0 0 19.9333
1 1 170 11 0 -1 4 0 0 0 99 0 0 3.1714
1 1 170 11 0 -1 4 0 0 0 99 0 0 19.9333
1 1 170 12 0 -1 4 0 0 0 99 0 0 3.1714
1 2 170 1 0 -1 4 0 0 0 99 0 0 4.84759
t 1 170 -3 1 1 0 0 0 0 -2
_00Basso
1 1 170 4 0 0 4 0 0 -2
1 2 170 1 0 0 4 0 0 -2
1 1 170 110 0 1 4 0 0 -1.66
