#define SVG t 1 1 \n_99%svg%
t 2 10 14 1 1 0 0 0 0 -1.35
_00
8 1 0 0 0 200
8 2 0 -6 0 200
14 1 0 2
14 1 200 2
14 1 0 2 8
3 2 2
3 1 2 0 1
1 1 25 9 0 -1 4 0 0 0 99 0 0 6.24441
1 1 25 10 0 -1 4 0 0 0 99 0 0 10.1555
1 1 25 11 0 -1 4 0 0 0 99 0 0 8.19997
1 1 25 12 0 -1 4 0 0 0 99 0 0 7.71108
1 1 25 12 0 -1 4 0 0 0 99 0 0 2.82219
1 2 25 1 0 -1 4 0 0 0 99 0 0 14.5555
1 2 25 2 0 -1 4 0 0 0 99 0 0 19.9333
1 2 25 3 0 -1 4 0 0 0 99 0 0 2.82219
1 2 25 3 0 -1 4 0 0 0 99 0 0 11.1333
1 2 25 4 0 -1 4 0 0 0 99 0 0 11.1333
1 2 25 4 0 -1 4 0 0 0 99 0 0 3.79997
1 2 25 5 0 -1 4 0 0 0 99 0 0 9.66663
1 2 25 6 0 -1 4 0 0 0 99 0 0 4.28886
t 1 25 -3 1 1 0 0 0 0 -2
_00Tenore
1 1 25 9 0 0 4 0 0 -2
1 2 25 6 0 0 4 0 0 -2
1 2 25 102 0 1 4 0 0 -1.66
1 1 170 9 0 -1 4 0 0 0 99 0 0 4.40389
1 1 170 10 0 -1 4 0 0 0 99 0 0 9.58036
1 1 170 11 0 -1 4 0 0 0 99 0 0 7.50977
1 1 170 12 0 -1 4 0 0 0 99 0 0 5.43918
1 2 170 1 0 -1 4 0 0 0 99 0 0 10.6157
1 2 170 2 0 -1 4 0 0 0 99 0 0 19.9333
1 2 170 3 0 -1 4 0 0 0 99 0 0 2.85095
1 2 170 3 0 -1 4 0 0 0 99 0 0 11.6509
1 2 170 4 0 -1 4 0 0 0 99 0 0 17.8627
1 2 170 4 0 -1 4 0 0 0 99 0 0 3.88624
1 2 170 5 0 -1 4 0 0 0 99 0 0 10.6157
1 2 170 6 0 -1 4 0 0 0 99 0 0 3.36859
t 1 170 -3 1 1 0 0 0 0 -2
_00Quinto
1 1 170 9 0 0 4 0 0 -2
1 2 170 6 0 0 4 0 0 -2
1 2 170 102 0 1 4 0 0 -1.66
