#define SVG t 1 1 \n_99%svg%
t 2 10 14 1 1 0 0 0 0 -1.35
_00
8 1 0 0 0 200
8 2 0 -6 0 200
14 1 0 2
14 1 200 2
14 1 0 2 8
3 2 2
3 1 2 0 1
1 2 25 4 0 -1 4 0 0 0 99 0 0 3.637
1 2 25 4 0 -1 4 0 0 0 99 0 0 3.31108
1 2 25 5 0 -1 4 0 0 0 99 0 0 8.19997
1 2 25 6 0 -1 4 0 0 0 99 0 0 12.437
1 2 25 7 0 -1 4 0 0 0 99 0 0 9.8296
1 2 25 7 0 -1 4 0 0 0 99 0 0 5.91849
1 2 25 8 0 -1 4 0 0 0 99 0 0 15.3703
1 2 25 8 0 -1 4 0 0 0 99 0 0 4.61478
1 2 25 9 0 -1 4 0 0 0 99 0 0 19.9333
1 2 25 10 0 -1 4 0 0 0 99 0 0 4.28886
1 2 25 10 0 -1 4 0 0 0 99 0 0 11.1333
1 2 25 11 0 -1 4 0 0 0 99 0 0 12.1111
1 2 25 11 0 -1 4 0 0 0 99 0 0 2.98515
1 2 25 12 0 -1 4 0 0 0 99 0 0 7.87404
1 2 25 13 0 -1 4 0 0 0 99 0 0 3.96293
t 1 25 -3 1 1 0 0 0 0 -2
_00Canto
1 2 25 4 0 0 4 0 0 -2
1 2 25 13 0 0 4 0 0 -2
1 2 25 109 0 1 4 0 0 -1.66
1 2 61.25 2 0 -1 4 0 0 0 99 0 0 2.62182
1 2 61.25 3 0 -1 4 0 0 0 99 0 0 2.62182
1 2 61.25 4 0 -1 4 0 0 0 99 0 0 3.4874
1 2 61.25 4 0 -1 4 0 0 0 99 0 0 3.19887
1 2 61.25 5 0 -1 4 0 0 0 99 0 0 6.08412
1 2 61.25 6 0 -1 4 0 0 0 99 0 0 9.54641
1 2 61.25 7 0 -1 4 0 0 0 99 0 0 8.39232
1 2 61.25 7 0 -1 4 0 0 0 99 0 0 4.06445
1 2 61.25 8 0 -1 4 0 0 0 99 0 0 12.4317
1 2 61.25 8 0 -1 4 0 0 0 99 0 0 4.93002
1 2 61.25 9 0 -1 4 0 0 0 99 0 0 19.9333
1 2 61.25 10 0 -1 4 0 0 0 99 0 0 4.6415
1 2 61.25 10 0 -1 4 0 0 0 99 0 0 7.52674
1 2 61.25 11 0 -1 4 0 0 0 99 0 0 8.68084
1 2 61.25 12 0 -1 4 0 0 0 99 0 0 5.50707
1 2 61.25 13 0 -1 4 0 0 0 99 0 0 2.62182
t 1 61.25 -3 1 1 0 0 0 0 -2
_00Quinto
1 2 61.25 2 0 0 4 0 0 -2
1 2 61.25 13 0 0 4 0 0 -2
1 2 61.25 109 0 1 4 0 0 -1.66
1 1 97.5 11 0 -1 4 0 0 0 99 0 0 3.08759
1 1 97.5 12 0 -1 4 0 0 0 99 0 0 2.83616
1 2 97.5 1 0 -1 4 0 0 0 99 0 0 3.59044
1 2 97.5 2 0 -1 4 0 0 0 99 0 0 7.36187
1 2 97.5 3 0 -1 4 0 0 0 99 0 0 2.83616
1 2 97.5 3 0 -1 4 0 0 0 99 0 0 6.85901
1 2 97.5 4 0 -1 4 0 0 0 99 0 0 7.86473
1 2 97.5 4 0 -1 4 0 0 0 99 0 0 6.85901
1 2 97.5 5 0 -1 4 0 0 0 99 0 0 19.9333
1 2 97.5 6 0 -1 4 0 0 0 99 0 0 19.9333
1 2 97.5 7 0 -1 4 0 0 0 99 0 0 11.3847
1 2 97.5 7 0 -1 4 0 0 0 99 0 0 3.08759
1 2 97.5 8 0 -1 4 0 0 0 99 0 0 5.60187
1 2 97.5 9 0 -1 4 0 0 0 99 0 0 3.33901
t 1 97.5 -3 1 1 0 0 0 0 -2
_00Alto
1 1 97.5 11 0 0 4 0 0 -2
1 2 97.5 9 0 0 4 0 0 -2
1 2 97.5 105 0 1 4 0 0 -1.66
1 1 133.75 9 0 -1 4 0 0 0 99 0 0 3.50663
1 1 133.75 10 0 -1 4 0 0 0 99 0 0 8.59108
1 1 133.75 11 0 -1 4 0 0 0 99 0 0 9.76441
1 1 133.75 12 0 -1 4 0 0 0 99 0 0 9.3733
1 2 133.75 1 0 -1 4 0 0 0 99 0 0 10.9377
1 2 133.75 1 0 -1 4 0 0 0 99 0 0 3.11552
1 2 133.75 2 0 -1 4 0 0 0 99 0 0 19.9333
1 2 133.75 3 0 -1 4 0 0 0 99 0 0 5.07108
1 2 133.75 3 0 -1 4 0 0 0 99 0 0 10.9377
1 2 133.75 4 0 -1 4 0 0 0 99 0 0 11.3289
1 2 133.75 4 0 -1 4 0 0 0 99 0 0 3.89774
1 2 133.75 5 0 -1 4 0 0 0 99 0 0 12.1111
1 2 133.75 6 0 -1 4 0 0 0 99 0 0 3.89774
t 1 133.75 -3 1 1 0 0 0 0 -2
_00Tenore
1 1 133.75 9 0 0 4 0 0 -2
1 2 133.75 6 0 0 4 0 0 -2
1 2 133.75 102 0 1 4 0 0 -1.66
1 1 170 5 0 -1 4 0 0 0 99 0 0 2.8833
1 1 170 6 0 -1 4 0 0 0 99 0 0 2.8833
1 1 170 7 0 -1 4 0 0 0 99 0 0 12.2333
1 1 170 8 0 -1 4 0 0 0 99 0 0 3.9833
1 1 170 9 0 -1 4 0 0 0 99 0 0 4.5333
1 1 170 9 0 -1 4 0 0 0 99 0 0 3.4333
1 1 170 10 0 -1 4 0 0 0 99 0 0 19.9333
1 1 170 11 0 -1 4 0 0 0 99 0 0 16.6333
1 1 170 12 0 -1 4 0 0 0 99 0 0 10.0333
1 2 170 1 0 -1 4 0 0 0 99 0 0 13.3333
1 2 170 1 0 -1 4 0 0 0 99 0 0 2.8833
1 2 170 2 0 -1 4 0 0 0 99 0 0 13.3333
1 2 170 3 0 -1 4 0 0 0 99 0 0 2.8833
1 2 170 3 0 -1 4 0 0 0 99 0 0 3.4333
1 2 170 4 0 -1 4 0 0 0 99 0 0 3.9833
1 2 170 5 0 -1 4 0 0 0 99 0 0 2.8833
t 1 170 -3 1 1 0 0 0 0 -2
_00Basso
1 1 170 5 0 0 4 0 0 -2
1 2 170 5 0 0 4 0 0 -2
1 1 170 111 0 1 4 0 0 -1.66
