#define SVG t 1 1 \n_99%svg%
t 2 10 14 1 1 0 0 0 0 -1.35
_00
8 1 0 0 0 200
8 2 0 -6 0 200
14 1 0 2
14 1 200 2
14 1 0 2 8
3 2 2
3 1 2 0 1
1 2 25 2 0 -1 4 0 0 0 99 0 0 8.3333
1 2 25 3 0 -1 4 0 0 0 99 0 0 2.7333
1 2 25 3 0 -1 4 0 0 0 99 0 0 3.5333
1 2 25 4 0 -1 4 0 0 0 99 0 0 9.5333
1 2 25 4 0 -1 4 0 0 0 99 0 0 6.3333
1 2 25 5 0 -1 4 0 0 0 99 0 0 16.7333
1 2 25 6 0 -1 4 0 0 0 99 0 0 19.9333
1 2 25 7 0 -1 4 0 0 0 99 0 0 18.3333
1 2 25 7 0 -1 4 0 0 0 99 0 0 2.7333
1 2 25 8 0 -1 4 0 0 0 99 0 0 8.7333
1 2 25 8 0 -1 4 0 0 0 99 0 0 2.7333
1 2 25 9 0 -1 4 0 0 0 99 0 0 8.7333
t 1 25 -3 1 1 0 0 0 0 -2
_00Canto
1 2 25 2 0 0 4 0 0 -2
1 2 25 9 0 0 4 0 0 -2
1 2 25 106 0 1 4 0 0 -1.66
1 1 54 12 0 -1 4 0 0 0 99 0 0 3.1333
1 2 54 1 0 -1 4 0 0 0 99 0 0 3.5333
1 2 54 2 0 -1 4 0 0 0 99 0 0 7.1333
1 2 54 3 0 -1 4 0 0 0 99 0 0 3.1333
1 2 54 4 0 -1 4 0 0 0 99 0 0 7.1333
1 2 54 4 0 -1 4 0 0 0 99 0 0 5.9333
1 2 54 5 0 -1 4 0 0 0 99 0 0 14.7333
1 2 54 6 0 -1 4 0 0 0 99 0 0 19.9333
1 2 54 7 0 -1 4 0 0 0 99 0 0 18.7333
1 2 54 8 0 -1 4 0 0 0 99 0 0 10.3333
1 2 54 8 0 -1 4 0 0 0 99 0 0 3.5333
1 2 54 9 0 -1 4 0 0 0 99 0 0 14.7333
t 1 54 -3 1 1 0 0 0 0 -2
_00Canto 2.
1 1 54 12 0 0 4 0 0 -2
1 2 54 9 0 0 4 0 0 -2
1 2 54 106 0 1 4 0 0 -1.66
1 1 83 9 0 -1 4 0 0 0 99 0 0 2.96187
1 1 83 10 0 -1 4 0 0 0 99 0 0 5.16187
1 1 83 11 0 -1 4 0 0 0 99 0 0 4.84759
1 1 83 12 0 -1 4 0 0 0 99 0 0 7.04759
1 1 83 12 0 -1 4 0 0 0 99 0 0 3.59044
1 2 83 1 0 -1 4 0 0 0 99 0 0 5.16187
1 2 83 2 0 -1 4 0 0 0 99 0 0 19.9333
1 2 83 3 0 -1 4 0 0 0 99 0 0 3.90473
1 2 83 3 0 -1 4 0 0 0 99 0 0 5.47616
1 2 83 4 0 -1 4 0 0 0 99 0 0 15.8476
1 2 83 4 0 -1 4 0 0 0 99 0 0 6.41901
1 2 83 5 0 -1 4 0 0 0 99 0 0 11.7619
1 2 83 6 0 -1 4 0 0 0 99 0 0 8.30473
1 2 83 7 0 -1 4 0 0 0 99 0 0 5.47616
t 1 83 -3 1 1 0 0 0 0 -2
_00Alto
1 1 83 9 0 0 4 0 0 -2
1 2 83 7 0 0 4 0 0 -2
1 2 83 103 0 1 4 0 0 -1.66
1 1 112 7 0 -1 4 0 0 0 99 0 0 2.92991
1 1 112 9 0 -1 4 0 0 0 99 0 0 4.71974
1 1 112 10 0 -1 4 0 0 0 99 0 0 7.70279
1 1 112 11 0 -1 4 0 0 0 99 0 0 8.59771
1 1 112 12 0 -1 4 0 0 0 99 0 0 12.4757
1 2 112 1 0 -1 4 0 0 0 99 0 0 9.19432
1 2 112 2 0 -1 4 0 0 0 99 0 0 19.9333
1 2 112 3 0 -1 4 0 0 0 99 0 0 3.22822
1 2 112 3 0 -1 4 0 0 0 99 0 0 4.12313
1 2 112 4 0 -1 4 0 0 0 99 0 0 7.40449
1 2 112 4 0 -1 4 0 0 0 99 0 0 3.22822
1 2 112 5 0 -1 4 0 0 0 99 0 0 6.50957
1 2 112 6 0 -1 4 0 0 0 99 0 0 2.63161
t 1 112 -3 1 1 0 0 0 0 -2
_00Quinto
1 1 112 7 0 0 4 0 0 -2
1 2 112 6 0 0 4 0 0 -2
1 2 112 101 0 1 4 0 0 -1.66
1 1 141 7 0 -1 4 0 0 0 99 0 0 9.45711
1 1 141 8 0 -1 4 0 0 0 99 0 0 2.75235
1 1 141 9 0 -1 4 0 0 0 99 0 0 7.78092
1 1 141 10 0 -1 4 0 0 0 99 0 0 12.3904
1 1 141 11 0 -1 4 0 0 0 99 0 0 9.03806
1 1 141 12 0 -1 4 0 0 0 99 0 0 18.2571
1 2 141 1 0 -1 4 0 0 0 99 0 0 12.8095
1 2 141 1 0 -1 4 0 0 0 99 0 0 2.75235
1 2 141 2 0 -1 4 0 0 0 99 0 0 19.9333
1 2 141 3 0 -1 4 0 0 0 99 0 0 2.75235
1 2 141 3 0 -1 4 0 0 0 99 0 0 3.1714
1 2 141 4 0 -1 4 0 0 0 99 0 0 6.52378
t 1 141 -3 1 1 0 0 0 0 -2
_00Tenore
1 1 141 7 0 0 4 0 0 -2
1 2 141 4 0 0 4 0 0 -2
1 1 141 112 0 1 4 0 0 -1.66
1 1 170 3 0 -1 4 0 0 0 99 0 0 10.2817
1 1 170 5 0 -1 4 0 0 0 99 0 0 13.1204
1 1 170 6 0 -1 4 0 0 0 99 0 0 8.01072
1 1 170 7 0 -1 4 0 0 0 99 0 0 16.5268
1 1 170 8 0 -1 4 0 0 0 99 0 0 3.46878
1 1 170 8 0 -1 4 0 0 0 99 0 0 5.73975
1 1 170 9 0 -1 4 0 0 0 99 0 0 15.3914
1 1 170 9 0 -1 4 0 0 0 99 0 0 2.90104
1 1 170 10 0 -1 4 0 0 0 99 0 0 19.9333
1 1 170 11 0 -1 4 0 0 0 99 0 0 5.17201
1 1 170 12 0 -1 4 0 0 0 99 0 0 9.71395
t 1 170 -3 1 1 0 0 0 0 -2
_00Basso
1 1 170 3 0 0 4 0 0 -2
1 1 170 12 0 0 4 0 0 -2
1 1 170 108 0 1 4 0 0 -1.66
