#define SVG t 1 1 \n_99%svg%
t 2 10 14 1 1 0 0 0 0 -1.35
_00
8 1 0 0 0 200
8 2 0 -6 0 200
14 1 0 2
14 1 200 2
14 1 0 2 8
3 2 2
3 1 2 0 1
1 2 25 2 0 -1 4 0 0 0 99 0 0 2.59212
1 2 25 4 0 -1 4 0 0 0 99 0 0 2.59212
1 2 25 5 0 -1 4 0 0 0 99 0 0 5.43918
1 2 25 6 0 -1 4 0 0 0 99 0 0 2.85095
1 2 25 6 0 -1 4 0 0 0 99 0 0 10.3568
1 2 25 7 0 -1 4 0 0 0 99 0 0 6.21565
1 2 25 7 0 -1 4 0 0 0 99 0 0 3.10977
1 2 25 8 0 -1 4 0 0 0 99 0 0 13.2039
1 2 25 8 0 -1 4 0 0 0 99 0 0 3.88624
1 2 25 9 0 -1 4 0 0 0 99 0 0 19.9333
1 2 25 10 0 -1 4 0 0 0 99 0 0 2.85095
1 2 25 10 0 -1 4 0 0 0 99 0 0 16.3098
1 2 25 11 0 -1 4 0 0 0 99 0 0 12.9451
1 2 25 11 0 -1 4 0 0 0 99 0 0 2.59212
1 2 25 12 0 -1 4 0 0 0 99 0 0 7.50977
1 2 25 13 0 -1 4 0 0 0 99 0 0 3.36859
t 1 25 -3 1 1 0 0 0 0 -2
_00Canto
1 2 25 2 0 0 4 0 0 -2
1 2 25 13 0 0 4 0 0 -2
1 2 25 109 0 1 4 0 0 -1.66
1 1 61.25 10 0 -1 4 0 0 0 99 0 0 2.52886
1 1 61.25 11 0 -1 4 0 0 0 99 0 0 2.72441
1 1 61.25 12 0 -1 4 0 0 0 99 0 0 2.52886
1 2 61.25 1 0 -1 4 0 0 0 99 0 0 3.89774
1 2 61.25 2 0 -1 4 0 0 0 99 0 0 5.07108
1 2 61.25 3 0 -1 4 0 0 0 99 0 0 6.83108
1 2 61.25 4 0 -1 4 0 0 0 99 0 0 10.1555
1 2 61.25 4 0 -1 4 0 0 0 99 0 0 3.50663
1 2 61.25 5 0 -1 4 0 0 0 99 0 0 12.3066
1 2 61.25 6 0 -1 4 0 0 0 99 0 0 19.9333
1 2 61.25 7 0 -1 4 0 0 0 99 0 0 10.1555
1 2 61.25 7 0 -1 4 0 0 0 99 0 0 4.28886
1 2 61.25 8 0 -1 4 0 0 0 99 0 0 8.19997
t 1 61.25 -3 1 1 0 0 0 0 -2
_00Alto
1 1 61.25 10 0 0 4 0 0 -2
1 2 61.25 8 0 0 4 0 0 -2
1 2 61.25 106 0 1 4 0 0 -1.66
1 1 97.5 7 0 -1 4 0 0 0 99 0 0 2.62182
1 1 97.5 9 0 -1 4 0 0 0 99 0 0 3.19887
1 1 97.5 10 0 -1 4 0 0 0 99 0 0 4.93002
1 1 97.5 11 0 -1 4 0 0 0 99 0 0 8.68084
1 1 97.5 12 0 -1 4 0 0 0 99 0 0 6.94969
1 1 97.5 12 0 -1 4 0 0 0 99 0 0 2.91035
1 2 97.5 1 0 -1 4 0 0 0 99 0 0 15.6054
1 2 97.5 1 0 -1 4 0 0 0 99 0 0 4.35297
1 2 97.5 2 0 -1 4 0 0 0 99 0 0 19.9333
1 2 97.5 3 0 -1 4 0 0 0 99 0 0 4.06445
1 2 97.5 3 0 -1 4 0 0 0 99 0 0 17.3366
1 2 97.5 4 0 -1 4 0 0 0 99 0 0 14.1628
1 2 97.5 4 0 -1 4 0 0 0 99 0 0 4.6415
1 2 97.5 5 0 -1 4 0 0 0 99 0 0 8.96937
1 2 97.5 6 0 -1 4 0 0 0 99 0 0 5.21855
t 1 97.5 -3 1 1 0 0 0 0 -2
_00Tenore
1 1 97.5 7 0 0 4 0 0 -2
1 2 97.5 6 0 0 4 0 0 -2
1 2 97.5 102 0 1 4 0 0 -1.66
1 1 133.75 9 0 -1 4 0 0 0 99 0 0 3.06663
1 1 133.75 10 0 -1 4 0 0 0 99 0 0 6.7333
1 1 133.75 11 0 -1 4 0 0 0 99 0 0 14.0666
1 1 133.75 12 0 -1 4 0 0 0 99 0 0 9.29997
1 1 133.75 12 0 -1 4 0 0 0 99 0 0 3.4333
1 2 133.75 1 0 -1 4 0 0 0 99 0 0 15.9
1 2 133.75 1 0 -1 4 0 0 0 99 0 0 5.6333
1 2 133.75 2 0 -1 4 0 0 0 99 0 0 19.9333
1 2 133.75 3 0 -1 4 0 0 0 99 0 0 3.4333
1 2 133.75 3 0 -1 4 0 0 0 99 0 0 13.7
1 2 133.75 4 0 -1 4 0 0 0 99 0 0 14.8
1 2 133.75 4 0 -1 4 0 0 0 99 0 0 2.69997
1 2 133.75 5 0 -1 4 0 0 0 99 0 0 9.66663
1 2 133.75 6 0 -1 4 0 0 0 99 0 0 5.99997
t 1 133.75 -3 1 1 0 0 0 0 -2
_00Quinto
1 1 133.75 9 0 0 4 0 0 -2
1 2 133.75 6 0 0 4 0 0 -2
1 2 133.75 102 0 1 4 0 0 -1.66
1 1 170 4 0 -1 4 0 0 0 99 0 0 4.236
1 1 170 5 0 -1 4 0 0 0 99 0 0 4.236
1 1 170 6 0 -1 4 0 0 0 99 0 0 9.94411
1 1 170 6 0 -1 4 0 0 0 99 0 0 3.76033
1 1 170 7 0 -1 4 0 0 0 99 0 0 17.5549
1 1 170 8 0 -1 4 0 0 0 99 0 0 2.80898
1 1 170 8 0 -1 4 0 0 0 99 0 0 9.46844
1 1 170 9 0 -1 4 0 0 0 99 0 0 16.6036
1 1 170 10 0 -1 4 0 0 0 99 0 0 15.1765
1 1 170 11 0 -1 4 0 0 0 99 0 0 19.9333
1 1 170 12 0 -1 4 0 0 0 99 0 0 8.99276
1 2 170 1 0 -1 4 0 0 0 99 0 0 8.04141
1 2 170 1 0 -1 4 0 0 0 99 0 0 3.28465
1 2 170 2 0 -1 4 0 0 0 99 0 0 7.09006
t 1 170 -3 1 1 0 0 0 0 -2
_00Basso
1 1 170 4 0 0 4 0 0 -2
1 2 170 2 0 0 4 0 0 -2
1 1 170 109 0 1 4 0 0 -1.66
