#define SVG t 1 1 \n_99%svg%
t 2 10 14 1 1 0 0 0 0 -1.35
_00
8 1 0 0 0 200
8 2 0 -6 0 200
14 1 0 2
14 1 200 2
14 1 0 2 8
3 2 2
3 1 2 0 1
1 2 25 2 0 -1 4 0 0 0 99 0 0 4.4453
1 2 25 3 0 -1 4 0 0 0 99 0 0 4.4453
1 2 25 4 0 -1 4 0 0 0 99 0 0 7.2613
1 2 25 4 0 -1 4 0 0 0 99 0 0 3.0373
1 2 25 5 0 -1 4 0 0 0 99 0 0 12.1893
1 2 25 6 0 -1 4 0 0 0 99 0 0 19.9333
1 2 25 7 0 -1 4 0 0 0 99 0 0 16.4133
1 2 25 7 0 -1 4 0 0 0 99 0 0 3.0373
1 2 25 8 0 -1 4 0 0 0 99 0 0 15.0053
1 2 25 9 0 -1 4 0 0 0 99 0 0 11.4853
1 2 25 10 0 -1 4 0 0 0 99 0 0 7.2613
t 1 25 -3 1 1 0 0 0 0 -2
_00Canto
1 2 25 2 0 0 4 0 0 -2
1 2 25 10 0 0 4 0 0 -2
1 2 25 107 0 1 4 0 0 -1.66
1 1 73.3333 11 0 -1 4 0 0 0 99 0 0 2.91997
1 1 73.3333 12 0 -1 4 0 0 0 99 0 0 3.50663
1 2 73.3333 1 0 -1 4 0 0 0 99 0 0 4.67997
1 2 73.3333 1 0 -1 4 0 0 0 99 0 0 3.50663
1 2 73.3333 2 0 -1 4 0 0 0 99 0 0 12.8933
1 2 73.3333 3 0 -1 4 0 0 0 99 0 0 4.0933
1 2 73.3333 3 0 -1 4 0 0 0 99 0 0 7.02663
1 2 73.3333 4 0 -1 4 0 0 0 99 0 0 14.0666
1 2 73.3333 4 0 -1 4 0 0 0 99 0 0 8.78663
1 2 73.3333 5 0 -1 4 0 0 0 99 0 0 19.9333
1 2 73.3333 6 0 -1 4 0 0 0 99 0 0 5.26663
1 2 73.3333 7 0 -1 4 0 0 0 99 0 0 2.91997
t 1 73.3333 -3 1 1 0 0 0 0 -2
_00Alto
1 1 73.3333 11 0 0 4 0 0 -2
1 2 73.3333 7 0 0 4 0 0 -2
1 2 73.3333 104 0 1 4 0 0 -1.66
1 1 121.667 7 0 -1 4 0 0 0 99 0 0 5.39417
1 1 121.667 8 0 -1 4 0 0 0 99 0 0 3.86373
1 1 121.667 9 0 -1 4 0 0 0 99 0 0 3.86373
1 1 121.667 10 0 -1 4 0 0 0 99 0 0 17.6376
1 1 121.667 11 0 -1 4 0 0 0 99 0 0 11.5159
1 1 121.667 12 0 -1 4 0 0 0 99 0 0 19.9333
1 1 121.667 12 0 -1 4 0 0 0 99 0 0 3.09852
1 2 121.667 1 0 -1 4 0 0 0 99 0 0 3.86373
1 2 121.667 2 0 -1 4 0 0 0 99 0 0 6.9246
1 2 121.667 3 0 -1 4 0 0 0 99 0 0 3.09852
1 2 121.667 4 0 -1 4 0 0 0 99 0 0 4.62895
t 1 121.667 -3 1 1 0 0 0 0 -2
_00Tenore
1 1 121.667 7 0 0 4 0 0 -2
1 2 121.667 4 0 0 4 0 0 -2
1 1 121.667 111 0 1 4 0 0 -1.66
1 1 170 7 0 -1 4 0 0 0 99 0 0 4.94071
1 1 170 8 0 -1 4 0 0 0 99 0 0 2.98515
1 1 170 8 0 -1 4 0 0 0 99 0 0 2.98515
1 1 170 9 0 -1 4 0 0 0 99 0 0 6.89626
1 1 170 9 0 -1 4 0 0 0 99 0 0 4.94071
1 1 170 10 0 -1 4 0 0 0 99 0 0 11.4592
1 1 170 11 0 -1 4 0 0 0 99 0 0 10.1555
1 1 170 12 0 -1 4 0 0 0 99 0 0 10.8074
1 1 170 12 0 -1 4 0 0 0 99 0 0 2.98515
1 2 170 1 0 -1 4 0 0 0 99 0 0 7.54811
1 2 170 1 0 -1 4 0 0 0 99 0 0 3.637
1 2 170 2 0 -1 4 0 0 0 99 0 0 19.9333
1 2 170 3 0 -1 4 0 0 0 99 0 0 5.59256
1 2 170 4 0 -1 4 0 0 0 99 0 0 4.94071
t 1 170 -3 1 1 0 0 0 0 -2
_00Quinto
1 1 170 7 0 0 4 0 0 -2
1 2 170 4 0 0 4 0 0 -2
1 1 170 112 0 1 4 0 0 -1.66
