#define SVG t 1 1 \n_99%svg%
t 2 10 14 1 1 0 0 0 0 -1.35
_00
8 1 0 0 0 200
8 2 0 -6 0 200
14 1 0 2
14 1 200 2
14 1 0 2 8
3 2 2
3 1 2 0 1
1 2 25 1 0 -1 4 0 0 0 99 0 0 2.82219
1 2 25 1 0 -1 4 0 0 0 99 0 0 3.79997
1 2 25 2 0 -1 4 0 0 0 99 0 0 6.7333
1 2 25 3 0 -1 4 0 0 0 99 0 0 8.19997
1 2 25 4 0 -1 4 0 0 0 99 0 0 8.19997
1 2 25 4 0 -1 4 0 0 0 99 0 0 3.79997
1 2 25 5 0 -1 4 0 0 0 99 0 0 9.66663
1 2 25 6 0 -1 4 0 0 0 99 0 0 8.19997
1 2 25 6 0 -1 4 0 0 0 99 0 0 19.9333
1 2 25 7 0 -1 4 0 0 0 99 0 0 9.17774
1 2 25 8 0 -1 4 0 0 0 99 0 0 10.6444
1 2 25 9 0 -1 4 0 0 0 99 0 0 4.28886
1 2 25 10 0 -1 4 0 0 0 99 0 0 2.82219
t 1 25 -3 1 1 0 0 0 0 -2
_00Canto
1 2 25 1 0 0 4 0 0 -2
1 2 25 10 0 0 4 0 0 -2
1 2 25 106 0 1 4 0 0 -1.66
1 2 61.25 1 0 -1 4 0 0 0 99 0 0 2.91997
1 2 61.25 1 0 -1 4 0 0 0 99 0 0 3.50663
1 2 61.25 2 0 -1 4 0 0 0 99 0 0 7.6133
1 2 61.25 3 0 -1 4 0 0 0 99 0 0 14.6533
1 2 61.25 4 0 -1 4 0 0 0 99 0 0 11.72
1 2 61.25 4 0 -1 4 0 0 0 99 0 0 3.50663
1 2 61.25 5 0 -1 4 0 0 0 99 0 0 10.5466
1 2 61.25 6 0 -1 4 0 0 0 99 0 0 4.0933
1 2 61.25 6 0 -1 4 0 0 0 99 0 0 19.9333
1 2 61.25 7 0 -1 4 0 0 0 99 0 0 3.50663
1 2 61.25 7 0 -1 4 0 0 0 99 0 0 9.3733
1 2 61.25 8 0 -1 4 0 0 0 99 0 0 6.43997
1 2 61.25 8 0 -1 4 0 0 0 99 0 0 4.0933
1 2 61.25 9 0 -1 4 0 0 0 99 0 0 4.0933
t 1 61.25 -3 1 1 0 0 0 0 -2
_00Quinto
1 2 61.25 1 0 0 4 0 0 -2
1 2 61.25 9 0 0 4 0 0 -2
1 2 61.25 105 0 1 4 0 0 -1.66
1 1 97.5 11 0 -1 4 0 0 0 99 0 0 4.62895
1 1 97.5 12 0 -1 4 0 0 0 99 0 0 3.86373
1 2 97.5 1 0 -1 4 0 0 0 99 0 0 5.39417
1 2 97.5 1 0 -1 4 0 0 0 99 0 0 5.77678
1 2 97.5 2 0 -1 4 0 0 0 99 0 0 13.429
1 2 97.5 3 0 -1 4 0 0 0 99 0 0 19.9333
1 2 97.5 4 0 -1 4 0 0 0 99 0 0 8.83765
1 2 97.5 4 0 -1 4 0 0 0 99 0 0 3.48113
1 2 97.5 5 0 -1 4 0 0 0 99 0 0 6.9246
1 2 97.5 6 0 -1 4 0 0 0 99 0 0 4.62895
1 2 97.5 7 0 -1 4 0 0 0 99 0 0 2.71591
t 1 97.5 -3 1 1 0 0 0 0 -2
_00Alto
1 1 97.5 11 0 0 4 0 0 -2
1 2 97.5 7 0 0 4 0 0 -2
1 2 97.5 103 0 1 4 0 0 -1.66
1 1 133.75 7 0 -1 4 0 0 0 99 0 0 3.56121
1 1 133.75 8 0 -1 4 0 0 0 99 0 0 5.19842
1 1 133.75 9 0 -1 4 0 0 0 99 0 0 3.97051
1 1 133.75 10 0 -1 4 0 0 0 99 0 0 6.83563
1 1 133.75 11 0 -1 4 0 0 0 99 0 0 3.1519
1 1 133.75 11 0 -1 4 0 0 0 99 0 0 19.9333
1 1 133.75 12 0 -1 4 0 0 0 99 0 0 3.97051
1 1 133.75 12 0 -1 4 0 0 0 99 0 0 15.431
1 2 133.75 1 0 -1 4 0 0 0 99 0 0 13.7938
1 2 133.75 1 0 -1 4 0 0 0 99 0 0 3.56121
1 2 133.75 2 0 -1 4 0 0 0 99 0 0 14.2031
1 2 133.75 3 0 -1 4 0 0 0 99 0 0 6.83563
t 1 133.75 -3 1 1 0 0 0 0 -2
_00Tenore
1 1 133.75 7 0 0 4 0 0 -2
1 2 133.75 3 0 0 4 0 0 -2
1 1 133.75 112 0 1 4 0 0 -1.66
1 1 170 1 0 -1 4 0 0 0 99 0 0 2.9402
1 1 170 2 0 -1 4 0 0 0 99 0 0 2.9402
1 1 170 3 0 -1 4 0 0 0 99 0 0 4.15399
1 1 170 4 0 -1 4 0 0 0 99 0 0 2.9402
1 1 170 4 0 -1 4 0 0 0 99 0 0 11.4367
1 1 170 5 0 -1 4 0 0 0 99 0 0 2.9402
1 1 170 5 0 -1 4 0 0 0 99 0 0 4.15399
1 1 170 6 0 -1 4 0 0 0 99 0 0 9.61606
1 1 170 6 0 -1 4 0 0 0 99 0 0 2.9402
1 1 170 7 0 -1 4 0 0 0 99 0 0 16.2919
1 1 170 8 0 -1 4 0 0 0 99 0 0 19.9333
1 1 170 9 0 -1 4 0 0 0 99 0 0 7.79537
1 1 170 9 0 -1 4 0 0 0 99 0 0 2.9402
1 1 170 10 0 -1 4 0 0 0 99 0 0 8.40227
1 1 170 11 0 -1 4 0 0 0 99 0 0 7.79537
t 1 170 -3 1 1 0 0 0 0 -2
_00Basso
1 1 170 1 0 0 4 0 0 -2
1 1 170 11 0 0 4 0 0 -2
1 1 170 107 0 1 4 0 0 -1.66
