#define SVG t 1 1 \n_99%svg%
t 2 10 14 1 1 0 0 0 0 -1.35
_00
8 1 0 0 0 200
8 2 0 -6 0 200
14 1 0 2
14 1 200 2
14 1 0 2 8
3 2 2
3 1 2 0 1
1 2 25 2 0 -1 4 0 0 0 99 0 0 5.76745
1 2 25 3 0 -1 4 0 0 0 99 0 0 6.62598
1 2 25 4 0 -1 4 0 0 0 99 0 0 7.05525
1 2 25 4 0 -1 4 0 0 0 99 0 0 4.05037
1 2 25 5 0 -1 4 0 0 0 99 0 0 12.6357
1 2 25 6 0 -1 4 0 0 0 99 0 0 19.9333
1 2 25 7 0 -1 4 0 0 0 99 0 0 16.0699
1 2 25 7 0 -1 4 0 0 0 99 0 0 6.19671
1 2 25 8 0 -1 4 0 0 0 99 0 0 16.4992
1 2 25 8 0 -1 4 0 0 0 99 0 0 4.05037
1 2 25 9 0 -1 4 0 0 0 99 0 0 17.787
1 2 25 10 0 -1 4 0 0 0 99 0 0 2.76257
t 1 25 -3 1 1 0 0 0 0 -2
_00Canto
1 2 25 2 0 0 4 0 0 -2
1 2 25 10 0 0 4 0 0 -2
1 2 25 107 0 1 4 0 0 -1.66
1 2 54 2 0 -1 4 0 0 0 99 0 0 6.05638
1 2 54 3 0 -1 4 0 0 0 99 0 0 6.39484
1 2 54 4 0 -1 4 0 0 0 99 0 0 11.4718
1 2 54 4 0 -1 4 0 0 0 99 0 0 6.05638
1 2 54 5 0 -1 4 0 0 0 99 0 0 19.9333
1 2 54 6 0 -1 4 0 0 0 99 0 0 19.2564
1 2 54 7 0 -1 4 0 0 0 99 0 0 12.8256
1 2 54 7 0 -1 4 0 0 0 99 0 0 3.01022
1 2 54 8 0 -1 4 0 0 0 99 0 0 6.39484
1 2 54 9 0 -1 4 0 0 0 99 0 0 4.70253
t 1 54 -3 1 1 0 0 0 0 -2
_00Sesto
1 2 54 2 0 0 4 0 0 -2
1 2 54 9 0 0 4 0 0 -2
1 2 54 105 0 1 4 0 0 -1.66
1 1 83 10 0 -1 4 0 0 0 99 0 0 2.76257
1 1 83 11 0 -1 4 0 0 0 99 0 0 3.83574
1 1 83 12 0 -1 4 0 0 0 99 0 0 3.40647
1 2 83 1 0 -1 4 0 0 0 99 0 0 4.26501
1 2 83 1 0 -1 4 0 0 0 99 0 0 3.40647
1 2 83 2 0 -1 4 0 0 0 99 0 0 19.9333
1 2 83 3 0 -1 4 0 0 0 99 0 0 4.26501
1 2 83 3 0 -1 4 0 0 0 99 0 0 8.77232
1 2 83 4 0 -1 4 0 0 0 99 0 0 11.1333
1 2 83 4 0 -1 4 0 0 0 99 0 0 2.9772
1 2 83 5 0 -1 4 0 0 0 99 0 0 6.19671
1 2 83 6 0 -1 4 0 0 0 99 0 0 2.76257
t 1 83 -3 1 1 0 0 0 0 -2
_00Alto
1 1 83 10 0 0 4 0 0 -2
1 2 83 6 0 0 4 0 0 -2
1 2 83 102 0 1 4 0 0 -1.66
1 1 112 6 0 -1 4 0 0 0 99 0 0 3.2133
1 1 112 7 0 -1 4 0 0 0 99 0 0 5.8533
1 1 112 8 0 -1 4 0 0 0 99 0 0 3.2133
1 1 112 9 0 -1 4 0 0 0 99 0 0 8.4933
1 1 112 9 0 -1 4 0 0 0 99 0 0 3.2133
1 1 112 10 0 -1 4 0 0 0 99 0 0 14.2133
1 1 112 11 0 -1 4 0 0 0 99 0 0 18.6133
1 1 112 12 0 -1 4 0 0 0 99 0 0 9.3733
1 1 112 12 0 -1 4 0 0 0 99 0 0 5.4133
1 2 112 1 0 -1 4 0 0 0 99 0 0 12.8933
1 2 112 1 0 -1 4 0 0 0 99 0 0 4.0933
1 2 112 2 0 -1 4 0 0 0 99 0 0 19.9333
1 2 112 3 0 -1 4 0 0 0 99 0 0 3.6533
1 2 112 3 0 -1 4 0 0 0 99 0 0 2.7733
1 2 112 4 0 -1 4 0 0 0 99 0 0 3.6533
t 1 112 -3 1 1 0 0 0 0 -2
_00Tenore
1 1 112 6 0 0 4 0 0 -2
1 2 112 4 0 0 4 0 0 -2
1 1 112 112 0 1 4 0 0 -1.66
1 1 141 5 0 -1 4 0 0 0 99 0 0 2.78458
1 1 141 6 0 -1 4 0 0 0 99 0 0 5.04099
1 1 141 7 0 -1 4 0 0 0 99 0 0 15.8718
1 1 141 8 0 -1 4 0 0 0 99 0 0 9.10253
1 1 141 9 0 -1 4 0 0 0 99 0 0 15.4205
1 1 141 10 0 -1 4 0 0 0 99 0 0 19.9333
1 1 141 11 0 -1 4 0 0 0 99 0 0 18.1282
1 1 141 12 0 -1 4 0 0 0 99 0 0 12.2615
1 1 141 12 0 -1 4 0 0 0 99 0 0 2.78458
1 2 141 1 0 -1 4 0 0 0 99 0 0 6.84612
1 2 141 2 0 -1 4 0 0 0 99 0 0 4.13843
t 1 141 -3 1 1 0 0 0 0 -2
_00Quinto
1 1 141 5 0 0 4 0 0 -2
1 2 141 2 0 0 4 0 0 -2
1 1 141 110 0 1 4 0 0 -1.66
1 1 170 3 0 -1 4 0 0 0 99 0 0 13.1333
1 1 170 4 0 -1 4 0 0 0 99 0 0 6.7333
1 1 170 5 0 -1 4 0 0 0 99 0 0 10.7333
1 1 170 6 0 -1 4 0 0 0 99 0 0 14.7333
1 1 170 6 0 -1 4 0 0 0 99 0 0 3.1333
1 1 170 7 0 -1 4 0 0 0 99 0 0 19.9333
1 1 170 8 0 -1 4 0 0 0 99 0 0 4.3333
1 1 170 8 0 -1 4 0 0 0 99 0 0 4.3333
1 1 170 9 0 -1 4 0 0 0 99 0 0 7.1333
1 1 170 9 0 -1 4 0 0 0 99 0 0 2.7333
1 1 170 10 0 -1 4 0 0 0 99 0 0 8.3333
1 1 170 11 0 -1 4 0 0 0 99 0 0 3.1333
1 1 170 12 0 -1 4 0 0 0 99 0 0 2.7333
t 1 170 -3 1 1 0 0 0 0 -2
_00Basso
1 1 170 3 0 0 4 0 0 -2
1 1 170 12 0 0 4 0 0 -2
1 1 170 106 0 1 4 0 0 -1.66
