#define SVG t 1 1 \n_99%svg%
t 2 10 14 1 1 0 0 0 0 -1.35
_00
8 1 0 0 0 200
8 2 0 -6 0 200
14 1 0 2
14 1 200 2
14 1 0 2 8
3 2 2
3 1 2 0 1
1 2 25 5 0 -1 4 0 0 0 99 0 0 2.76257
1 2 25 6 0 -1 4 0 0 0 99 0 0 9.20159
1 2 25 7 0 -1 4 0 0 0 99 0 0 3.19184
1 2 25 7 0 -1 4 0 0 0 99 0 0 7.05525
1 2 25 8 0 -1 4 0 0 0 99 0 0 13.4943
1 2 25 8 0 -1 4 0 0 0 99 0 0 6.62598
1 2 25 9 0 -1 4 0 0 0 99 0 0 19.9333
1 2 25 10 0 -1 4 0 0 0 99 0 0 15.6406
1 2 25 11 0 -1 4 0 0 0 99 0 0 8.77232
1 2 25 11 0 -1 4 0 0 0 99 0 0 3.6211
1 2 25 12 0 -1 4 0 0 0 99 0 0 4.90891
t 1 25 -3 1 1 0 0 0 0 -2
_00Canto
1 2 25 5 0 0 4 0 0 -2
1 2 25 12 0 0 4 0 0 -2
1 2 25 109 0 1 4 0 0 -1.66
1 2 61.25 2 0 -1 4 0 0 0 99 0 0 3.10977
1 2 61.25 3 0 -1 4 0 0 0 99 0 0 4.14506
1 2 61.25 4 0 -1 4 0 0 0 99 0 0 5.95683
1 2 61.25 4 0 -1 4 0 0 0 99 0 0 2.85095
1 2 61.25 5 0 -1 4 0 0 0 99 0 0 7.25095
1 2 61.25 6 0 -1 4 0 0 0 99 0 0 4.14506
1 2 61.25 6 0 -1 4 0 0 0 99 0 0 19.9333
1 2 61.25 7 0 -1 4 0 0 0 99 0 0 2.85095
1 2 61.25 7 0 -1 4 0 0 0 99 0 0 5.43918
1 2 61.25 8 0 -1 4 0 0 0 99 0 0 4.66271
1 2 61.25 8 0 -1 4 0 0 0 99 0 0 2.59212
1 2 61.25 9 0 -1 4 0 0 0 99 0 0 2.85095
1 2 61.25 10 0 -1 4 0 0 0 99 0 0 2.59212
t 1 61.25 -3 1 1 0 0 0 0 -2
_00Alto
1 2 61.25 2 0 0 4 0 0 -2
1 2 61.25 10 0 0 4 0 0 -2
1 2 61.25 106 0 1 4 0 0 -1.66
1 1 97.5 9 0 -1 4 0 0 0 99 0 0 2.7733
1 1 97.5 10 0 -1 4 0 0 0 99 0 0 4.5333
1 1 97.5 11 0 -1 4 0 0 0 99 0 0 13.3333
1 1 97.5 12 0 -1 4 0 0 0 99 0 0 3.2133
1 1 97.5 12 0 -1 4 0 0 0 99 0 0 10.6933
1 2 97.5 1 0 -1 4 0 0 0 99 0 0 14.6533
1 2 97.5 1 0 -1 4 0 0 0 99 0 0 4.9733
1 2 97.5 2 0 -1 4 0 0 0 99 0 0 19.9333
1 2 97.5 3 0 -1 4 0 0 0 99 0 0 16.8533
1 2 97.5 4 0 -1 4 0 0 0 99 0 0 11.1333
1 2 97.5 4 0 -1 4 0 0 0 99 0 0 3.6533
1 2 97.5 5 0 -1 4 0 0 0 99 0 0 5.8533
1 2 97.5 6 0 -1 4 0 0 0 99 0 0 6.2933
t 1 97.5 -3 1 1 0 0 0 0 -2
_00Tenore
1 1 97.5 9 0 0 4 0 0 -2
1 2 97.5 6 0 0 4 0 0 -2
1 2 97.5 102 0 1 4 0 0 -1.66
1 1 133.75 10 0 -1 4 0 0 0 99 0 0 3.31108
1 1 133.75 11 0 -1 4 0 0 0 99 0 0 10.1555
1 1 133.75 12 0 -1 4 0 0 0 99 0 0 2.82219
1 1 133.75 12 0 -1 4 0 0 0 99 0 0 6.7333
1 2 133.75 1 0 -1 4 0 0 0 99 0 0 8.68886
1 2 133.75 1 0 -1 4 0 0 0 99 0 0 5.75552
1 2 133.75 2 0 -1 4 0 0 0 99 0 0 19.9333
1 2 133.75 3 0 -1 4 0 0 0 99 0 0 17.4889
1 2 133.75 4 0 -1 4 0 0 0 99 0 0 12.1111
1 2 133.75 4 0 -1 4 0 0 0 99 0 0 4.28886
1 2 133.75 5 0 -1 4 0 0 0 99 0 0 6.7333
1 2 133.75 6 0 -1 4 0 0 0 99 0 0 2.82219
1 2 133.75 6 0 -1 4 0 0 0 99 0 0 8.19997
1 2 133.75 7 0 -1 4 0 0 0 99 0 0 2.82219
t 1 133.75 -3 1 1 0 0 0 0 -2
_00Quinto
1 1 133.75 10 0 0 4 0 0 -2
1 2 133.75 7 0 0 4 0 0 -2
1 2 133.75 102 0 1 4 0 0 -1.66
1 1 170 4 0 -1 4 0 0 0 99 0 0 4.46663
1 1 170 6 0 -1 4 0 0 0 99 0 0 2.86663
1 1 170 7 0 -1 4 0 0 0 99 0 0 14.0666
1 1 170 8 0 -1 4 0 0 0 99 0 0 8.19997
1 1 170 9 0 -1 4 0 0 0 99 0 0 12.4666
1 1 170 9 0 -1 4 0 0 0 99 0 0 5.5333
1 1 170 10 0 -1 4 0 0 0 99 0 0 15.1333
1 1 170 11 0 -1 4 0 0 0 99 0 0 2.86663
1 1 170 11 0 -1 4 0 0 0 99 0 0 19.9333
1 1 170 12 0 -1 4 0 0 0 99 0 0 4.46663
1 1 170 12 0 -1 4 0 0 0 99 0 0 4.99997
1 2 170 1 0 -1 4 0 0 0 99 0 0 6.59997
1 2 170 1 0 -1 4 0 0 0 99 0 0 3.39997
1 2 170 2 0 -1 4 0 0 0 99 0 0 5.5333
t 1 170 -3 1 1 0 0 0 0 -2
_00Basso
1 1 170 4 0 0 4 0 0 -2
1 2 170 2 0 0 4 0 0 -2
1 1 170 110 0 1 4 0 0 -1.66
