#define SVG t 1 1 \n_99%svg%
t 2 10 14 1 1 0 0 0 0 -1.35
_00
8 1 0 0 0 200
8 2 0 -6 0 200
14 1 0 2
14 1 200 2
14 1 0 2 8
3 2 2
3 1 2 0 1
1 2 25 2 0 -1 4 0 0 0 99 0 0 3.1519
1 2 25 3 0 -1 4 0 0 0 99 0 0 3.56121
1 2 25 4 0 -1 4 0 0 0 99 0 0 4.78911
1 2 25 4 0 -1 4 0 0 0 99 0 0 3.1519
1 2 25 5 0 -1 4 0 0 0 99 0 0 10.5193
1 2 25 6 0 -1 4 0 0 0 99 0 0 3.1519
1 2 25 6 0 -1 4 0 0 0 99 0 0 19.9333
1 2 25 7 0 -1 4 0 0 0 99 0 0 17.0682
1 2 25 7 0 -1 4 0 0 0 99 0 0 2.7426
1 2 25 8 0 -1 4 0 0 0 99 0 0 12.5659
1 2 25 9 0 -1 4 0 0 0 99 0 0 14.2031
1 2 25 10 0 -1 4 0 0 0 99 0 0 3.1519
1 2 25 10 0 -1 4 0 0 0 99 0 0 2.7426
1 2 25 11 0 -1 4 0 0 0 99 0 0 2.7426
t 1 25 -3 1 1 0 0 0 0 -2
_00Canto
1 2 25 2 0 0 4 0 0 -2
1 2 25 11 0 0 4 0 0 -2
1 2 25 107 0 1 4 0 0 -1.66
1 1 54 10 0 -1 4 0 0 0 99 0 0 4.60427
1 1 54 11 0 -1 4 0 0 0 99 0 0 5.73975
1 1 54 12 0 -1 4 0 0 0 99 0 0 4.60427
1 1 54 12 0 -1 4 0 0 0 99 0 0 3.46878
1 2 54 1 0 -1 4 0 0 0 99 0 0 8.57846
1 2 54 1 0 -1 4 0 0 0 99 0 0 4.60427
1 2 54 2 0 -1 4 0 0 0 99 0 0 19.9333
1 2 54 3 0 -1 4 0 0 0 99 0 0 4.60427
1 2 54 3 0 -1 4 0 0 0 99 0 0 14.8236
1 2 54 4 0 -1 4 0 0 0 99 0 0 19.9333
1 2 54 4 0 -1 4 0 0 0 99 0 0 5.17201
1 2 54 5 0 -1 4 0 0 0 99 0 0 15.3914
1 2 54 6 0 -1 4 0 0 0 99 0 0 9.1462
t 1 54 -3 1 1 0 0 0 0 -2
_00Alto
1 1 54 10 0 0 4 0 0 -2
1 2 54 6 0 0 4 0 0 -2
1 2 54 103 0 1 4 0 0 -1.66
1 1 83 7 0 -1 4 0 0 0 99 0 0 5.68568
1 1 83 8 0 -1 4 0 0 0 99 0 0 6.52378
1 1 83 9 0 -1 4 0 0 0 99 0 0 18.2571
1 1 83 9 0 -1 4 0 0 0 99 0 0 3.1714
1 1 83 10 0 -1 4 0 0 0 99 0 0 13.2285
1 1 83 11 0 -1 4 0 0 0 99 0 0 4.00949
1 1 83 11 0 -1 4 0 0 0 99 0 0 19.9333
1 1 83 12 0 -1 4 0 0 0 99 0 0 17.419
1 1 83 12 0 -1 4 0 0 0 99 0 0 4.84759
1 2 83 1 0 -1 4 0 0 0 99 0 0 18.2571
1 2 83 2 0 -1 4 0 0 0 99 0 0 18.2571
1 2 83 3 0 -1 4 0 0 0 99 0 0 6.52378
1 2 83 4 0 -1 4 0 0 0 99 0 0 7.36187
t 1 83 -3 1 1 0 0 0 0 -2
_00Tenore
1 1 83 7 0 0 4 0 0 -2
1 2 83 4 0 0 4 0 0 -2
1 1 83 112 0 1 4 0 0 -1.66
1 1 112 7 0 -1 4 0 0 0 99 0 0 5.59256
1 1 112 8 0 -1 4 0 0 0 99 0 0 5.59256
1 1 112 8 0 -1 4 0 0 0 99 0 0 2.98515
1 1 112 9 0 -1 4 0 0 0 99 0 0 9.50367
1 1 112 9 0 -1 4 0 0 0 99 0 0 4.28886
1 1 112 10 0 -1 4 0 0 0 99 0 0 16.674
1 1 112 11 0 -1 4 0 0 0 99 0 0 2.98515
1 1 112 11 0 -1 4 0 0 0 99 0 0 16.674
1 1 112 12 0 -1 4 0 0 0 99 0 0 14.7185
1 2 112 1 0 -1 4 0 0 0 99 0 0 15.3703
1 2 112 1 0 -1 4 0 0 0 99 0 0 3.637
1 2 112 2 0 -1 4 0 0 0 99 0 0 19.9333
1 2 112 3 0 -1 4 0 0 0 99 0 0 2.98515
1 2 112 3 0 -1 4 0 0 0 99 0 0 5.59256
1 2 112 4 0 -1 4 0 0 0 99 0 0 6.24441
1 2 112 5 0 -1 4 0 0 0 99 0 0 2.98515
t 1 112 -3 1 1 0 0 0 0 -2
_00Quinto
1 1 112 7 0 0 4 0 0 -2
1 2 112 5 0 0 4 0 0 -2
1 1 112 112 0 1 4 0 0 -1.66
1 1 141 6 0 -1 4 0 0 0 99 0 0 2.98515
1 1 141 7 0 -1 4 0 0 0 99 0 0 10.1555
1 1 141 8 0 -1 4 0 0 0 99 0 0 4.94071
1 1 141 9 0 -1 4 0 0 0 99 0 0 5.59256
1 1 141 9 0 -1 4 0 0 0 99 0 0 3.637
1 1 141 10 0 -1 4 0 0 0 99 0 0 11.4592
1 1 141 11 0 -1 4 0 0 0 99 0 0 14.7185
1 1 141 12 0 -1 4 0 0 0 99 0 0 12.7629
1 2 141 1 0 -1 4 0 0 0 99 0 0 10.8074
1 2 141 1 0 -1 4 0 0 0 99 0 0 4.28886
1 2 141 2 0 -1 4 0 0 0 99 0 0 19.9333
1 2 141 3 0 -1 4 0 0 0 99 0 0 4.28886
1 2 141 3 0 -1 4 0 0 0 99 0 0 4.28886
1 2 141 4 0 -1 4 0 0 0 99 0 0 10.8074
t 1 141 -3 1 1 0 0 0 0 -2
_00Sesto
1 1 141 6 0 0 4 0 0 -2
1 2 141 4 0 0 4 0 0 -2
1 1 141 112 0 1 4 0 0 -1.66
1 1 170 2 0 -1 4 0 0 0 99 0 0 5.59256
1 1 170 2 0 -1 4 0 0 0 99 0 0 2.98515
1 1 170 3 0 -1 4 0 0 0 99 0 0 10.1555
1 1 170 4 0 -1 4 0 0 0 99 0 0 3.637
1 1 170 4 0 -1 4 0 0 0 99 0 0 4.94071
1 1 170 5 0 -1 4 0 0 0 99 0 0 13.4148
1 1 170 6 0 -1 4 0 0 0 99 0 0 8.85182
1 1 170 6 0 -1 4 0 0 0 99 0 0 3.637
1 1 170 7 0 -1 4 0 0 0 99 0 0 19.9333
1 1 170 8 0 -1 4 0 0 0 99 0 0 7.54811
1 1 170 8 0 -1 4 0 0 0 99 0 0 3.637
1 1 170 9 0 -1 4 0 0 0 99 0 0 9.50367
1 1 170 9 0 -1 4 0 0 0 99 0 0 2.98515
1 1 170 10 0 -1 4 0 0 0 99 0 0 14.7185
1 1 170 11 0 -1 4 0 0 0 99 0 0 8.85182
1 1 170 12 0 -1 4 0 0 0 99 0 0 6.24441
t 1 170 -3 1 1 0 0 0 0 -2
_00Basso
1 1 170 2 0 0 4 0 0 -2
1 1 170 12 0 0 4 0 0 -2
1 1 170 107 0 1 4 0 0 -1.66
