#define SVG t 1 1 \n_99%svg%
t 2 10 14 1 1 0 0 0 0 -1.35
_00
8 1 0 0 0 200
8 2 0 -6 0 200
14 1 0 2
14 1 200 2
14 1 0 2 8
3 2 2
3 1 2 0 1
1 2 25 6 0 -1 4 0 0 0 99 0 0 7.9333
1 2 25 7 0 -1 4 0 0 0 99 0 0 5.5333
1 2 25 8 0 -1 4 0 0 0 99 0 0 7.1333
1 2 25 8 0 -1 4 0 0 0 99 0 0 3.9333
1 2 25 9 0 -1 4 0 0 0 99 0 0 19.9333
1 2 25 10 0 -1 4 0 0 0 99 0 0 17.5333
1 2 25 11 0 -1 4 0 0 0 99 0 0 7.9333
1 2 25 11 0 -1 4 0 0 0 99 0 0 10.3333
1 2 25 12 0 -1 4 0 0 0 99 0 0 15.1333
1 2 25 13 0 -1 4 0 0 0 99 0 0 4.7333
t 1 25 -3 1 1 0 0 0 0 -2
_00Canto
1 2 25 6 0 0 4 0 0 -2
1 2 25 13 0 0 4 0 0 -2
1 2 25 110 0 1 4 0 0 -1.66
1 2 61.25 2 0 -1 4 0 0 0 99 0 0 2.9402
1 2 61.25 5 0 -1 4 0 0 0 99 0 0 3.54709
1 2 61.25 6 0 -1 4 0 0 0 99 0 0 7.79537
1 2 61.25 7 0 -1 4 0 0 0 99 0 0 5.97468
1 2 61.25 8 0 -1 4 0 0 0 99 0 0 4.76089
1 2 61.25 8 0 -1 4 0 0 0 99 0 0 10.8299
1 2 61.25 9 0 -1 4 0 0 0 99 0 0 19.9333
1 2 61.25 10 0 -1 4 0 0 0 99 0 0 10.8299
1 2 61.25 11 0 -1 4 0 0 0 99 0 0 5.36778
1 2 61.25 11 0 -1 4 0 0 0 99 0 0 4.15399
1 2 61.25 12 0 -1 4 0 0 0 99 0 0 7.79537
1 2 61.25 13 0 -1 4 0 0 0 99 0 0 4.15399
t 1 61.25 -3 1 1 0 0 0 0 -2
_00Quinto
1 2 61.25 2 0 0 4 0 0 -2
1 2 61.25 13 0 0 4 0 0 -2
1 2 61.25 109 0 1 4 0 0 -1.66
1 2 97.5 1 0 -1 4 0 0 0 99 0 0 3.19184
1 2 97.5 2 0 -1 4 0 0 0 99 0 0 5.33818
1 2 97.5 3 0 -1 4 0 0 0 99 0 0 5.76745
1 2 97.5 4 0 -1 4 0 0 0 99 0 0 4.47964
1 2 97.5 4 0 -1 4 0 0 0 99 0 0 4.05037
1 2 97.5 5 0 -1 4 0 0 0 99 0 0 8.34306
1 2 97.5 6 0 -1 4 0 0 0 99 0 0 3.19184
1 2 97.5 6 0 -1 4 0 0 0 99 0 0 19.9333
1 2 97.5 7 0 -1 4 0 0 0 99 0 0 3.6211
1 2 97.5 7 0 -1 4 0 0 0 99 0 0 9.20159
1 2 97.5 8 0 -1 4 0 0 0 99 0 0 7.91379
1 2 97.5 9 0 -1 4 0 0 0 99 0 0 2.76257
t 1 97.5 -3 1 1 0 0 0 0 -2
_00Alto
1 2 97.5 1 0 0 4 0 0 -2
1 2 97.5 9 0 0 4 0 0 -2
1 2 97.5 106 0 1 4 0 0 -1.66
1 1 133.75 10 0 -1 4 0 0 0 99 0 0 4.94071
1 1 133.75 11 0 -1 4 0 0 0 99 0 0 5.59256
1 1 133.75 12 0 -1 4 0 0 0 99 0 0 2.98515
1 1 133.75 12 0 -1 4 0 0 0 99 0 0 3.637
1 2 133.75 1 0 -1 4 0 0 0 99 0 0 10.1555
1 2 133.75 1 0 -1 4 0 0 0 99 0 0 4.28886
1 2 133.75 2 0 -1 4 0 0 0 99 0 0 19.9333
1 2 133.75 3 0 -1 4 0 0 0 99 0 0 13.4148
1 2 133.75 4 0 -1 4 0 0 0 99 0 0 6.24441
1 2 133.75 4 0 -1 4 0 0 0 99 0 0 5.59256
1 2 133.75 5 0 -1 4 0 0 0 99 0 0 10.1555
t 1 133.75 -3 1 1 0 0 0 0 -2
_00Tenore
1 1 133.75 10 0 0 4 0 0 -2
1 2 133.75 5 0 0 4 0 0 -2
1 2 133.75 102 0 1 4 0 0 -1.66
1 1 170 6 0 -1 4 0 0 0 99 0 0 3.50663
1 1 170 7 0 -1 4 0 0 0 99 0 0 5.8533
1 1 170 8 0 -1 4 0 0 0 99 0 0 3.50663
1 1 170 10 0 -1 4 0 0 0 99 0 0 14.0666
1 1 170 11 0 -1 4 0 0 0 99 0 0 19.9333
1 1 170 12 0 -1 4 0 0 0 99 0 0 5.8533
1 1 170 12 0 -1 4 0 0 0 99 0 0 4.67997
1 2 170 1 0 -1 4 0 0 0 99 0 0 9.3733
1 2 170 2 0 -1 4 0 0 0 99 0 0 16.4133
t 1 170 -3 1 1 0 0 0 0 -2
_00Basso
1 1 170 6 0 0 4 0 0 -2
1 2 170 2 0 0 4 0 0 -2
1 1 170 111 0 1 4 0 0 -1.66
