#define SVG t 1 1 \n_99%svg%
t 2 10 14 1 1 0 0 0 0 -1.35
_00
8 1 0 0 0 200
8 2 0 -6 0 200
14 1 0 2
14 1 200 2
14 1 0 2 8
3 2 2
3 1 2 0 1
1 2 25 5 0 -1 4 0 0 0 99 0 0 3.59044
1 2 25 6 0 -1 4 0 0 0 99 0 0 2.96187
1 2 25 6 0 -1 4 0 0 0 99 0 0 13.6476
1 2 25 7 0 -1 4 0 0 0 99 0 0 16.1619
1 2 25 8 0 -1 4 0 0 0 99 0 0 19.3047
1 2 25 8 0 -1 4 0 0 0 99 0 0 2.96187
1 2 25 9 0 -1 4 0 0 0 99 0 0 18.6762
1 2 25 10 0 -1 4 0 0 0 99 0 0 19.9333
1 2 25 11 0 -1 4 0 0 0 99 0 0 9.87616
1 2 25 11 0 -1 4 0 0 0 99 0 0 3.59044
1 2 25 12 0 -1 4 0 0 0 99 0 0 9.24759
1 2 25 13 0 -1 4 0 0 0 99 0 0 3.59044
1 2 25 13 0 -1 4 0 0 0 99 0 0 4.21901
t 1 25 -3 1 1 0 0 0 0 -2
_00Canto
1 2 25 5 0 0 4 0 0 -2
1 2 25 13 0 0 4 0 0 -2
1 2 25 109 0 1 4 0 0 -1.66
1 1 97.5 11 0 -1 4 0 0 0 99 0 0 2.7333
1 1 97.5 12 0 -1 4 0 0 0 99 0 0 2.7333
1 2 97.5 1 0 -1 4 0 0 0 99 0 0 3.5333
1 2 97.5 1 0 -1 4 0 0 0 99 0 0 2.7333
1 2 97.5 2 0 -1 4 0 0 0 99 0 0 5.1333
1 2 97.5 3 0 -1 4 0 0 0 99 0 0 11.5333
1 2 97.5 4 0 -1 4 0 0 0 99 0 0 8.3333
1 2 97.5 4 0 -1 4 0 0 0 99 0 0 3.5333
1 2 97.5 5 0 -1 4 0 0 0 99 0 0 10.7333
1 2 97.5 6 0 -1 4 0 0 0 99 0 0 7.9333
1 2 97.5 6 0 -1 4 0 0 0 99 0 0 19.9333
1 2 97.5 7 0 -1 4 0 0 0 99 0 0 9.5333
1 2 97.5 8 0 -1 4 0 0 0 99 0 0 7.1333
1 2 97.5 9 0 -1 4 0 0 0 99 0 0 3.5333
t 1 97.5 -3 1 1 0 0 0 0 -2
_00Tenore
1 1 97.5 11 0 0 4 0 0 -2
1 2 97.5 9 0 0 4 0 0 -2
1 2 97.5 106 0 1 4 0 0 -1.66
1 1 170 10 0 -1 4 0 0 0 99 0 0 3.01022
1 1 170 11 0 -1 4 0 0 0 99 0 0 14.5179
1 1 170 12 0 -1 4 0 0 0 99 0 0 8.42561
1 2 170 1 0 -1 4 0 0 0 99 0 0 11.8102
1 2 170 1 0 -1 4 0 0 0 99 0 0 3.68715
1 2 170 2 0 -1 4 0 0 0 99 0 0 17.2256
1 2 170 3 0 -1 4 0 0 0 99 0 0 19.9333
1 2 170 4 0 -1 4 0 0 0 99 0 0 8.42561
1 2 170 5 0 -1 4 0 0 0 99 0 0 5.71792
1 2 170 6 0 -1 4 0 0 0 99 0 0 3.68715
1 2 170 6 0 -1 4 0 0 0 99 0 0 6.39484
t 1 170 -3 1 1 0 0 0 0 -2
_00Basso
1 1 170 10 0 0 4 0 0 -2
1 2 170 6 0 0 4 0 0 -2
1 2 170 102 0 1 4 0 0 -1.66
