#define SVG t 1 1 \n_99%svg%
t 2 10 14 1 1 0 0 0 0 -1.35
_00
8 1 0 0 0 200
8 2 0 -6 0 200
14 1 0 2
14 1 200 2
14 1 0 2 8
3 2 2
3 1 2 0 1
1 2 25 1 0 -1 4 0 0 0 99 0 0 2.69997
1 2 25 3 0 -1 4 0 0 0 99 0 0 2.69997
1 2 25 4 0 -1 4 0 0 0 99 0 0 2.69997
1 2 25 4 0 -1 4 0 0 0 99 0 0 2.69997
1 2 25 5 0 -1 4 0 0 0 99 0 0 6.7333
1 2 25 6 0 -1 4 0 0 0 99 0 0 12.6
1 2 25 7 0 -1 4 0 0 0 99 0 0 15.9
1 2 25 8 0 -1 4 0 0 0 99 0 0 19.9333
1 2 25 8 0 -1 4 0 0 0 99 0 0 4.89997
1 2 25 9 0 -1 4 0 0 0 99 0 0 18.1
1 2 25 10 0 -1 4 0 0 0 99 0 0 15.1666
1 2 25 11 0 -1 4 0 0 0 99 0 0 10.4
1 2 25 12 0 -1 4 0 0 0 99 0 0 8.19997
t 1 25 -3 1 1 0 0 0 0 -2
_00Canto
1 2 25 1 0 0 4 0 0 -2
1 2 25 12 0 0 4 0 0 -2
1 2 25 108 0 1 4 0 0 -1.66
1 1 73.3333 10 0 -1 4 0 0 0 99 0 0 2.6533
1 1 73.3333 12 0 -1 4 0 0 0 99 0 0 2.6533
1 2 73.3333 1 0 -1 4 0 0 0 99 0 0 5.5333
1 2 73.3333 2 0 -1 4 0 0 0 99 0 0 9.6933
1 2 73.3333 3 0 -1 4 0 0 0 99 0 0 11.6133
1 2 73.3333 4 0 -1 4 0 0 0 99 0 0 9.6933
1 2 73.3333 4 0 -1 4 0 0 0 99 0 0 3.2933
1 2 73.3333 5 0 -1 4 0 0 0 99 0 0 19.9333
1 2 73.3333 6 0 -1 4 0 0 0 99 0 0 2.6533
1 2 73.3333 6 0 -1 4 0 0 0 99 0 0 18.6533
1 2 73.3333 7 0 -1 4 0 0 0 99 0 0 12.2533
1 2 73.3333 8 0 -1 4 0 0 0 99 0 0 14.1733
1 2 73.3333 9 0 -1 4 0 0 0 99 0 0 3.2933
t 1 73.3333 -3 1 1 0 0 0 0 -2
_00Alto
1 1 73.3333 10 0 0 4 0 0 -2
1 2 73.3333 9 0 0 4 0 0 -2
1 2 73.3333 105 0 1 4 0 0 -1.66
1 1 121.667 9 0 -1 4 0 0 0 99 0 0 2.63675
1 1 121.667 10 0 -1 4 0 0 0 99 0 0 5.36778
1 1 121.667 11 0 -1 4 0 0 0 99 0 0 5.97468
1 1 121.667 12 0 -1 4 0 0 0 99 0 0 7.18847
1 2 121.667 1 0 -1 4 0 0 0 99 0 0 12.0436
1 2 121.667 1 0 -1 4 0 0 0 99 0 0 3.54709
1 2 121.667 2 0 -1 4 0 0 0 99 0 0 16.5954
1 2 121.667 3 0 -1 4 0 0 0 99 0 0 19.9333
1 2 121.667 4 0 -1 4 0 0 0 99 0 0 13.5609
1 2 121.667 4 0 -1 4 0 0 0 99 0 0 3.85054
1 2 121.667 5 0 -1 4 0 0 0 99 0 0 17.8092
1 2 121.667 6 0 -1 4 0 0 0 99 0 0 6.58158
t 1 121.667 -3 1 1 0 0 0 0 -2
_00Tenore
1 1 121.667 9 0 0 4 0 0 -2
1 2 121.667 6 0 0 4 0 0 -2
1 2 121.667 103 0 1 4 0 0 -1.66
1 1 170 6 0 -1 4 0 0 0 99 0 0 7.31443
1 1 170 7 0 -1 4 0 0 0 99 0 0 8.31066
1 1 170 8 0 -1 4 0 0 0 99 0 0 7.31443
1 1 170 9 0 -1 4 0 0 0 99 0 0 11.9635
1 1 170 10 0 -1 4 0 0 0 99 0 0 19.9333
1 1 170 11 0 -1 4 0 0 0 99 0 0 18.605
1 1 170 12 0 -1 4 0 0 0 99 0 0 3.6616
1 1 170 12 0 -1 4 0 0 0 99 0 0 8.31066
1 2 170 1 0 -1 4 0 0 0 99 0 0 13.9559
1 2 170 2 0 -1 4 0 0 0 99 0 0 5.65405
1 2 170 3 0 -1 4 0 0 0 99 0 0 3.6616
1 2 170 4 0 -1 4 0 0 0 99 0 0 3.6616
1 2 170 5 0 -1 4 0 0 0 99 0 0 2.99745
t 1 170 -3 1 1 0 0 0 0 -2
_00Basso
1 1 170 6 0 0 4 0 0 -2
1 2 170 5 0 0 4 0 0 -2
1 1 170 110 0 1 4 0 0 -1.66
