#define SVG t 1 1 \n_99%svg%
t 2 10 14 1 1 0 0 0 0 -1.35
_00
8 1 0 0 0 200
8 2 0 -6 0 200
14 1 0 2
14 1 200 2
14 1 0 2 8
3 2 2
3 1 2 0 1
1 2 25 1 0 -1 4 0 0 0 99 0 0 2.9402
1 2 25 2 0 -1 4 0 0 0 99 0 0 2.9402
1 2 25 3 0 -1 4 0 0 0 99 0 0 3.54709
1 2 25 4 0 -1 4 0 0 0 99 0 0 4.76089
1 2 25 5 0 -1 4 0 0 0 99 0 0 7.79537
1 2 25 6 0 -1 4 0 0 0 99 0 0 17.5057
1 2 25 7 0 -1 4 0 0 0 99 0 0 4.15399
1 2 25 7 0 -1 4 0 0 0 99 0 0 19.9333
1 2 25 8 0 -1 4 0 0 0 99 0 0 15.0781
1 2 25 9 0 -1 4 0 0 0 99 0 0 9.61606
1 2 25 10 0 -1 4 0 0 0 99 0 0 4.76089
t 1 25 -3 1 1 0 0 0 0 -2
_00Canto
1 2 25 1 0 0 4 0 0 -2
1 2 25 10 0 0 4 0 0 -2
1 2 25 107 0 1 4 0 0 -1.66
1 1 61.25 10 0 -1 4 0 0 0 99 0 0 2.86663
1 2 61.25 1 0 -1 4 0 0 0 99 0 0 2.86663
1 2 61.25 2 0 -1 4 0 0 0 99 0 0 7.1333
1 2 61.25 3 0 -1 4 0 0 0 99 0 0 13
1 2 61.25 4 0 -1 4 0 0 0 99 0 0 10.8666
1 2 61.25 4 0 -1 4 0 0 0 99 0 0 9.26663
1 2 61.25 5 0 -1 4 0 0 0 99 0 0 19.9333
1 2 61.25 6 0 -1 4 0 0 0 99 0 0 8.19997
t 1 61.25 -3 1 1 0 0 0 0 -2
_00Alto
1 1 61.25 10 0 0 4 0 0 -2
1 2 61.25 6 0 0 4 0 0 -2
1 2 61.25 104 0 1 4 0 0 -1.66
1 1 97.5 6 0 -1 4 0 0 0 99 0 0 3.9333
1 1 97.5 7 0 -1 4 0 0 0 99 0 0 7.9333
1 1 97.5 8 0 -1 4 0 0 0 99 0 0 3.1333
1 1 97.5 9 0 -1 4 0 0 0 99 0 0 5.5333
1 1 97.5 9 0 -1 4 0 0 0 99 0 0 3.1333
1 1 97.5 10 0 -1 4 0 0 0 99 0 0 8.7333
1 1 97.5 11 0 -1 4 0 0 0 99 0 0 19.1333
1 1 97.5 12 0 -1 4 0 0 0 99 0 0 4.7333
1 1 97.5 12 0 -1 4 0 0 0 99 0 0 11.9333
1 2 97.5 1 0 -1 4 0 0 0 99 0 0 12.7333
1 2 97.5 1 0 -1 4 0 0 0 99 0 0 3.9333
1 2 97.5 2 0 -1 4 0 0 0 99 0 0 19.9333
1 2 97.5 3 0 -1 4 0 0 0 99 0 0 9.5333
1 2 97.5 4 0 -1 4 0 0 0 99 0 0 3.1333
t 1 97.5 -3 1 1 0 0 0 0 -2
_00Tenore
1 1 97.5 6 0 0 4 0 0 -2
1 2 97.5 4 0 0 4 0 0 -2
1 1 97.5 112 0 1 4 0 0 -1.66
1 1 133.75 6 0 -1 4 0 0 0 99 0 0 3.2133
1 1 133.75 7 0 -1 4 0 0 0 99 0 0 4.9733
1 1 133.75 8 0 -1 4 0 0 0 99 0 0 6.7333
1 1 133.75 9 0 -1 4 0 0 0 99 0 0 8.4933
1 1 133.75 9 0 -1 4 0 0 0 99 0 0 3.2133
1 1 133.75 10 0 -1 4 0 0 0 99 0 0 12.0133
1 1 133.75 11 0 -1 4 0 0 0 99 0 0 13.7733
1 1 133.75 12 0 -1 4 0 0 0 99 0 0 3.2133
1 1 133.75 12 0 -1 4 0 0 0 99 0 0 13.7733
1 2 133.75 1 0 -1 4 0 0 0 99 0 0 15.5333
1 2 133.75 2 0 -1 4 0 0 0 99 0 0 19.9333
1 2 133.75 3 0 -1 4 0 0 0 99 0 0 10.2533
1 2 133.75 4 0 -1 4 0 0 0 99 0 0 3.2133
t 1 133.75 -3 1 1 0 0 0 0 -2
_00Quinto
1 1 133.75 6 0 0 4 0 0 -2
1 2 133.75 4 0 0 4 0 0 -2
1 1 133.75 112 0 1 4 0 0 -1.66
1 1 170 3 0 -1 4 0 0 0 99 0 0 7.36187
1 1 170 4 0 -1 4 0 0 0 99 0 0 7.36187
1 1 170 5 0 -1 4 0 0 0 99 0 0 6.52378
1 1 170 6 0 -1 4 0 0 0 99 0 0 12.3904
1 1 170 7 0 -1 4 0 0 0 99 0 0 19.9333
1 1 170 8 0 -1 4 0 0 0 99 0 0 14.9047
1 1 170 9 0 -1 4 0 0 0 99 0 0 11.5523
1 1 170 10 0 -1 4 0 0 0 99 0 0 14.0666
1 1 170 11 0 -1 4 0 0 0 99 0 0 6.52378
1 1 170 12 0 -1 4 0 0 0 99 0 0 4.00949
t 1 170 -3 1 1 0 0 0 0 -2
_00Basso
1 1 170 3 0 0 4 0 0 -2
1 1 170 12 0 0 4 0 0 -2
1 1 170 107 0 1 4 0 0 -1.66
