#define SVG t 1 1 \n_99%svg%
t 2 10 14 1 1 0 0 0 0 -1.35
_00
8 1 0 0 0 200
8 2 0 -6 0 200
14 1 0 2
14 1 200 2
14 1 0 2 8
3 2 2
3 1 2 0 1
1 2 25 2 0 -1 4 0 0 0 99 0 0 3.68715
1 2 25 3 0 -1 4 0 0 0 99 0 0 7.07176
1 2 25 4 0 -1 4 0 0 0 99 0 0 4.36407
1 2 25 4 0 -1 4 0 0 0 99 0 0 4.36407
1 2 25 5 0 -1 4 0 0 0 99 0 0 19.9333
1 2 25 6 0 -1 4 0 0 0 99 0 0 3.01022
1 2 25 6 0 -1 4 0 0 0 99 0 0 16.5487
1 2 25 7 0 -1 4 0 0 0 99 0 0 17.9025
1 2 25 8 0 -1 4 0 0 0 99 0 0 9.77945
1 2 25 8 0 -1 4 0 0 0 99 0 0 3.68715
1 2 25 9 0 -1 4 0 0 0 99 0 0 7.74868
1 2 25 10 0 -1 4 0 0 0 99 0 0 5.71792
t 1 25 -3 1 1 0 0 0 0 -2
_00Canto
1 2 25 2 0 0 4 0 0 -2
1 2 25 10 0 0 4 0 0 -2
1 2 25 106 0 1 4 0 0 -1.66
1 1 54 9 0 -1 4 0 0 0 99 0 0 3.0373
1 1 54 10 0 -1 4 0 0 0 99 0 0 6.5573
1 1 54 11 0 -1 4 0 0 0 99 0 0 5.8533
1 1 54 12 0 -1 4 0 0 0 99 0 0 3.0373
1 1 54 12 0 -1 4 0 0 0 99 0 0 7.9653
1 2 54 1 0 -1 4 0 0 0 99 0 0 10.7813
1 2 54 1 0 -1 4 0 0 0 99 0 0 4.4453
1 2 54 2 0 -1 4 0 0 0 99 0 0 11.4853
1 2 54 3 0 -1 4 0 0 0 99 0 0 19.9333
1 2 54 4 0 -1 4 0 0 0 99 0 0 6.5573
1 2 54 4 0 -1 4 0 0 0 99 0 0 6.5573
1 2 54 5 0 -1 4 0 0 0 99 0 0 15.7093
1 2 54 6 0 -1 4 0 0 0 99 0 0 3.7413
1 2 54 6 0 -1 4 0 0 0 99 0 0 4.4453
t 1 54 -3 1 1 0 0 0 0 -2
_00Alto
1 1 54 9 0 0 4 0 0 -2
1 2 54 6 0 0 4 0 0 -2
1 2 54 103 0 1 4 0 0 -1.66
1 1 83 10 0 -1 4 0 0 0 99 0 0 4.62895
1 1 83 11 0 -1 4 0 0 0 99 0 0 5.39417
1 1 83 12 0 -1 4 0 0 0 99 0 0 9.98547
1 2 83 1 0 -1 4 0 0 0 99 0 0 19.9333
1 2 83 2 0 -1 4 0 0 0 99 0 0 11.5159
1 2 83 3 0 -1 4 0 0 0 99 0 0 19.1681
1 2 83 4 0 -1 4 0 0 0 99 0 0 10.7507
1 2 83 4 0 -1 4 0 0 0 99 0 0 3.86373
1 2 83 5 0 -1 4 0 0 0 99 0 0 14.5768
t 1 83 -3 1 1 0 0 0 0 -2
_00Quinto
1 1 83 10 0 0 4 0 0 -2
1 2 83 5 0 0 4 0 0 -2
1 2 83 102 0 1 4 0 0 -1.66
1 1 112 6 0 -1 4 0 0 0 99 0 0 6.10473
1 1 112 7 0 -1 4 0 0 0 99 0 0 7.36187
1 1 112 8 0 -1 4 0 0 0 99 0 0 6.10473
1 1 112 10 0 -1 4 0 0 0 99 0 0 13.6476
1 1 112 11 0 -1 4 0 0 0 99 0 0 4.84759
1 1 112 11 0 -1 4 0 0 0 99 0 0 11.1333
1 1 112 12 0 -1 4 0 0 0 99 0 0 13.6476
1 2 112 1 0 -1 4 0 0 0 99 0 0 19.9333
1 2 112 2 0 -1 4 0 0 0 99 0 0 13.6476
1 2 112 3 0 -1 4 0 0 0 99 0 0 7.36187
t 1 112 -3 1 1 0 0 0 0 -2
_00Tenore
1 1 112 6 0 0 4 0 0 -2
1 2 112 3 0 0 4 0 0 -2
1 1 112 112 0 1 4 0 0 -1.66
1 1 141 6 0 -1 4 0 0 0 99 0 0 4.0933
1 1 141 7 0 -1 4 0 0 0 99 0 0 4.9733
1 1 141 8 0 -1 4 0 0 0 99 0 0 10.2533
1 1 141 9 0 -1 4 0 0 0 99 0 0 4.9733
1 1 141 10 0 -1 4 0 0 0 99 0 0 19.9333
1 1 141 11 0 -1 4 0 0 0 99 0 0 9.3733
1 1 141 12 0 -1 4 0 0 0 99 0 0 10.2533
1 2 141 1 0 -1 4 0 0 0 99 0 0 12.8933
1 2 141 2 0 -1 4 0 0 0 99 0 0 4.9733
1 2 141 3 0 -1 4 0 0 0 99 0 0 3.2133
t 1 141 -3 1 1 0 0 0 0 -2
_00Sesto
1 1 141 6 0 0 4 0 0 -2
1 2 141 3 0 0 4 0 0 -2
1 1 141 110 0 1 4 0 0 -1.66
1 1 170 3 0 -1 4 0 0 0 99 0 0 6.47448
1 1 170 4 0 -1 4 0 0 0 99 0 0 6.47448
1 1 170 6 0 -1 4 0 0 0 99 0 0 16.8274
1 1 170 7 0 -1 4 0 0 0 99 0 0 7.50977
1 1 170 8 0 -1 4 0 0 0 99 0 0 14.7568
1 1 170 9 0 -1 4 0 0 0 99 0 0 7.50977
1 1 170 9 0 -1 4 0 0 0 99 0 0 4.40389
1 1 170 10 0 -1 4 0 0 0 99 0 0 19.9333
1 1 170 11 0 -1 4 0 0 0 99 0 0 7.50977
1 2 170 1 0 -1 4 0 0 0 99 0 0 5.43918
t 1 170 -3 1 1 0 0 0 0 -2
_00Basso
1 1 170 3 0 0 4 0 0 -2
1 2 170 1 0 0 4 0 0 -2
1 1 170 108 0 1 4 0 0 -1.66
