#define SVG t 1 1 \n_99%svg%
t 2 10 14 1 1 0 0 0 0 -1.35
_00
8 1 0 0 0 200
8 2 0 -6 0 200
14 1 0 2
14 1 200 2
14 1 0 2 8
3 2 2
3 1 2 0 1
1 2 25 5 0 -1 4 0 0 0 99 0 0 4.62895
1 2 25 6 0 -1 4 0 0 0 99 0 0 13.8116
1 2 25 7 0 -1 4 0 0 0 99 0 0 19.9333
1 2 25 8 0 -1 4 0 0 0 99 0 0 17.6376
1 2 25 9 0 -1 4 0 0 0 99 0 0 19.9333
1 2 25 10 0 -1 4 0 0 0 99 0 0 7.68982
1 2 25 11 0 -1 4 0 0 0 99 0 0 5.39417
1 2 25 11 0 -1 4 0 0 0 99 0 0 3.09852
1 2 25 12 0 -1 4 0 0 0 99 0 0 6.9246
1 2 25 13 0 -1 4 0 0 0 99 0 0 3.09852
t 1 25 -3 1 1 0 0 0 0 -2
_00Quinto
1 2 25 5 0 0 4 0 0 -2
1 2 25 13 0 0 4 0 0 -2
1 2 25 108 0 1 4 0 0 -1.66
1 1 73.3333 10 0 -1 4 0 0 0 99 0 0 3.1714
1 1 73.3333 11 0 -1 4 0 0 0 99 0 0 2.75235
1 2 73.3333 1 0 -1 4 0 0 0 99 0 0 3.1714
1 2 73.3333 2 0 -1 4 0 0 0 99 0 0 6.52378
1 2 73.3333 3 0 -1 4 0 0 0 99 0 0 12.3904
1 2 73.3333 4 0 -1 4 0 0 0 99 0 0 9.45711
1 2 73.3333 4 0 -1 4 0 0 0 99 0 0 5.26663
1 2 73.3333 5 0 -1 4 0 0 0 99 0 0 19.9333
1 2 73.3333 6 0 -1 4 0 0 0 99 0 0 7.36187
t 1 73.3333 -3 1 1 0 0 0 0 -2
_00Alto
1 1 73.3333 10 0 0 4 0 0 -2
1 2 73.3333 6 0 0 4 0 0 -2
1 2 73.3333 104 0 1 4 0 0 -1.66
1 1 121.667 10 0 -1 4 0 0 0 99 0 0 9.77945
1 1 121.667 11 0 -1 4 0 0 0 99 0 0 8.42561
1 1 121.667 12 0 -1 4 0 0 0 99 0 0 7.74868
1 2 121.667 1 0 -1 4 0 0 0 99 0 0 13.1641
1 2 121.667 1 0 -1 4 0 0 0 99 0 0 4.36407
1 2 121.667 2 0 -1 4 0 0 0 99 0 0 19.9333
1 2 121.667 3 0 -1 4 0 0 0 99 0 0 11.1333
1 2 121.667 4 0 -1 4 0 0 0 99 0 0 7.07176
1 2 121.667 5 0 -1 4 0 0 0 99 0 0 7.07176
1 2 121.667 6 0 -1 4 0 0 0 99 0 0 3.68715
t 1 121.667 -3 1 1 0 0 0 0 -2
_00Tenore
1 1 121.667 10 0 0 4 0 0 -2
1 2 121.667 6 0 0 4 0 0 -2
1 2 121.667 102 0 1 4 0 0 -1.66
1 1 170 6 0 -1 4 0 0 0 99 0 0 3.79997
1 1 170 7 0 -1 4 0 0 0 99 0 0 8.19997
1 1 170 8 0 -1 4 0 0 0 99 0 0 5.99997
1 1 170 9 0 -1 4 0 0 0 99 0 0 6.7333
1 1 170 9 0 -1 4 0 0 0 99 0 0 3.06663
1 1 170 10 0 -1 4 0 0 0 99 0 0 19.9333
1 1 170 11 0 -1 4 0 0 0 99 0 0 12.6
1 1 170 12 0 -1 4 0 0 0 99 0 0 4.5333
1 1 170 12 0 -1 4 0 0 0 99 0 0 4.5333
1 2 170 1 0 -1 4 0 0 0 99 0 0 14.0666
1 2 170 2 0 -1 4 0 0 0 99 0 0 4.5333
t 1 170 -3 1 1 0 0 0 0 -2
_00Basso
1 1 170 6 0 0 4 0 0 -2
1 2 170 2 0 0 4 0 0 -2
1 1 170 110 0 1 4 0 0 -1.66
