#define SVG t 1 1 \n_99%svg%
t 2 10 14 1 1 0 0 0 0 -1.35
_00
8 1 0 0 0 200
8 2 0 -6 0 200
14 1 0 2
14 1 200 2
14 1 0 2 8
3 2 2
3 1 2 0 1
1 2 25 1 0 -1 4 0 0 0 99 0 0 3.3893
1 2 25 2 0 -1 4 0 0 0 99 0 0 4.7973
1 2 25 3 0 -1 4 0 0 0 99 0 0 2.6853
1 2 25 3 0 -1 4 0 0 0 99 0 0 9.3733
1 2 25 4 0 -1 4 0 0 0 99 0 0 10.7813
1 2 25 5 0 -1 4 0 0 0 99 0 0 16.4133
1 2 25 6 0 -1 4 0 0 0 99 0 0 3.0373
1 2 25 6 0 -1 4 0 0 0 99 0 0 19.9333
1 2 25 7 0 -1 4 0 0 0 99 0 0 19.9333
1 2 25 8 0 -1 4 0 0 0 99 0 0 13.5973
1 2 25 9 0 -1 4 0 0 0 99 0 0 8.3173
1 2 25 10 0 -1 4 0 0 0 99 0 0 3.3893
1 2 25 10 0 -1 4 0 0 0 99 0 0 2.6853
1 2 25 11 0 -1 4 0 0 0 99 0 0 3.0373
t 1 25 -3 1 1 0 0 0 0 -2
_00?[Soprano o Tenore?]
1 2 25 1 0 0 4 0 0 -2
1 2 25 11 0 0 4 0 0 -2
1 2 25 106 0 1 4 0 0 -1.66
1 1 170 2 0 -1 4 0 0 0 99 0 0 11.8666
1 1 170 3 0 -1 4 0 0 0 99 0 0 13.3333
1 1 170 4 0 -1 4 0 0 0 99 0 0 3.06663
1 1 170 4 0 -1 4 0 0 0 99 0 0 9.66663
1 1 170 5 0 -1 4 0 0 0 99 0 0 18.4666
1 1 170 5 0 -1 4 0 0 0 99 0 0 4.5333
1 1 170 6 0 -1 4 0 0 0 99 0 0 19.9333
1 1 170 6 0 -1 4 0 0 0 99 0 0 4.5333
1 1 170 7 0 -1 4 0 0 0 99 0 0 19.9333
1 1 170 8 0 -1 4 0 0 0 99 0 0 8.9333
1 1 170 8 0 -1 4 0 0 0 99 0 0 5.26663
1 1 170 9 0 -1 4 0 0 0 99 0 0 9.66663
1 1 170 10 0 -1 4 0 0 0 99 0 0 3.06663
t 1 170 -3 1 1 0 0 0 0 -2
_00?[B. C.?]
1 1 170 2 0 0 4 0 0 -2
1 1 170 10 0 0 4 0 0 -2
1 1 170 106 0 1 4 0 0 -1.66
