#define SVG t 1 1 \n_99%svg%
t 2 10 14 1 1 0 0 0 0 -1.35
_00
8 1 0 0 0 200
8 2 0 -6 0 200
14 1 0 2
14 1 200 2
14 1 0 2 8
3 2 2
3 1 2 0 1
1 2 25 4 0 -1 4 0 0 0 99 0 0 5.26663
1 2 25 5 0 -1 4 0 0 0 99 0 0 5.26663
1 2 25 6 0 -1 4 0 0 0 99 0 0 16.0222
1 2 25 7 0 -1 4 0 0 0 99 0 0 7.71108
1 2 25 7 0 -1 4 0 0 0 99 0 0 3.79997
1 2 25 8 0 -1 4 0 0 0 99 0 0 19.9333
1 2 25 9 0 -1 4 0 0 0 99 0 0 11.6222
1 2 25 10 0 -1 4 0 0 0 99 0 0 3.31108
1 2 25 10 0 -1 4 0 0 0 99 0 0 4.28886
1 2 25 11 0 -1 4 0 0 0 99 0 0 4.28886
t 1 25 -3 1 1 0 0 0 0 -2
_00Canto
1 2 25 4 0 0 4 0 0 -2
1 2 25 11 0 0 4 0 0 -2
1 2 25 108 0 1 4 0 0 -1.66
1 2 73.3333 1 0 -1 4 0 0 0 99 0 0 5.97468
1 2 73.3333 2 0 -1 4 0 0 0 99 0 0 10.8299
1 2 73.3333 3 0 -1 4 0 0 0 99 0 0 15.685
1 2 73.3333 4 0 -1 4 0 0 0 99 0 0 16.2919
1 2 73.3333 4 0 -1 4 0 0 0 99 0 0 4.76089
1 2 73.3333 5 0 -1 4 0 0 0 99 0 0 15.0781
1 2 73.3333 6 0 -1 4 0 0 0 99 0 0 19.9333
1 2 73.3333 7 0 -1 4 0 0 0 99 0 0 5.97468
1 2 73.3333 7 0 -1 4 0 0 0 99 0 0 4.15399
1 2 73.3333 8 0 -1 4 0 0 0 99 0 0 7.79537
t 1 73.3333 -3 1 1 0 0 0 0 -2
_00Alto
1 2 73.3333 1 0 0 4 0 0 -2
1 2 73.3333 8 0 0 4 0 0 -2
1 2 73.3333 104 0 1 4 0 0 -1.66
1 1 121.667 10 0 -1 4 0 0 0 99 0 0 3.59044
1 1 121.667 11 0 -1 4 0 0 0 99 0 0 12.3904
1 1 121.667 12 0 -1 4 0 0 0 99 0 0 8.61901
1 1 121.667 12 0 -1 4 0 0 0 99 0 0 4.21901
1 2 121.667 1 0 -1 4 0 0 0 99 0 0 19.9333
1 2 121.667 2 0 -1 4 0 0 0 99 0 0 14.9047
1 2 121.667 3 0 -1 4 0 0 0 99 0 0 2.96187
1 2 121.667 3 0 -1 4 0 0 0 99 0 0 13.6476
1 2 121.667 4 0 -1 4 0 0 0 99 0 0 16.7904
1 2 121.667 5 0 -1 4 0 0 0 99 0 0 7.36187
1 2 121.667 6 0 -1 4 0 0 0 99 0 0 3.59044
t 1 121.667 -3 1 1 0 0 0 0 -2
_00Tenore
1 1 121.667 10 0 0 4 0 0 -2
1 2 121.667 6 0 0 4 0 0 -2
1 2 121.667 102 0 1 4 0 0 -1.66
1 1 170 6 0 -1 4 0 0 0 99 0 0 3.88624
1 1 170 7 0 -1 4 0 0 0 99 0 0 8.54506
1 1 170 8 0 -1 4 0 0 0 99 0 0 3.88624
1 1 170 9 0 -1 4 0 0 0 99 0 0 19.9333
1 1 170 10 0 -1 4 0 0 0 99 0 0 10.6157
1 1 170 11 0 -1 4 0 0 0 99 0 0 10.6157
1 1 170 12 0 -1 4 0 0 0 99 0 0 6.99212
1 1 170 12 0 -1 4 0 0 0 99 0 0 2.85095
1 2 170 1 0 -1 4 0 0 0 99 0 0 7.50977
1 2 170 2 0 -1 4 0 0 0 99 0 0 3.36859
t 1 170 -3 1 1 0 0 0 0 -2
_00Basso
1 1 170 6 0 0 4 0 0 -2
1 2 170 2 0 0 4 0 0 -2
1 1 170 110 0 1 4 0 0 -1.66
