#define SVG t 1 1 \n_99%svg%
t 2 10 14 1 1 0 0 0 0 -1.35
_00
8 1 0 0 0 200
8 2 0 -6 0 200
14 1 0 2
14 1 200 2
14 1 0 2 8
3 2 2
3 1 2 0 1
1 2 25 5 0 -1 4 0 0 0 99 0 0 3.4333
1 2 25 6 0 -1 4 0 0 0 99 0 0 8.9333
1 2 25 7 0 -1 4 0 0 0 99 0 0 3.4333
1 2 25 7 0 -1 4 0 0 0 99 0 0 13.3333
1 2 25 8 0 -1 4 0 0 0 99 0 0 14.9833
1 2 25 8 0 -1 4 0 0 0 99 0 0 6.1833
1 2 25 9 0 -1 4 0 0 0 99 0 0 19.9333
1 2 25 10 0 -1 4 0 0 0 99 0 0 16.6333
1 2 25 11 0 -1 4 0 0 0 99 0 0 6.1833
1 2 25 12 0 -1 4 0 0 0 99 0 0 5.0833
t 1 25 -3 1 1 0 0 0 0 -2
_00Canto
1 2 25 5 0 0 4 0 0 -2
1 2 25 12 0 0 4 0 0 -2
1 2 25 109 0 1 4 0 0 -1.66
1 1 73.3333 7 0 -1 4 0 0 0 99 0 0 2.98515
1 1 73.3333 9 0 -1 4 0 0 0 99 0 0 2.98515
1 1 73.3333 10 0 -1 4 0 0 0 99 0 0 8.19997
1 1 73.3333 11 0 -1 4 0 0 0 99 0 0 3.637
1 1 73.3333 11 0 -1 4 0 0 0 99 0 0 19.9333
1 1 73.3333 12 0 -1 4 0 0 0 99 0 0 3.637
1 1 73.3333 12 0 -1 4 0 0 0 99 0 0 10.1555
1 2 73.3333 1 0 -1 4 0 0 0 99 0 0 18.6296
1 2 73.3333 2 0 -1 4 0 0 0 99 0 0 14.0666
1 2 73.3333 3 0 -1 4 0 0 0 99 0 0 10.1555
1 2 73.3333 4 0 -1 4 0 0 0 99 0 0 2.98515
1 2 73.3333 5 0 -1 4 0 0 0 99 0 0 4.94071
t 1 73.3333 -3 1 1 0 0 0 0 -2
_00Tenore
1 1 73.3333 7 0 0 4 0 0 -2
1 2 73.3333 5 0 0 4 0 0 -2
1 2 73.3333 101 0 1 4 0 0 -1.66
1 1 121.667 10 0 -1 4 0 0 0 99 0 0 6.7333
1 1 121.667 11 0 -1 4 0 0 0 99 0 0 4.5333
1 1 121.667 12 0 -1 4 0 0 0 99 0 0 3.9833
1 2 121.667 1 0 -1 4 0 0 0 99 0 0 7.2833
1 2 121.667 2 0 -1 4 0 0 0 99 0 0 17.1833
1 2 121.667 3 0 -1 4 0 0 0 99 0 0 19.9333
1 2 121.667 4 0 -1 4 0 0 0 99 0 0 11.1333
1 2 121.667 4 0 -1 4 0 0 0 99 0 0 2.8833
1 2 121.667 5 0 -1 4 0 0 0 99 0 0 17.7333
1 2 121.667 6 0 -1 4 0 0 0 99 0 0 4.5333
t 1 121.667 -3 1 1 0 0 0 0 -2
_00Quinto
1 1 121.667 10 0 0 4 0 0 -2
1 2 121.667 6 0 0 4 0 0 -2
1 2 121.667 103 0 1 4 0 0 -1.66
1 1 170 4 0 -1 4 0 0 0 99 0 0 4.18593
1 1 170 6 0 -1 4 0 0 0 99 0 0 12.5228
1 1 170 7 0 -1 4 0 0 0 99 0 0 11.5965
1 1 170 8 0 -1 4 0 0 0 99 0 0 13.4491
1 1 170 9 0 -1 4 0 0 0 99 0 0 7.89119
1 1 170 10 0 -1 4 0 0 0 99 0 0 19.9333
1 1 170 11 0 -1 4 0 0 0 99 0 0 17.1544
1 1 170 12 0 -1 4 0 0 0 99 0 0 6.96488
1 2 170 1 0 -1 4 0 0 0 99 0 0 17.1544
1 2 170 2 0 -1 4 0 0 0 99 0 0 6.96488
t 1 170 -3 1 1 0 0 0 0 -2
_00Basso
1 1 170 4 0 0 4 0 0 -2
1 2 170 2 0 0 4 0 0 -2
1 1 170 110 0 1 4 0 0 -1.66
