#define SVG t 1 1 \n_99%svg%
t 2 10 14 1 1 0 0 0 0 -1.35
_00
8 1 0 0 0 200
8 2 0 -6 0 200
14 1 0 2
14 1 200 2
14 1 0 2 8
3 2 2
3 1 2 0 1
1 2 25 1 0 -1 4 0 0 0 99 0 0 2.6533
1 2 25 2 0 -1 4 0 0 0 99 0 0 2.9733
1 2 25 3 0 -1 4 0 0 0 99 0 0 4.8933
1 2 25 4 0 -1 4 0 0 0 99 0 0 10.9733
1 2 25 4 0 -1 4 0 0 0 99 0 0 2.9733
1 2 25 5 0 -1 4 0 0 0 99 0 0 17.3733
1 2 25 6 0 -1 4 0 0 0 99 0 0 19.6133
1 2 25 7 0 -1 4 0 0 0 99 0 0 11.9333
1 2 25 7 0 -1 4 0 0 0 99 0 0 4.2533
1 2 25 8 0 -1 4 0 0 0 99 0 0 19.9333
1 2 25 9 0 -1 4 0 0 0 99 0 0 5.8533
1 2 25 10 0 -1 4 0 0 0 99 0 0 2.6533
t 1 25 -3 1 1 0 0 0 0 -2
_00Canto
1 2 25 1 0 0 4 0 0 -2
1 2 25 10 0 0 4 0 0 -2
1 2 25 106 0 1 4 0 0 -1.66
1 1 61.25 9 0 -1 4 0 0 0 99 0 0 4.2533
1 1 61.25 10 0 -1 4 0 0 0 99 0 0 2.9733
1 1 61.25 11 0 -1 4 0 0 0 99 0 0 6.8133
1 1 61.25 12 0 -1 4 0 0 0 99 0 0 6.4933
1 1 61.25 12 0 -1 4 0 0 0 99 0 0 3.6133
1 2 61.25 1 0 -1 4 0 0 0 99 0 0 17.3733
1 2 61.25 2 0 -1 4 0 0 0 99 0 0 12.5733
1 2 61.25 3 0 -1 4 0 0 0 99 0 0 2.9733
1 2 61.25 3 0 -1 4 0 0 0 99 0 0 18.9733
1 2 61.25 4 0 -1 4 0 0 0 99 0 0 19.9333
1 2 61.25 4 0 -1 4 0 0 0 99 0 0 2.9733
1 2 61.25 5 0 -1 4 0 0 0 99 0 0 14.4933
1 2 61.25 6 0 -1 4 0 0 0 99 0 0 7.1333
t 1 61.25 -3 1 1 0 0 0 0 -2
_00Alto
1 1 61.25 9 0 0 4 0 0 -2
1 2 61.25 6 0 0 4 0 0 -2
1 2 61.25 103 0 1 4 0 0 -1.66
1 1 97.5 9 0 -1 4 0 0 0 99 0 0 4.02561
1 1 97.5 10 0 -1 4 0 0 0 99 0 0 3.34868
1 1 97.5 11 0 -1 4 0 0 0 99 0 0 5.04099
1 1 97.5 12 0 -1 4 0 0 0 99 0 0 4.36407
1 2 97.5 1 0 -1 4 0 0 0 99 0 0 17.9025
1 2 97.5 1 0 -1 4 0 0 0 99 0 0 3.68715
1 2 97.5 2 0 -1 4 0 0 0 99 0 0 18.241
1 2 97.5 3 0 -1 4 0 0 0 99 0 0 2.67176
1 2 97.5 3 0 -1 4 0 0 0 99 0 0 18.5795
1 2 97.5 4 0 -1 4 0 0 0 99 0 0 19.9333
1 2 97.5 4 0 -1 4 0 0 0 99 0 0 2.67176
1 2 97.5 5 0 -1 4 0 0 0 99 0 0 10.7948
1 2 97.5 6 0 -1 4 0 0 0 99 0 0 6.7333
t 1 97.5 -3 1 1 0 0 0 0 -2
_00Quinto
1 1 97.5 9 0 0 4 0 0 -2
1 2 97.5 6 0 0 4 0 0 -2
1 2 97.5 103 0 1 4 0 0 -1.66
1 1 133.75 5 0 -1 4 0 0 0 99 0 0 2.70777
1 1 133.75 6 0 -1 4 0 0 0 99 0 0 2.70777
1 1 133.75 7 0 -1 4 0 0 0 99 0 0 3.08224
1 1 133.75 8 0 -1 4 0 0 0 99 0 0 4.58011
1 1 133.75 9 0 -1 4 0 0 0 99 0 0 13.5673
1 1 133.75 10 0 -1 4 0 0 0 99 0 0 10.1971
1 1 133.75 11 0 -1 4 0 0 0 99 0 0 15.8142
1 1 133.75 12 0 -1 4 0 0 0 99 0 0 10.5716
1 1 133.75 12 0 -1 4 0 0 0 99 0 0 5.70351
1 2 133.75 1 0 -1 4 0 0 0 99 0 0 19.9333
1 2 133.75 1 0 -1 4 0 0 0 99 0 0 3.83117
1 2 133.75 2 0 -1 4 0 0 0 99 0 0 9.44819
1 2 133.75 3 0 -1 4 0 0 0 99 0 0 7.20139
1 2 133.75 4 0 -1 4 0 0 0 99 0 0 5.70351
t 1 133.75 -3 1 1 0 0 0 0 -2
_00Tenore
1 1 133.75 5 0 0 4 0 0 -2
1 2 133.75 4 0 0 4 0 0 -2
1 1 133.75 112 0 1 4 0 0 -1.66
1 1 170 2 0 -1 4 0 0 0 99 0 0 7.79537
1 1 170 3 0 -1 4 0 0 0 99 0 0 3.54709
1 1 170 4 0 -1 4 0 0 0 99 0 0 6.58158
1 1 170 5 0 -1 4 0 0 0 99 0 0 9.61606
1 1 170 6 0 -1 4 0 0 0 99 0 0 19.9333
1 1 170 7 0 -1 4 0 0 0 99 0 0 13.2574
1 1 170 8 0 -1 4 0 0 0 99 0 0 3.54709
1 1 170 8 0 -1 4 0 0 0 99 0 0 8.40227
1 1 170 9 0 -1 4 0 0 0 99 0 0 19.3264
1 1 170 10 0 -1 4 0 0 0 99 0 0 13.8643
1 1 170 11 0 -1 4 0 0 0 99 0 0 9.61606
1 1 170 12 0 -1 4 0 0 0 99 0 0 5.36778
1 2 170 1 0 -1 4 0 0 0 99 0 0 3.54709
t 1 170 -3 1 1 0 0 0 0 -2
_00Basso
1 1 170 2 0 0 4 0 0 -2
1 2 170 1 0 0 4 0 0 -2
1 1 170 108 0 1 4 0 0 -1.66
