#define SVG t 1 1 \n_99%svg%
t 2 10 14 1 1 0 0 0 0 -1.35
_00
8 1 0 0 0 200
8 2 0 -6 0 200
14 1 0 2
14 1 200 2
14 1 0 2 8
3 2 2
3 1 2 0 1
1 2 25 1 0 -1 4 0 0 0 99 0 0 4.78911
1 2 25 2 0 -1 4 0 0 0 99 0 0 4.37981
1 2 25 3 0 -1 4 0 0 0 99 0 0 9.29144
1 2 25 4 0 -1 4 0 0 0 99 0 0 5.60772
1 2 25 4 0 -1 4 0 0 0 99 0 0 5.19842
1 2 25 5 0 -1 4 0 0 0 99 0 0 11.7473
1 2 25 6 0 -1 4 0 0 0 99 0 0 4.37981
1 2 25 6 0 -1 4 0 0 0 99 0 0 17.8868
1 2 25 7 0 -1 4 0 0 0 99 0 0 3.1519
1 2 25 7 0 -1 4 0 0 0 99 0 0 19.9333
1 2 25 8 0 -1 4 0 0 0 99 0 0 15.0217
1 2 25 8 0 -1 4 0 0 0 99 0 0 4.37981
1 2 25 9 0 -1 4 0 0 0 99 0 0 9.70074
1 2 25 10 0 -1 4 0 0 0 99 0 0 13.7938
t 1 25 -3 1 1 0 0 0 0 -2
_00Canto
1 2 25 1 0 0 4 0 0 -2
1 2 25 10 0 0 4 0 0 -2
1 2 25 107 0 1 4 0 0 -1.66
1 1 54 8 0 -1 4 0 0 0 99 0 0 2.62663
1 1 54 10 0 -1 4 0 0 0 99 0 0 3.50663
1 1 54 11 0 -1 4 0 0 0 99 0 0 2.91997
1 1 54 11 0 -1 4 0 0 0 99 0 0 5.26663
1 1 54 12 0 -1 4 0 0 0 99 0 0 6.14663
1 2 54 1 0 -1 4 0 0 0 99 0 0 8.19997
1 2 54 1 0 -1 4 0 0 0 99 0 0 2.91997
1 2 54 2 0 -1 4 0 0 0 99 0 0 11.4266
1 2 54 3 0 -1 4 0 0 0 99 0 0 19.9333
1 2 54 4 0 -1 4 0 0 0 99 0 0 7.31997
1 2 54 4 0 -1 4 0 0 0 99 0 0 5.26663
1 2 54 5 0 -1 4 0 0 0 99 0 0 12.3066
1 2 54 6 0 -1 4 0 0 0 99 0 0 4.0933
1 2 54 6 0 -1 4 0 0 0 99 0 0 9.66663
t 1 54 -3 1 1 0 0 0 0 -2
_00Alto
1 1 54 8 0 0 4 0 0 -2
1 2 54 6 0 0 4 0 0 -2
1 2 54 103 0 1 4 0 0 -1.66
1 1 83 10 0 -1 4 0 0 0 99 0 0 5.01156
1 1 83 11 0 -1 4 0 0 0 99 0 0 5.39417
1 1 83 12 0 -1 4 0 0 0 99 0 0 6.542
1 2 83 1 0 -1 4 0 0 0 99 0 0 8.83765
1 2 83 1 0 -1 4 0 0 0 99 0 0 3.09852
1 2 83 2 0 -1 4 0 0 0 99 0 0 9.98547
1 2 83 3 0 -1 4 0 0 0 99 0 0 3.09852
1 2 83 3 0 -1 4 0 0 0 99 0 0 19.9333
1 2 83 4 0 -1 4 0 0 0 99 0 0 8.45504
1 2 83 4 0 -1 4 0 0 0 99 0 0 6.542
1 2 83 5 0 -1 4 0 0 0 99 0 0 11.5159
1 2 83 6 0 -1 4 0 0 0 99 0 0 2.71591
1 2 83 6 0 -1 4 0 0 0 99 0 0 8.07243
t 1 83 -3 1 1 0 0 0 0 -2
_00Quinto
1 1 83 10 0 0 4 0 0 -2
1 2 83 6 0 0 4 0 0 -2
1 2 83 103 0 1 4 0 0 -1.66
1 1 112 6 0 -1 4 0 0 0 99 0 0 3.1519
1 1 112 7 0 -1 4 0 0 0 99 0 0 3.1519
1 1 112 8 0 -1 4 0 0 0 99 0 0 8.06353
1 1 112 9 0 -1 4 0 0 0 99 0 0 5.60772
1 1 112 9 0 -1 4 0 0 0 99 0 0 3.1519
1 1 112 10 0 -1 4 0 0 0 99 0 0 8.47283
1 1 112 11 0 -1 4 0 0 0 99 0 0 6.42632
1 1 112 11 0 -1 4 0 0 0 99 0 0 17.8868
1 1 112 12 0 -1 4 0 0 0 99 0 0 3.1519
1 1 112 12 0 -1 4 0 0 0 99 0 0 19.9333
1 2 112 1 0 -1 4 0 0 0 99 0 0 14.6124
1 2 112 1 0 -1 4 0 0 0 99 0 0 3.56121
1 2 112 2 0 -1 4 0 0 0 99 0 0 13.3845
1 2 112 3 0 -1 4 0 0 0 99 0 0 11.338
1 2 112 4 0 -1 4 0 0 0 99 0 0 4.37981
1 2 112 5 0 -1 4 0 0 0 99 0 0 2.7426
t 1 112 -3 1 1 0 0 0 0 -2
_00Tenore
1 1 112 6 0 0 4 0 0 -2
1 2 112 5 0 0 4 0 0 -2
1 1 112 112 0 1 4 0 0 -1.66
1 1 141 6 0 -1 4 0 0 0 99 0 0 3.01022
1 1 141 7 0 -1 4 0 0 0 99 0 0 4.02561
1 1 141 8 0 -1 4 0 0 0 99 0 0 4.36407
1 1 141 9 0 -1 4 0 0 0 99 0 0 4.02561
1 1 141 9 0 -1 4 0 0 0 99 0 0 4.36407
1 1 141 10 0 -1 4 0 0 0 99 0 0 7.74868
1 1 141 11 0 -1 4 0 0 0 99 0 0 5.71792
1 1 141 11 0 -1 4 0 0 0 99 0 0 15.5333
1 1 141 12 0 -1 4 0 0 0 99 0 0 3.34868
1 1 141 12 0 -1 4 0 0 0 99 0 0 15.1948
1 2 141 1 0 -1 4 0 0 0 99 0 0 19.9333
1 2 141 1 0 -1 4 0 0 0 99 0 0 3.68715
1 2 141 2 0 -1 4 0 0 0 99 0 0 12.8256
1 2 141 3 0 -1 4 0 0 0 99 0 0 8.08715
1 2 141 4 0 -1 4 0 0 0 99 0 0 3.68715
1 2 141 5 0 -1 4 0 0 0 99 0 0 2.67176
t 1 141 -3 1 1 0 0 0 0 -2
_00Sesto
1 1 141 6 0 0 4 0 0 -2
1 2 141 5 0 0 4 0 0 -2
1 1 141 112 0 1 4 0 0 -1.66
1 1 170 2 0 -1 4 0 0 0 99 0 0 3.1519
1 1 170 3 0 -1 4 0 0 0 99 0 0 6.83563
1 1 170 4 0 -1 4 0 0 0 99 0 0 10.5193
1 1 170 5 0 -1 4 0 0 0 99 0 0 2.7426
1 1 170 5 0 -1 4 0 0 0 99 0 0 5.19842
1 1 170 6 0 -1 4 0 0 0 99 0 0 12.5659
1 1 170 6 0 -1 4 0 0 0 99 0 0 2.7426
1 1 170 7 0 -1 4 0 0 0 99 0 0 15.8403
1 1 170 8 0 -1 4 0 0 0 99 0 0 19.9333
1 1 170 9 0 -1 4 0 0 0 99 0 0 9.70074
1 1 170 9 0 -1 4 0 0 0 99 0 0 3.1519
1 1 170 10 0 -1 4 0 0 0 99 0 0 13.7938
1 1 170 11 0 -1 4 0 0 0 99 0 0 11.7473
1 1 170 12 0 -1 4 0 0 0 99 0 0 2.7426
1 2 170 1 0 -1 4 0 0 0 99 0 0 2.7426
t 1 170 -3 1 1 0 0 0 0 -2
_00Basso
1 1 170 2 0 0 4 0 0 -2
1 2 170 1 0 0 4 0 0 -2
1 1 170 108 0 1 4 0 0 -1.66
