#define SVG t 1 1 \n_99%svg%
t 2 10 14 1 1 0 0 0 0 -1.35
_00
8 1 0 0 0 200
8 2 0 -6 0 200
14 1 0 2
14 1 200 2
14 1 0 2 8
3 2 2
3 1 2 0 1
1 2 25 1 0 -1 4 0 0 0 99 0 0 2.54036
1 2 25 2 0 -1 4 0 0 0 99 0 0 2.95448
1 2 25 3 0 -1 4 0 0 0 99 0 0 3.16154
1 2 25 4 0 -1 4 0 0 0 99 0 0 4.19683
1 2 25 5 0 -1 4 0 0 0 99 0 0 5.02506
1 2 25 6 0 -1 4 0 0 0 99 0 0 8.95918
1 2 25 7 0 -1 4 0 0 0 99 0 0 7.50977
1 2 25 7 0 -1 4 0 0 0 99 0 0 3.16154
1 2 25 8 0 -1 4 0 0 0 99 0 0 19.9333
1 2 25 8 0 -1 4 0 0 0 99 0 0 2.54036
1 2 25 9 0 -1 4 0 0 0 99 0 0 13.7215
1 2 25 10 0 -1 4 0 0 0 99 0 0 2.54036
1 2 25 10 0 -1 4 0 0 0 99 0 0 12.8933
1 2 25 11 0 -1 4 0 0 0 99 0 0 8.54506
1 2 25 12 0 -1 4 0 0 0 99 0 0 4.19683
t 1 25 -3 1 1 0 0 0 0 -2
_00Canto
1 2 25 1 0 0 4 0 0 -2
1 2 25 12 0 0 4 0 0 -2
1 2 25 108 0 1 4 0 0 -1.66
1 1 61.25 11 0 -1 4 0 0 0 99 0 0 2.54036
1 1 61.25 12 0 -1 4 0 0 0 99 0 0 2.74742
1 1 61.25 12 0 -1 4 0 0 0 99 0 0 3.16154
1 2 61.25 1 0 -1 4 0 0 0 99 0 0 6.47448
1 2 61.25 2 0 -1 4 0 0 0 99 0 0 4.40389
1 2 61.25 3 0 -1 4 0 0 0 99 0 0 2.54036
1 2 61.25 3 0 -1 4 0 0 0 99 0 0 5.64624
1 2 61.25 4 0 -1 4 0 0 0 99 0 0 13.1004
1 2 61.25 4 0 -1 4 0 0 0 99 0 0 2.74742
1 2 61.25 5 0 -1 4 0 0 0 99 0 0 16.6204
1 2 61.25 6 0 -1 4 0 0 0 99 0 0 19.9333
1 2 61.25 7 0 -1 4 0 0 0 99 0 0 9.78742
1 2 61.25 7 0 -1 4 0 0 0 99 0 0 3.36859
1 2 61.25 8 0 -1 4 0 0 0 99 0 0 14.9639
1 2 61.25 9 0 -1 4 0 0 0 99 0 0 2.54036
t 1 61.25 -3 1 1 0 0 0 0 -2
_00Alto
1 1 61.25 11 0 0 4 0 0 -2
1 2 61.25 9 0 0 4 0 0 -2
1 2 61.25 106 0 1 4 0 0 -1.66
1 1 97.5 9 0 -1 4 0 0 0 99 0 0 4.7333
1 1 97.5 10 0 -1 4 0 0 0 99 0 0 7.5333
1 1 97.5 11 0 -1 4 0 0 0 99 0 0 7.1333
1 1 97.5 12 0 -1 4 0 0 0 99 0 0 6.5333
1 1 97.5 12 0 -1 4 0 0 0 99 0 0 2.7333
1 2 97.5 1 0 -1 4 0 0 0 99 0 0 19.9333
1 2 97.5 2 0 -1 4 0 0 0 99 0 0 11.3333
1 2 97.5 3 0 -1 4 0 0 0 99 0 0 3.1333
1 2 97.5 3 0 -1 4 0 0 0 99 0 0 6.5333
1 2 97.5 4 0 -1 4 0 0 0 99 0 0 12.7333
1 2 97.5 5 0 -1 4 0 0 0 99 0 0 8.7333
1 2 97.5 6 0 -1 4 0 0 0 99 0 0 4.1333
t 1 97.5 -3 1 1 0 0 0 0 -2
_00Quinto
1 1 97.5 9 0 0 4 0 0 -2
1 2 97.5 6 0 0 4 0 0 -2
1 2 97.5 101 0 1 4 0 0 -1.66
1 1 133.75 9 0 -1 4 0 0 0 99 0 0 5.04099
1 1 133.75 10 0 -1 4 0 0 0 99 0 0 6.93638
1 1 133.75 11 0 -1 4 0 0 0 99 0 0 5.31176
1 1 133.75 12 0 -1 4 0 0 0 99 0 0 7.20715
1 1 133.75 12 0 -1 4 0 0 0 99 0 0 2.60407
1 2 133.75 1 0 -1 4 0 0 0 99 0 0 18.5795
1 2 133.75 1 0 -1 4 0 0 0 99 0 0 2.60407
1 2 133.75 2 0 -1 4 0 0 0 99 0 0 14.2471
1 2 133.75 3 0 -1 4 0 0 0 99 0 0 2.60407
1 2 133.75 3 0 -1 4 0 0 0 99 0 0 12.6225
1 2 133.75 4 0 -1 4 0 0 0 99 0 0 19.9333
1 2 133.75 5 0 -1 4 0 0 0 99 0 0 11.8102
1 2 133.75 6 0 -1 4 0 0 0 99 0 0 5.8533
t 1 133.75 -3 1 1 0 0 0 0 -2
_00Tenore
1 1 133.75 9 0 0 4 0 0 -2
1 2 133.75 6 0 0 4 0 0 -2
1 2 133.75 102 0 1 4 0 0 -1.66
1 1 170 5 0 -1 4 0 0 0 99 0 0 7.22219
1 1 170 6 0 -1 4 0 0 0 99 0 0 13.0889
1 1 170 7 0 -1 4 0 0 0 99 0 0 7.71108
1 1 170 8 0 -1 4 0 0 0 99 0 0 2.82219
1 1 170 8 0 -1 4 0 0 0 99 0 0 3.79997
1 1 170 9 0 -1 4 0 0 0 99 0 0 19.9333
1 1 170 10 0 -1 4 0 0 0 99 0 0 8.9333
1 1 170 11 0 -1 4 0 0 0 99 0 0 6.24441
1 1 170 12 0 -1 4 0 0 0 99 0 0 6.24441
1 1 170 12 0 -1 4 0 0 0 99 0 0 3.31108
1 2 170 1 0 -1 4 0 0 0 99 0 0 11.3777
1 2 170 2 0 -1 4 0 0 0 99 0 0 4.77774
t 1 170 -3 1 1 0 0 0 0 -2
_00Basso
1 1 170 5 0 0 4 0 0 -2
1 2 170 2 0 0 4 0 0 -2
1 1 170 109 0 1 4 0 0 -1.66
