#define SVG t 1 1 \n_99%svg%
t 2 10 14 1 1 0 0 0 0 -1.35
_00
8 1 0 0 0 200
8 2 0 -6 0 200
14 1 0 2
14 1 200 2
14 1 0 2 8
3 2 2
3 1 2 0 1
1 2 25 4 0 -1 4 0 0 0 99 0 0 2.61717
1 2 25 5 0 -1 4 0 0 0 99 0 0 8.86233
1 2 25 6 0 -1 4 0 0 0 99 0 0 11.701
1 2 25 7 0 -1 4 0 0 0 99 0 0 10.5656
1 2 25 7 0 -1 4 0 0 0 99 0 0 4.3204
1 2 25 8 0 -1 4 0 0 0 99 0 0 17.0946
1 2 25 8 0 -1 4 0 0 0 99 0 0 2.61717
1 2 25 9 0 -1 4 0 0 0 99 0 0 19.9333
1 2 25 10 0 -1 4 0 0 0 99 0 0 2.61717
1 2 25 10 0 -1 4 0 0 0 99 0 0 8.29459
1 2 25 11 0 -1 4 0 0 0 99 0 0 6.87524
1 2 25 11 0 -1 4 0 0 0 99 0 0 2.61717
1 2 25 12 0 -1 4 0 0 0 99 0 0 4.3204
t 1 25 -3 1 1 0 0 0 0 -2
_00Canto
1 2 25 4 0 0 4 0 0 -2
1 2 25 12 0 0 4 0 0 -2
1 2 25 108 0 1 4 0 0 -1.66
1 2 97.5 1 0 -1 4 0 0 0 99 0 0 2.8833
1 2 97.5 2 0 -1 4 0 0 0 99 0 0 8.3833
1 2 97.5 3 0 -1 4 0 0 0 99 0 0 9.7583
1 2 97.5 4 0 -1 4 0 0 0 99 0 0 12.7833
1 2 97.5 4 0 -1 4 0 0 0 99 0 0 5.9083
1 2 97.5 5 0 -1 4 0 0 0 99 0 0 19.9333
1 2 97.5 6 0 -1 4 0 0 0 99 0 0 14.4333
1 2 97.5 7 0 -1 4 0 0 0 99 0 0 10.0333
1 2 97.5 7 0 -1 4 0 0 0 99 0 0 4.2583
1 2 97.5 8 0 -1 4 0 0 0 99 0 0 8.3833
1 2 97.5 9 0 -1 4 0 0 0 99 0 0 3.4333
1 2 97.5 10 0 -1 4 0 0 0 99 0 0 2.6083
t 1 97.5 -3 1 1 0 0 0 0 -2
_00Tenore
1 2 97.5 1 0 0 4 0 0 -2
1 2 97.5 10 0 0 4 0 0 -2
1 2 97.5 105 0 1 4 0 0 -1.66
1 1 170 9 0 -1 4 0 0 0 99 0 0 3.2133
1 1 170 9 0 -1 4 0 0 0 99 0 0 2.7733
1 1 170 10 0 -1 4 0 0 0 99 0 0 11.5733
1 1 170 11 0 -1 4 0 0 0 99 0 0 11.1333
1 1 170 12 0 -1 4 0 0 0 99 0 0 15.9733
1 1 170 12 0 -1 4 0 0 0 99 0 0 2.7733
1 2 170 1 0 -1 4 0 0 0 99 0 0 19.4933
1 2 170 1 0 -1 4 0 0 0 99 0 0 2.7733
1 2 170 2 0 -1 4 0 0 0 99 0 0 19.9333
1 2 170 3 0 -1 4 0 0 0 99 0 0 4.9733
1 2 170 3 0 -1 4 0 0 0 99 0 0 7.6133
1 2 170 4 0 -1 4 0 0 0 99 0 0 9.8133
1 2 170 4 0 -1 4 0 0 0 99 0 0 3.2133
1 2 170 5 0 -1 4 0 0 0 99 0 0 8.9333
1 2 170 6 0 -1 4 0 0 0 99 0 0 2.7733
t 1 170 -3 1 1 0 0 0 0 -2
_00Basso
1 1 170 9 0 0 4 0 0 -2
1 2 170 6 0 0 4 0 0 -2
1 2 170 101 0 1 4 0 0 -1.66
