#define SVG t 1 1 \n_99%svg%
t 2 10 14 1 1 0 0 0 0 -1.35
_00
8 1 0 0 0 200
8 2 0 -6 0 200
14 1 0 2
14 1 200 2
14 1 0 2 8
3 2 2
3 1 2 0 1
1 2 25 4 0 -1 4 0 0 0 99 0 0 3.6211
1 2 25 5 0 -1 4 0 0 0 99 0 0 10.4894
1 2 25 6 0 -1 4 0 0 0 99 0 0 11.7772
1 2 25 7 0 -1 4 0 0 0 99 0 0 15.6406
1 2 25 8 0 -1 4 0 0 0 99 0 0 11.7772
1 2 25 8 0 -1 4 0 0 0 99 0 0 8.34306
1 2 25 9 0 -1 4 0 0 0 99 0 0 19.9333
1 2 25 10 0 -1 4 0 0 0 99 0 0 5.76745
1 2 25 11 0 -1 4 0 0 0 99 0 0 4.90891
1 2 25 12 0 -1 4 0 0 0 99 0 0 6.19671
t 1 25 -3 1 1 0 0 0 0 -2
_00Canto
1 2 25 4 0 0 4 0 0 -2
1 2 25 12 0 0 4 0 0 -2
1 2 25 108 0 1 4 0 0 -1.66
1 2 97.5 1 0 -1 4 0 0 0 99 0 0 4.58971
1 2 97.5 2 0 -1 4 0 0 0 99 0 0 9.10253
1 2 97.5 3 0 -1 4 0 0 0 99 0 0 15.8718
1 2 97.5 4 0 -1 4 0 0 0 99 0 0 10.4564
1 2 97.5 4 0 -1 4 0 0 0 99 0 0 13.1641
1 2 97.5 5 0 -1 4 0 0 0 99 0 0 19.9333
1 2 97.5 6 0 -1 4 0 0 0 99 0 0 8.65125
1 2 97.5 7 0 -1 4 0 0 0 99 0 0 2.78458
1 2 97.5 7 0 -1 4 0 0 0 99 0 0 10.4564
1 2 97.5 8 0 -1 4 0 0 0 99 0 0 5.94356
t 1 97.5 -3 1 1 0 0 0 0 -2
_00Tenore
1 2 97.5 1 0 0 4 0 0 -2
1 2 97.5 8 0 0 4 0 0 -2
1 2 97.5 104 0 1 4 0 0 -1.66
1 1 170 10 0 -1 4 0 0 0 99 0 0 19.9333
1 1 170 11 0 -1 4 0 0 0 99 0 0 17.3451
1 1 170 12 0 -1 4 0 0 0 99 0 0 11.1333
1 2 170 1 0 -1 4 0 0 0 99 0 0 11.1333
1 2 170 1 0 -1 4 0 0 0 99 0 0 3.36859
1 2 170 2 0 -1 4 0 0 0 99 0 0 17.8627
1 2 170 3 0 -1 4 0 0 0 99 0 0 9.06271
1 2 170 4 0 -1 4 0 0 0 99 0 0 4.92154
1 2 170 5 0 -1 4 0 0 0 99 0 0 7.50977
t 1 170 -3 1 1 0 0 0 0 -2
_00Basso
1 1 170 10 0 0 4 0 0 -2
1 2 170 5 0 0 4 0 0 -2
1 1 170 112 0 1 4 0 0 -1.66
