#define SVG t 1 1 \n_99%svg%
t 2 10 14 1 1 0 0 0 0 -1.35
_00
8 1 0 0 0 200
8 2 0 -6 0 200
14 1 0 2
14 1 200 2
14 1 0 2 8
3 2 2
3 1 2 0 1
1 2 25 5 0 -1 4 0 0 0 99 0 0 3.34868
1 2 25 6 0 -1 4 0 0 0 99 0 0 5.37945
1 2 25 7 0 -1 4 0 0 0 99 0 0 12.1487
1 2 25 8 0 -1 4 0 0 0 99 0 0 16.5487
1 2 25 8 0 -1 4 0 0 0 99 0 0 3.01022
1 2 25 9 0 -1 4 0 0 0 99 0 0 17.5641
1 2 25 10 0 -1 4 0 0 0 99 0 0 19.9333
1 2 25 11 0 -1 4 0 0 0 99 0 0 8.42561
1 2 25 12 0 -1 4 0 0 0 99 0 0 9.10253
1 2 25 13 0 -1 4 0 0 0 99 0 0 2.67176
t 1 25 -3 1 1 0 0 0 0 -2
_00Canto
1 2 25 5 0 0 4 0 0 -2
1 2 25 13 0 0 4 0 0 -2
1 2 25 109 0 1 4 0 0 -1.66
1 2 61.25 1 0 -1 4 0 0 0 99 0 0 2.64759
1 2 61.25 3 0 -1 4 0 0 0 99 0 0 3.27616
1 2 61.25 4 0 -1 4 0 0 0 99 0 0 3.27616
1 2 61.25 4 0 -1 4 0 0 0 99 0 0 2.96187
1 2 61.25 5 0 -1 4 0 0 0 99 0 0 15.8476
1 2 61.25 6 0 -1 4 0 0 0 99 0 0 3.59044
1 2 61.25 6 0 -1 4 0 0 0 99 0 0 15.219
1 2 61.25 7 0 -1 4 0 0 0 99 0 0 19.3047
1 2 61.25 8 0 -1 4 0 0 0 99 0 0 19.9333
1 2 61.25 9 0 -1 4 0 0 0 99 0 0 6.41901
1 2 61.25 10 0 -1 4 0 0 0 99 0 0 3.59044
t 1 61.25 -3 1 1 0 0 0 0 -2
_00Alto
1 2 61.25 1 0 0 4 0 0 -2
1 2 61.25 10 0 0 4 0 0 -2
1 2 61.25 107 0 1 4 0 0 -1.66
1 1 97.5 9 0 -1 4 0 0 0 99 0 0 2.7333
1 1 97.5 10 0 -1 4 0 0 0 99 0 0 6.7333
1 1 97.5 11 0 -1 4 0 0 0 99 0 0 4.3333
1 1 97.5 12 0 -1 4 0 0 0 99 0 0 4.7333
1 2 97.5 1 0 -1 4 0 0 0 99 0 0 11.5333
1 2 97.5 2 0 -1 4 0 0 0 99 0 0 13.5333
1 2 97.5 3 0 -1 4 0 0 0 99 0 0 18.7333
1 2 97.5 4 0 -1 4 0 0 0 99 0 0 10.7333
1 2 97.5 4 0 -1 4 0 0 0 99 0 0 4.7333
1 2 97.5 5 0 -1 4 0 0 0 99 0 0 19.9333
1 2 97.5 6 0 -1 4 0 0 0 99 0 0 5.1333
t 1 97.5 -3 1 1 0 0 0 0 -2
_00Tenore
1 1 97.5 9 0 0 4 0 0 -2
1 2 97.5 6 0 0 4 0 0 -2
1 2 97.5 103 0 1 4 0 0 -1.66
1 1 133.75 10 0 -1 4 0 0 0 99 0 0 8.04141
1 1 133.75 11 0 -1 4 0 0 0 99 0 0 8.99276
1 1 133.75 12 0 -1 4 0 0 0 99 0 0 8.04141
1 2 133.75 1 0 -1 4 0 0 0 99 0 0 18.0306
1 2 133.75 2 0 -1 4 0 0 0 99 0 0 16.6036
1 2 133.75 3 0 -1 4 0 0 0 99 0 0 19.9333
1 2 133.75 4 0 -1 4 0 0 0 99 0 0 10.4198
1 2 133.75 4 0 -1 4 0 0 0 99 0 0 3.28465
1 2 133.75 5 0 -1 4 0 0 0 99 0 0 12.7982
1 2 133.75 6 0 -1 4 0 0 0 99 0 0 4.236
t 1 133.75 -3 1 1 0 0 0 0 -2
_00Quinto
1 1 133.75 10 0 0 4 0 0 -2
1 2 133.75 6 0 0 4 0 0 -2
1 2 133.75 102 0 1 4 0 0 -1.66
1 1 170 4 0 -1 4 0 0 0 99 0 0 2.79646
1 1 170 6 0 -1 4 0 0 0 99 0 0 15.7649
1 1 170 7 0 -1 4 0 0 0 99 0 0 6.03856
1 1 170 8 0 -1 4 0 0 0 99 0 0 9.74383
1 1 170 9 0 -1 4 0 0 0 99 0 0 10.6701
1 1 170 10 0 -1 4 0 0 0 99 0 0 19.9333
1 1 170 11 0 -1 4 0 0 0 99 0 0 12.0596
1 1 170 12 0 -1 4 0 0 0 99 0 0 9.28067
1 2 170 1 0 -1 4 0 0 0 99 0 0 12.0596
1 2 170 2 0 -1 4 0 0 0 99 0 0 3.72277
t 1 170 -3 1 1 0 0 0 0 -2
_00Basso
1 1 170 4 0 0 4 0 0 -2
1 2 170 2 0 0 4 0 0 -2
1 1 170 110 0 1 4 0 0 -1.66
