#define SVG t 1 1 \n_99%svg%
t 2 10 14 1 1 0 0 0 0 -1.35
_00
8 1 0 0 0 200
8 2 0 -6 0 200
14 1 0 2
14 1 200 2
14 1 0 2 8
3 2 2
3 1 2 0 1
1 2 25 4 0 -1 4 0 0 0 99 0 0 4.13843
1 2 25 5 0 -1 4 0 0 0 99 0 0 9.55381
1 2 25 6 0 -1 4 0 0 0 99 0 0 10.4564
1 2 25 7 0 -1 4 0 0 0 99 0 0 16.323
1 2 25 7 0 -1 4 0 0 0 99 0 0 4.13843
1 2 25 8 0 -1 4 0 0 0 99 0 0 13.6154
1 2 25 8 0 -1 4 0 0 0 99 0 0 3.23586
1 2 25 9 0 -1 4 0 0 0 99 0 0 19.9333
1 2 25 10 0 -1 4 0 0 0 99 0 0 3.68715
1 2 25 10 0 -1 4 0 0 0 99 0 0 6.84612
1 2 25 11 0 -1 4 0 0 0 99 0 0 7.74868
1 2 25 11 0 -1 4 0 0 0 99 0 0 2.78458
1 2 25 12 0 -1 4 0 0 0 99 0 0 3.23586
t 1 25 -3 1 1 0 0 0 0 -2
_00Canto
1 2 25 4 0 0 4 0 0 -2
1 2 25 12 0 0 4 0 0 -2
1 2 25 108 0 1 4 0 0 -1.66
1 2 61.25 4 0 -1 4 0 0 0 99 0 0 2.78458
1 2 61.25 5 0 -1 4 0 0 0 99 0 0 5.04099
1 2 61.25 6 0 -1 4 0 0 0 99 0 0 6.84612
1 2 61.25 7 0 -1 4 0 0 0 99 0 0 9.55381
1 2 61.25 7 0 -1 4 0 0 0 99 0 0 2.78458
1 2 61.25 8 0 -1 4 0 0 0 99 0 0 10.4564
1 2 61.25 8 0 -1 4 0 0 0 99 0 0 2.78458
1 2 61.25 9 0 -1 4 0 0 0 99 0 0 19.9333
1 2 61.25 10 0 -1 4 0 0 0 99 0 0 4.58971
1 2 61.25 10 0 -1 4 0 0 0 99 0 0 10.0051
1 2 61.25 11 0 -1 4 0 0 0 99 0 0 10.4564
1 2 61.25 11 0 -1 4 0 0 0 99 0 0 3.68715
1 2 61.25 12 0 -1 4 0 0 0 99 0 0 6.84612
t 1 61.25 -3 1 1 0 0 0 0 -2
_00Quinto
1 2 61.25 4 0 0 4 0 0 -2
1 2 61.25 12 0 0 4 0 0 -2
1 2 61.25 109 0 1 4 0 0 -1.66
1 1 97.5 10 0 -1 4 0 0 0 99 0 0 3.68715
1 1 97.5 11 0 -1 4 0 0 0 99 0 0 2.78458
1 1 97.5 12 0 -1 4 0 0 0 99 0 0 3.68715
1 2 97.5 1 0 -1 4 0 0 0 99 0 0 3.23586
1 2 97.5 2 0 -1 4 0 0 0 99 0 0 10.9077
1 2 97.5 3 0 -1 4 0 0 0 99 0 0 2.78458
1 2 97.5 3 0 -1 4 0 0 0 99 0 0 8.19997
1 2 97.5 4 0 -1 4 0 0 0 99 0 0 17.6769
1 2 97.5 4 0 -1 4 0 0 0 99 0 0 3.23586
1 2 97.5 5 0 -1 4 0 0 0 99 0 0 19.9333
1 2 97.5 6 0 -1 4 0 0 0 99 0 0 17.6769
1 2 97.5 7 0 -1 4 0 0 0 99 0 0 9.10253
1 2 97.5 7 0 -1 4 0 0 0 99 0 0 2.78458
1 2 97.5 8 0 -1 4 0 0 0 99 0 0 3.23586
t 1 97.5 -3 1 1 0 0 0 0 -2
_00Alto
1 1 97.5 10 0 0 4 0 0 -2
1 2 97.5 8 0 0 4 0 0 -2
1 2 97.5 105 0 1 4 0 0 -1.66
1 1 133.75 9 0 -1 4 0 0 0 99 0 0 3.88624
1 1 133.75 9 0 -1 4 0 0 0 99 0 0 2.85095
1 1 133.75 10 0 -1 4 0 0 0 99 0 0 9.58036
1 1 133.75 11 0 -1 4 0 0 0 99 0 0 12.1686
1 1 133.75 12 0 -1 4 0 0 0 99 0 0 12.1686
1 1 133.75 12 0 -1 4 0 0 0 99 0 0 3.36859
1 2 133.75 1 0 -1 4 0 0 0 99 0 0 16.8274
1 2 133.75 1 0 -1 4 0 0 0 99 0 0 2.85095
1 2 133.75 2 0 -1 4 0 0 0 99 0 0 19.9333
1 2 133.75 3 0 -1 4 0 0 0 99 0 0 4.92154
1 2 133.75 3 0 -1 4 0 0 0 99 0 0 8.54506
1 2 133.75 4 0 -1 4 0 0 0 99 0 0 12.1686
1 2 133.75 4 0 -1 4 0 0 0 99 0 0 5.43918
1 2 133.75 5 0 -1 4 0 0 0 99 0 0 9.06271
1 2 133.75 6 0 -1 4 0 0 0 99 0 0 3.36859
1 2 133.75 6 0 -1 4 0 0 0 99 0 0 5.95683
t 1 133.75 -3 1 1 0 0 0 0 -2
_00Tenore
1 1 133.75 9 0 0 4 0 0 -2
1 2 133.75 6 0 0 4 0 0 -2
1 2 133.75 102 0 1 4 0 0 -1.66
1 1 170 5 0 -1 4 0 0 0 99 0 0 5.26663
1 1 170 6 0 -1 4 0 0 0 99 0 0 5.26663
1 1 170 7 0 -1 4 0 0 0 99 0 0 19.9333
1 1 170 8 0 -1 4 0 0 0 99 0 0 5.26663
1 1 170 8 0 -1 4 0 0 0 99 0 0 8.19997
1 1 170 9 0 -1 4 0 0 0 99 0 0 11.1333
1 1 170 9 0 -1 4 0 0 0 99 0 0 4.28886
1 1 170 10 0 -1 4 0 0 0 99 0 0 18.9555
1 1 170 11 0 -1 4 0 0 0 99 0 0 12.1111
1 1 170 12 0 -1 4 0 0 0 99 0 0 13.0889
1 1 170 12 0 -1 4 0 0 0 99 0 0 3.31108
1 2 170 1 0 -1 4 0 0 0 99 0 0 7.22219
1 2 170 2 0 -1 4 0 0 0 99 0 0 8.19997
t 1 170 -3 1 1 0 0 0 0 -2
_00Basso
1 1 170 5 0 0 4 0 0 -2
1 2 170 2 0 0 4 0 0 -2
1 1 170 110 0 1 4 0 0 -1.66
