#define SVG t 1 1 \n_99%svg%
t 2 10 14 1 1 0 0 0 0 -1.35
_00
8 1 0 0 0 200
8 2 0 -6 0 200
14 1 0 2
14 1 200 2
14 1 0 2 8
3 2 2
3 1 2 0 1
1 1 25 9 0 -1 4 0 0 0 99 0 0 2.83616
1 1 25 10 0 -1 4 0 0 0 99 0 0 3.08759
1 1 25 11 0 -1 4 0 0 0 99 0 0 2.58473
1 1 25 12 0 -1 4 0 0 0 99 0 0 3.33901
1 2 25 1 0 -1 4 0 0 0 99 0 0 3.08759
1 2 25 2 0 -1 4 0 0 0 99 0 0 4.59616
1 2 25 3 0 -1 4 0 0 0 99 0 0 4.59616
1 2 25 4 0 -1 4 0 0 0 99 0 0 9.62473
1 2 25 4 0 -1 4 0 0 0 99 0 0 3.84187
1 2 25 5 0 -1 4 0 0 0 99 0 0 16.6647
1 2 25 6 0 -1 4 0 0 0 99 0 0 19.9333
1 2 25 7 0 -1 4 0 0 0 99 0 0 18.1733
1 2 25 7 0 -1 4 0 0 0 99 0 0 4.59616
1 2 25 8 0 -1 4 0 0 0 99 0 0 16.4133
1 2 25 9 0 -1 4 0 0 0 99 0 0 11.3847
1 2 25 10 0 -1 4 0 0 0 99 0 0 2.58473
1 2 25 11 0 -1 4 0 0 0 99 0 0 3.33901
t 1 25 -3 1 1 0 0 0 0 -2
_00Canto
1 1 25 9 0 0 4 0 0 -2
1 2 25 11 0 0 4 0 0 -2
1 2 25 106 0 1 4 0 0 -1.66
1 1 54 7 0 -1 4 0 0 0 99 0 0 2.84344
1 1 54 9 0 -1 4 0 0 0 99 0 0 2.58837
1 1 54 10 0 -1 4 0 0 0 99 0 0 3.86373
1 1 54 11 0 -1 4 0 0 0 99 0 0 3.09852
1 1 54 12 0 -1 4 0 0 0 99 0 0 4.88402
1 2 54 1 0 -1 4 0 0 0 99 0 0 8.71011
1 2 54 2 0 -1 4 0 0 0 99 0 0 19.6782
1 2 54 3 0 -1 4 0 0 0 99 0 0 3.09852
1 2 54 3 0 -1 4 0 0 0 99 0 0 15.5971
1 2 54 4 0 -1 4 0 0 0 99 0 0 19.9333
1 2 54 4 0 -1 4 0 0 0 99 0 0 3.60866
1 2 54 5 0 -1 4 0 0 0 99 0 0 15.5971
1 2 54 6 0 -1 4 0 0 0 99 0 0 7.43475
1 2 54 7 0 -1 4 0 0 0 99 0 0 3.60866
t 1 54 -3 1 1 0 0 0 0 -2
_00Alto
1 1 54 7 0 0 4 0 0 -2
1 2 54 7 0 0 4 0 0 -2
1 2 54 103 0 1 4 0 0 -1.66
1 1 83 9 0 -1 4 0 0 0 99 0 0 3.34868
1 1 83 10 0 -1 4 0 0 0 99 0 0 5.71792
1 1 83 11 0 -1 4 0 0 0 99 0 0 3.34868
1 1 83 12 0 -1 4 0 0 0 99 0 0 7.41022
1 1 83 12 0 -1 4 0 0 0 99 0 0 3.01022
1 2 83 1 0 -1 4 0 0 0 99 0 0 13.841
1 2 83 2 0 -1 4 0 0 0 99 0 0 19.9333
1 2 83 3 0 -1 4 0 0 0 99 0 0 4.36407
1 2 83 3 0 -1 4 0 0 0 99 0 0 15.1948
1 2 83 4 0 -1 4 0 0 0 99 0 0 17.5641
1 2 83 4 0 -1 4 0 0 0 99 0 0 4.36407
1 2 83 5 0 -1 4 0 0 0 99 0 0 15.8718
1 2 83 6 0 -1 4 0 0 0 99 0 0 8.42561
1 2 83 7 0 -1 4 0 0 0 99 0 0 4.36407
t 1 83 -3 1 1 0 0 0 0 -2
_00Quinto
1 1 83 9 0 0 4 0 0 -2
1 2 83 7 0 0 4 0 0 -2
1 2 83 103 0 1 4 0 0 -1.66
1 1 112 5 0 -1 4 0 0 0 99 0 0 2.63675
1 1 112 6 0 -1 4 0 0 0 99 0 0 4.15399
1 1 112 7 0 -1 4 0 0 0 99 0 0 5.06433
1 1 112 8 0 -1 4 0 0 0 99 0 0 2.63675
1 1 112 8 0 -1 4 0 0 0 99 0 0 3.54709
1 1 112 9 0 -1 4 0 0 0 99 0 0 6.27813
1 1 112 9 0 -1 4 0 0 0 99 0 0 2.63675
1 1 112 10 0 -1 4 0 0 0 99 0 0 12.954
1 1 112 11 0 -1 4 0 0 0 99 0 0 15.0781
1 1 112 12 0 -1 4 0 0 0 99 0 0 13.5609
1 1 112 12 0 -1 4 0 0 0 99 0 0 2.63675
1 2 112 1 0 -1 4 0 0 0 99 0 0 16.8988
1 2 112 2 0 -1 4 0 0 0 99 0 0 19.9333
1 2 112 3 0 -1 4 0 0 0 99 0 0 5.06433
1 2 112 4 0 -1 4 0 0 0 99 0 0 6.27813
1 2 112 5 0 -1 4 0 0 0 99 0 0 2.63675
t 1 112 -3 1 1 0 0 0 0 -2
_00Tenore
1 1 112 5 0 0 4 0 0 -2
1 2 112 5 0 0 4 0 0 -2
1 1 112 112 0 1 4 0 0 -1.66
1 1 141 6 0 -1 4 0 0 0 99 0 0 4.99997
1 1 141 7 0 -1 4 0 0 0 99 0 0 7.66663
1 1 141 8 0 -1 4 0 0 0 99 0 0 2.86663
1 1 141 8 0 -1 4 0 0 0 99 0 0 3.9333
1 1 141 9 0 -1 4 0 0 0 99 0 0 11.4
1 1 141 10 0 -1 4 0 0 0 99 0 0 17.8
1 1 141 11 0 -1 4 0 0 0 99 0 0 19.4
1 1 141 12 0 -1 4 0 0 0 99 0 0 19.4
1 1 141 12 0 -1 4 0 0 0 99 0 0 3.9333
1 2 141 1 0 -1 4 0 0 0 99 0 0 19.9333
1 2 141 1 0 -1 4 0 0 0 99 0 0 2.86663
1 2 141 2 0 -1 4 0 0 0 99 0 0 10.8666
1 2 141 3 0 -1 4 0 0 0 99 0 0 4.46663
1 2 141 4 0 -1 4 0 0 0 99 0 0 6.06663
1 2 141 5 0 -1 4 0 0 0 99 0 0 2.86663
t 1 141 -3 1 1 0 0 0 0 -2
_00Sesto
1 1 141 6 0 0 4 0 0 -2
1 2 141 5 0 0 4 0 0 -2
1 1 141 111 0 1 4 0 0 -1.66
1 1 170 0 0 -1 4 0 0 0 99 0 0 3.28465
1 1 170 1 0 -1 4 0 0 0 99 0 0 3.28465
1 1 170 2 0 -1 4 0 0 0 99 0 0 5.18735
1 1 170 3 0 -1 4 0 0 0 99 0 0 10.8955
1 1 170 4 0 -1 4 0 0 0 99 0 0 6.61438
1 1 170 5 0 -1 4 0 0 0 99 0 0 9.94411
1 1 170 6 0 -1 4 0 0 0 99 0 0 14.2252
1 1 170 7 0 -1 4 0 0 0 99 0 0 16.1279
1 1 170 8 0 -1 4 0 0 0 99 0 0 5.18735
1 1 170 8 0 -1 4 0 0 0 99 0 0 7.56573
1 1 170 9 0 -1 4 0 0 0 99 0 0 18.5063
1 1 170 10 0 -1 4 0 0 0 99 0 0 19.9333
1 1 170 11 0 -1 4 0 0 0 99 0 0 8.99276
1 1 170 12 0 -1 4 0 0 0 99 0 0 12.3225
1 2 170 1 0 -1 4 0 0 0 99 0 0 3.76033
t 1 170 -4 1 1 0 0 0 0 -2
_00Basso
1 1 170 0 0 0 4 0 0 -2
1 2 170 1 0 0 4 0 0 -2
1 1 170 108 0 1 4 0 0 -1.66
