#define SVG t 1 1 \n_99%svg%
t 2 10 14 1 1 0 0 0 0 -1.35
_00
8 1 0 0 0 200
8 2 0 -6 0 200
14 1 0 2
14 1 200 2
14 1 0 2 8
3 2 2
3 1 2 0 1
1 1 25 11 0 -1 4 0 0 0 99 0 0 2.46367
1 1 25 12 0 -1 4 0 0 0 99 0 0 2.59404
1 2 25 1 0 -1 4 0 0 0 99 0 0 5.59256
1 2 25 2 0 -1 4 0 0 0 99 0 0 6.89626
1 2 25 3 0 -1 4 0 0 0 99 0 0 3.11552
1 2 25 3 0 -1 4 0 0 0 99 0 0 9.76441
1 2 25 4 0 -1 4 0 0 0 99 0 0 19.9333
1 2 25 5 0 -1 4 0 0 0 99 0 0 4.28886
1 2 25 6 0 -1 4 0 0 0 99 0 0 2.85478
t 1 25 -3 1 1 0 0 0 0 -2
_00Alto
1 1 25 11 0 0 4 0 0 -2
1 2 25 6 0 0 4 0 0 -2
1 2 25 104 0 1 4 0 0 -1.66
1 1 73.3333 6 0 -1 4 0 0 0 99 0 0 3.6616
1 1 73.3333 7 0 -1 4 0 0 0 99 0 0 3.6616
1 1 73.3333 8 0 -1 4 0 0 0 99 0 0 3.32953
1 1 73.3333 9 0 -1 4 0 0 0 99 0 0 19.9333
1 1 73.3333 10 0 -1 4 0 0 0 99 0 0 17.6088
1 1 73.3333 11 0 -1 4 0 0 0 99 0 0 18.9371
1 1 73.3333 12 0 -1 4 0 0 0 99 0 0 8.64273
1 2 73.3333 1 0 -1 4 0 0 0 99 0 0 19.2691
1 2 73.3333 2 0 -1 4 0 0 0 99 0 0 4.32575
1 2 73.3333 3 0 -1 4 0 0 0 99 0 0 2.99745
1 2 73.3333 4 0 -1 4 0 0 0 99 0 0 2.66538
t 1 73.3333 -3 1 1 0 0 0 0 -2
_00Tenore
1 1 73.3333 6 0 0 4 0 0 -2
1 2 73.3333 4 0 0 4 0 0 -2
1 1 73.3333 111 0 1 4 0 0 -1.66
1 1 121.667 6 0 -1 4 0 0 0 99 0 0 2.77887
1 1 121.667 8 0 -1 4 0 0 0 99 0 0 3.00165
1 1 121.667 9 0 -1 4 0 0 0 99 0 0 10.5763
1 1 121.667 10 0 -1 4 0 0 0 99 0 0 9.46241
1 1 121.667 11 0 -1 4 0 0 0 99 0 0 10.1308
1 1 121.667 12 0 -1 4 0 0 0 99 0 0 5.67507
1 2 121.667 1 0 -1 4 0 0 0 99 0 0 19.9333
1 2 121.667 2 0 -1 4 0 0 0 99 0 0 4.56115
t 1 121.667 -3 1 1 0 0 0 0 -2
_00Quinto
1 1 121.667 6 0 0 4 0 0 -2
1 2 121.667 2 0 0 4 0 0 -2
1 1 121.667 111 0 1 4 0 0 -1.66
1 1 170 2 0 -1 4 0 0 0 99 0 0 12.6505
1 1 170 3 0 -1 4 0 0 0 99 0 0 3.54709
1 1 170 4 0 -1 4 0 0 0 99 0 0 5.36778
1 1 170 5 0 -1 4 0 0 0 99 0 0 7.79537
1 1 170 6 0 -1 4 0 0 0 99 0 0 19.9333
1 1 170 7 0 -1 4 0 0 0 99 0 0 8.70571
1 1 170 8 0 -1 4 0 0 0 99 0 0 6.27813
1 1 170 9 0 -1 4 0 0 0 99 0 0 17.8092
1 1 170 10 0 -1 4 0 0 0 99 0 0 3.24364
1 1 170 11 0 -1 4 0 0 0 99 0 0 3.24364
t 1 170 -3 1 1 0 0 0 0 -2
_00Basso
1 1 170 2 0 0 4 0 0 -2
1 1 170 11 0 0 4 0 0 -2
1 1 170 106 0 1 4 0 0 -1.66
