#define SVG t 1 1 \n_99%svg%
t 2 10 14 1 1 0 0 0 0 -1.35
_00
8 1 0 0 0 200
8 2 0 -6 0 200
14 1 0 2
14 1 200 2
14 1 0 2 8
3 2 2
3 1 2 0 1
1 2 25 1 0 -1 4 0 0 0 99 0 0 3.27616
1 2 25 2 0 -1 4 0 0 0 99 0 0 5.47616
1 2 25 3 0 -1 4 0 0 0 99 0 0 5.16187
1 2 25 4 0 -1 4 0 0 0 99 0 0 6.41901
1 2 25 4 0 -1 4 0 0 0 99 0 0 5.79044
1 2 25 5 0 -1 4 0 0 0 99 0 0 12.0762
1 2 25 6 0 -1 4 0 0 0 99 0 0 19.9333
1 2 25 7 0 -1 4 0 0 0 99 0 0 11.1333
1 2 25 7 0 -1 4 0 0 0 99 0 0 4.21901
1 2 25 8 0 -1 4 0 0 0 99 0 0 9.24759
1 2 25 9 0 -1 4 0 0 0 99 0 0 8.9333
t 1 25 -3 1 1 0 0 0 0 -2
_00Canto
1 2 25 1 0 0 4 0 0 -2
1 2 25 9 0 0 4 0 0 -2
1 2 25 106 0 1 4 0 0 -1.66
1 1 170 7 0 -1 4 0 0 0 99 0 0 2.6533
1 1 170 9 0 -1 4 0 0 0 99 0 0 3.9333
1 1 170 10 0 -1 4 0 0 0 99 0 0 5.2133
1 1 170 11 0 -1 4 0 0 0 99 0 0 7.7733
1 1 170 12 0 -1 4 0 0 0 99 0 0 6.8133
1 1 170 12 0 -1 4 0 0 0 99 0 0 2.6533
1 2 170 1 0 -1 4 0 0 0 99 0 0 7.1333
1 2 170 1 0 -1 4 0 0 0 99 0 0 3.9333
1 2 170 2 0 -1 4 0 0 0 99 0 0 19.9333
1 2 170 3 0 -1 4 0 0 0 99 0 0 6.4933
1 2 170 4 0 -1 4 0 0 0 99 0 0 12.5733
1 2 170 4 0 -1 4 0 0 0 99 0 0 4.2533
1 2 170 5 0 -1 4 0 0 0 99 0 0 9.0533
1 2 170 6 0 -1 4 0 0 0 99 0 0 4.8933
1 2 170 7 0 -1 4 0 0 0 99 0 0 2.6533
t 1 170 -3 1 1 0 0 0 0 -2
_00Quinto
1 1 170 7 0 0 4 0 0 -2
1 2 170 7 0 0 4 0 0 -2
1 2 170 102 0 1 4 0 0 -1.66
