#define SVG t 1 1 \n_99%svg%
t 2 10 14 1 1 0 0 0 0 -1.35
_00
8 1 0 0 0 200
8 2 0 -6 0 200
14 1 0 2
14 1 200 2
14 1 0 2 8
3 2 2
3 1 2 0 1
1 2 25 3 0 -1 4 0 0 0 99 0 0 6.5573
1 2 25 4 0 -1 4 0 0 0 99 0 0 5.8533
1 2 25 5 0 -1 4 0 0 0 99 0 0 6.5573
1 2 25 6 0 -1 4 0 0 0 99 0 0 7.9653
1 2 25 6 0 -1 4 0 0 0 99 0 0 19.9333
1 2 25 7 0 -1 4 0 0 0 99 0 0 18.5253
1 2 25 8 0 -1 4 0 0 0 99 0 0 12.1893
1 2 25 8 0 -1 4 0 0 0 99 0 0 3.7413
1 2 25 9 0 -1 4 0 0 0 99 0 0 10.7813
1 2 25 10 0 -1 4 0 0 0 99 0 0 3.0373
1 2 25 10 0 -1 4 0 0 0 99 0 0 16.4133
1 2 25 11 0 -1 4 0 0 0 99 0 0 4.4453
t 1 25 -3 1 1 0 0 0 0 -2
_00Canto
1 2 25 3 0 0 4 0 0 -2
1 2 25 11 0 0 4 0 0 -2
1 2 25 107 0 1 4 0 0 -1.66
1 1 170 11 0 -1 4 0 0 0 99 0 0 7.18847
1 1 170 12 0 -1 4 0 0 0 99 0 0 4.76089
1 2 170 1 0 -1 4 0 0 0 99 0 0 5.36778
1 2 170 1 0 -1 4 0 0 0 99 0 0 7.18847
1 2 170 2 0 -1 4 0 0 0 99 0 0 12.6505
1 2 170 3 0 -1 4 0 0 0 99 0 0 16.8988
1 2 170 4 0 -1 4 0 0 0 99 0 0 9.61606
1 2 170 4 0 -1 4 0 0 0 99 0 0 4.15399
1 2 170 5 0 -1 4 0 0 0 99 0 0 7.79537
1 2 170 6 0 -1 4 0 0 0 99 0 0 7.18847
1 2 170 6 0 -1 4 0 0 0 99 0 0 19.9333
1 2 170 7 0 -1 4 0 0 0 99 0 0 5.97468
1 2 170 8 0 -1 4 0 0 0 99 0 0 4.15399
t 1 170 -3 1 1 0 0 0 0 -2
_00Tenore
1 1 170 11 0 0 4 0 0 -2
1 2 170 8 0 0 4 0 0 -2
1 2 170 104 0 1 4 0 0 -1.66
