#define SVG t 1 1 \n_99%svg%
t 2 10 14 1 1 0 0 0 0 -1.35
_00
8 1 0 0 0 200
8 2 0 -6 0 200
14 1 0 2
14 1 200 2
14 1 0 2 8
3 2 2
3 1 2 0 1
1 2 25 2 0 -1 4 0 0 0 99 0 0 5.59256
1 2 25 3 0 -1 4 0 0 0 99 0 0 4.28886
1 2 25 4 0 -1 4 0 0 0 99 0 0 6.89626
1 2 25 4 0 -1 4 0 0 0 99 0 0 8.85182
1 2 25 5 0 -1 4 0 0 0 99 0 0 19.9333
1 2 25 6 0 -1 4 0 0 0 99 0 0 17.9777
1 2 25 7 0 -1 4 0 0 0 99 0 0 12.7629
1 2 25 7 0 -1 4 0 0 0 99 0 0 4.94071
1 2 25 8 0 -1 4 0 0 0 99 0 0 8.85182
1 2 25 8 0 -1 4 0 0 0 99 0 0 2.98515
1 2 25 9 0 -1 4 0 0 0 99 0 0 10.8074
1 2 25 10 0 -1 4 0 0 0 99 0 0 4.28886
t 1 25 -3 1 1 0 0 0 0 -2
_00Canto
1 2 25 2 0 0 4 0 0 -2
1 2 25 10 0 0 4 0 0 -2
1 2 25 106 0 1 4 0 0 -1.66
1 2 61.25 2 0 -1 4 0 0 0 99 0 0 4.4453
1 2 61.25 3 0 -1 4 0 0 0 99 0 0 3.7413
1 2 61.25 4 0 -1 4 0 0 0 99 0 0 3.0373
1 2 61.25 4 0 -1 4 0 0 0 99 0 0 5.1493
1 2 61.25 5 0 -1 4 0 0 0 99 0 0 10.0773
1 2 61.25 6 0 -1 4 0 0 0 99 0 0 15.7093
1 2 61.25 7 0 -1 4 0 0 0 99 0 0 11.4853
1 2 61.25 7 0 -1 4 0 0 0 99 0 0 4.4453
1 2 61.25 8 0 -1 4 0 0 0 99 0 0 11.4853
1 2 61.25 8 0 -1 4 0 0 0 99 0 0 3.0373
1 2 61.25 9 0 -1 4 0 0 0 99 0 0 19.9333
1 2 61.25 10 0 -1 4 0 0 0 99 0 0 7.2613
t 1 61.25 -3 1 1 0 0 0 0 -2
_00Quinto
1 2 61.25 2 0 0 4 0 0 -2
1 2 61.25 10 0 0 4 0 0 -2
1 2 61.25 107 0 1 4 0 0 -1.66
1 1 97.5 10 0 -1 4 0 0 0 99 0 0 4.77774
1 1 97.5 11 0 -1 4 0 0 0 99 0 0 4.28886
1 1 97.5 12 0 -1 4 0 0 0 99 0 0 3.79997
1 2 97.5 1 0 -1 4 0 0 0 99 0 0 3.31108
1 2 97.5 1 0 -1 4 0 0 0 99 0 0 3.79997
1 2 97.5 2 0 -1 4 0 0 0 99 0 0 19.9333
1 2 97.5 3 0 -1 4 0 0 0 99 0 0 2.82219
1 2 97.5 3 0 -1 4 0 0 0 99 0 0 7.71108
1 2 97.5 4 0 -1 4 0 0 0 99 0 0 13.5777
1 2 97.5 4 0 -1 4 0 0 0 99 0 0 6.24441
1 2 97.5 5 0 -1 4 0 0 0 99 0 0 10.6444
1 2 97.5 6 0 -1 4 0 0 0 99 0 0 4.77774
1 2 97.5 7 0 -1 4 0 0 0 99 0 0 3.31108
t 1 97.5 -3 1 1 0 0 0 0 -2
_00Alto
1 1 97.5 10 0 0 4 0 0 -2
1 2 97.5 7 0 0 4 0 0 -2
1 2 97.5 103 0 1 4 0 0 -1.66
1 1 133.75 5 0 -1 4 0 0 0 99 0 0 4.18593
1 1 133.75 7 0 -1 4 0 0 0 99 0 0 4.18593
1 1 133.75 8 0 -1 4 0 0 0 99 0 0 4.18593
1 1 133.75 8 0 -1 4 0 0 0 99 0 0 3.25962
1 1 133.75 9 0 -1 4 0 0 0 99 0 0 6.96488
1 1 133.75 9 0 -1 4 0 0 0 99 0 0 6.03856
1 1 133.75 10 0 -1 4 0 0 0 99 0 0 16.228
1 1 133.75 11 0 -1 4 0 0 0 99 0 0 17.1544
1 1 133.75 12 0 -1 4 0 0 0 99 0 0 13.4491
1 1 133.75 12 0 -1 4 0 0 0 99 0 0 6.96488
1 2 133.75 1 0 -1 4 0 0 0 99 0 0 18.0807
1 2 133.75 1 0 -1 4 0 0 0 99 0 0 3.25962
1 2 133.75 2 0 -1 4 0 0 0 99 0 0 19.9333
1 2 133.75 4 0 -1 4 0 0 0 99 0 0 4.18593
t 1 133.75 -3 1 1 0 0 0 0 -2
_00Tenore
1 1 133.75 5 0 0 4 0 0 -2
1 2 133.75 4 0 0 4 0 0 -2
1 1 133.75 112 0 1 4 0 0 -1.66
1 1 170 3 0 -1 4 0 0 0 99 0 0 7.22219
1 1 170 5 0 -1 4 0 0 0 99 0 0 4.28886
1 1 170 6 0 -1 4 0 0 0 99 0 0 12.1111
1 1 170 7 0 -1 4 0 0 0 99 0 0 18.9555
1 1 170 8 0 -1 4 0 0 0 99 0 0 3.31108
1 1 170 8 0 -1 4 0 0 0 99 0 0 4.28886
1 1 170 9 0 -1 4 0 0 0 99 0 0 8.19997
1 1 170 9 0 -1 4 0 0 0 99 0 0 6.24441
1 1 170 10 0 -1 4 0 0 0 99 0 0 19.9333
1 1 170 11 0 -1 4 0 0 0 99 0 0 10.1555
1 1 170 12 0 -1 4 0 0 0 99 0 0 5.26663
t 1 170 -3 1 1 0 0 0 0 -2
_00Basso
1 1 170 3 0 0 4 0 0 -2
1 1 170 12 0 0 4 0 0 -2
1 1 170 109 0 1 4 0 0 -1.66
