#define SVG t 1 1 \n_99%svg%
t 2 10 14 1 1 0 0 0 0 -1.35
_00
8 1 0 0 0 200
8 2 0 -6 0 200
14 1 0 2
14 1 200 2
14 1 0 2 8
3 2 2
3 1 2 0 1
1 2 25 5 0 -1 4 0 0 0 99 0 0 4.94071
1 2 25 6 0 -1 4 0 0 0 99 0 0 3.31108
1 2 25 6 0 -1 4 0 0 0 99 0 0 9.8296
1 2 25 7 0 -1 4 0 0 0 99 0 0 10.1555
1 2 25 8 0 -1 4 0 0 0 99 0 0 15.6963
1 2 25 8 0 -1 4 0 0 0 99 0 0 4.61478
1 2 25 9 0 -1 4 0 0 0 99 0 0 17.3259
1 2 25 10 0 -1 4 0 0 0 99 0 0 19.9333
1 2 25 11 0 -1 4 0 0 0 99 0 0 10.4814
1 2 25 12 0 -1 4 0 0 0 99 0 0 8.19997
1 2 25 13 0 -1 4 0 0 0 99 0 0 5.26663
t 1 25 -3 1 1 0 0 0 0 -2
_00Canto
1 2 25 5 0 0 4 0 0 -2
1 2 25 13 0 0 4 0 0 -2
1 2 25 109 0 1 4 0 0 -1.66
1 2 61.25 2 0 -1 4 0 0 0 99 0 0 2.6784
1 2 61.25 3 0 -1 4 0 0 0 99 0 0 3.36859
1 2 61.25 4 0 -1 4 0 0 0 99 0 0 4.05879
1 2 61.25 4 0 -1 4 0 0 0 99 0 0 3.0235
1 2 61.25 5 0 -1 4 0 0 0 99 0 0 6.47448
1 2 61.25 6 0 -1 4 0 0 0 99 0 0 3.36859
1 2 61.25 6 0 -1 4 0 0 0 99 0 0 11.6509
1 2 61.25 7 0 -1 4 0 0 0 99 0 0 2.6784
1 2 61.25 7 0 -1 4 0 0 0 99 0 0 10.9608
1 2 61.25 8 0 -1 4 0 0 0 99 0 0 15.7921
1 2 61.25 8 0 -1 4 0 0 0 99 0 0 3.71369
1 2 61.25 9 0 -1 4 0 0 0 99 0 0 13.3764
1 2 61.25 10 0 -1 4 0 0 0 99 0 0 19.9333
1 2 61.25 11 0 -1 4 0 0 0 99 0 0 11.996
1 2 61.25 11 0 -1 4 0 0 0 99 0 0 3.0235
1 2 61.25 12 0 -1 4 0 0 0 99 0 0 9.92546
1 2 61.25 13 0 -1 4 0 0 0 99 0 0 2.6784
1 2 61.25 13 0 -1 4 0 0 0 99 0 0 5.43918
t 1 61.25 -3 1 1 0 0 0 0 -2
_00Quinto
1 2 61.25 2 0 0 4 0 0 -2
1 2 61.25 13 0 0 4 0 0 -2
1 2 61.25 109 0 1 4 0 0 -1.66
1 1 97.5 12 0 -1 4 0 0 0 99 0 0 2.90104
1 2 97.5 1 0 -1 4 0 0 0 99 0 0 6.30749
1 2 97.5 2 0 -1 4 0 0 0 99 0 0 8.29459
1 2 97.5 3 0 -1 4 0 0 0 99 0 0 12.8365
1 2 97.5 4 0 -1 4 0 0 0 99 0 0 7.72685
1 2 97.5 4 0 -1 4 0 0 0 99 0 0 2.90104
1 2 97.5 5 0 -1 4 0 0 0 99 0 0 11.701
1 2 97.5 6 0 -1 4 0 0 0 99 0 0 3.75265
1 2 97.5 6 0 -1 4 0 0 0 99 0 0 19.9333
1 2 97.5 7 0 -1 4 0 0 0 99 0 0 2.61717
1 2 97.5 7 0 -1 4 0 0 0 99 0 0 10.2817
1 2 97.5 8 0 -1 4 0 0 0 99 0 0 9.99782
1 2 97.5 9 0 -1 4 0 0 0 99 0 0 3.46878
1 2 97.5 10 0 -1 4 0 0 0 99 0 0 2.90104
t 1 97.5 -3 1 1 0 0 0 0 -2
_00Alto
1 1 97.5 12 0 0 4 0 0 -2
1 2 97.5 10 0 0 4 0 0 -2
1 2 97.5 106 0 1 4 0 0 -1.66
1 1 133.75 10 0 -1 4 0 0 0 99 0 0 5.39417
1 1 133.75 11 0 -1 4 0 0 0 99 0 0 13.0463
1 1 133.75 12 0 -1 4 0 0 0 99 0 0 2.71591
1 1 133.75 12 0 -1 4 0 0 0 99 0 0 10.7507
1 2 133.75 1 0 -1 4 0 0 0 99 0 0 17.6376
1 2 133.75 1 0 -1 4 0 0 0 99 0 0 3.09852
1 2 133.75 2 0 -1 4 0 0 0 99 0 0 16.1072
1 2 133.75 3 0 -1 4 0 0 0 99 0 0 19.9333
1 2 133.75 4 0 -1 4 0 0 0 99 0 0 11.5159
1 2 133.75 4 0 -1 4 0 0 0 99 0 0 3.09852
1 2 133.75 5 0 -1 4 0 0 0 99 0 0 8.07243
1 2 133.75 6 0 -1 4 0 0 0 99 0 0 5.39417
1 2 133.75 7 0 -1 4 0 0 0 99 0 0 3.09852
t 1 133.75 -3 1 1 0 0 0 0 -2
_00Tenore
1 1 133.75 10 0 0 4 0 0 -2
1 2 133.75 7 0 0 4 0 0 -2
1 2 133.75 102 0 1 4 0 0 -1.66
1 1 170 6 0 -1 4 0 0 0 99 0 0 10.5047
1 1 170 7 0 -1 4 0 0 0 99 0 0 16.1619
1 1 170 8 0 -1 4 0 0 0 99 0 0 16.7904
1 1 170 9 0 -1 4 0 0 0 99 0 0 14.9047
1 1 170 10 0 -1 4 0 0 0 99 0 0 9.87616
1 1 170 11 0 -1 4 0 0 0 99 0 0 19.9333
1 1 170 12 0 -1 4 0 0 0 99 0 0 4.21901
1 1 170 12 0 -1 4 0 0 0 99 0 0 3.59044
1 2 170 1 0 -1 4 0 0 0 99 0 0 6.7333
1 2 170 2 0 -1 4 0 0 0 99 0 0 7.36187
1 2 170 3 0 -1 4 0 0 0 99 0 0 6.7333
1 2 170 4 0 -1 4 0 0 0 99 0 0 4.84759
t 1 170 -3 1 1 0 0 0 0 -2
_00Basso
1 1 170 6 0 0 4 0 0 -2
1 2 170 4 0 0 4 0 0 -2
1 1 170 109 0 1 4 0 0 -1.66
