#define SVG t 1 1 \n_99%svg%
t 2 10 14 1 1 0 0 0 0 -1.35
_00
8 1 0 0 0 200
8 2 0 -6 0 200
14 1 0 2
14 1 200 2
14 1 0 2 8
3 2 2
3 1 2 0 1
1 2 25 2 0 -1 4 0 0 0 99 0 0 2.63161
1 2 25 3 0 -1 4 0 0 0 99 0 0 2.92991
1 2 25 4 0 -1 4 0 0 0 99 0 0 16.9502
1 2 25 5 0 -1 4 0 0 0 99 0 0 17.5469
1 2 25 6 0 -1 4 0 0 0 99 0 0 19.9333
1 2 25 7 0 -1 4 0 0 0 99 0 0 15.1604
1 2 25 7 0 -1 4 0 0 0 99 0 0 2.92991
1 2 25 8 0 -1 4 0 0 0 99 0 0 13.3706
1 2 25 9 0 -1 4 0 0 0 99 0 0 5.31635
t 1 25 -3 1 1 0 0 0 0 -2
_00Canto I
1 2 25 2 0 0 4 0 0 -2
1 2 25 9 0 0 4 0 0 -2
1 2 25 106 0 1 4 0 0 -1.66
1 2 54 1 0 -1 4 0 0 0 99 0 0 2.64207
1 2 54 2 0 -1 4 0 0 0 99 0 0 2.95084
1 2 54 3 0 -1 4 0 0 0 99 0 0 2.95084
1 2 54 4 0 -1 4 0 0 0 99 0 0 12.5228
1 2 54 5 0 -1 4 0 0 0 99 0 0 10.9789
1 2 54 6 0 -1 4 0 0 0 99 0 0 16.8456
1 2 54 7 0 -1 4 0 0 0 99 0 0 19.9333
1 2 54 8 0 -1 4 0 0 0 99 0 0 19.3158
1 2 54 9 0 -1 4 0 0 0 99 0 0 13.1403
1 2 54 10 0 -1 4 0 0 0 99 0 0 3.56839
t 1 54 -3 1 1 0 0 0 0 -2
_00Sesto Canto II
1 2 54 1 0 0 4 0 0 -2
1 2 54 10 0 0 4 0 0 -2
1 2 54 107 0 1 4 0 0 -1.66
1 1 83 9 0 -1 4 0 0 0 99 0 0 2.5533
1 1 83 10 0 -1 4 0 0 0 99 0 0 2.5533
1 1 83 11 0 -1 4 0 0 0 99 0 0 4.3133
1 1 83 12 0 -1 4 0 0 0 99 0 0 3.8733
1 1 83 12 0 -1 4 0 0 0 99 0 0 2.5533
1 2 83 1 0 -1 4 0 0 0 99 0 0 9.5933
1 2 83 2 0 -1 4 0 0 0 99 0 0 12.2333
1 2 83 3 0 -1 4 0 0 0 99 0 0 6.5133
1 2 83 3 0 -1 4 0 0 0 99 0 0 8.9333
1 2 83 4 0 -1 4 0 0 0 99 0 0 19.9333
1 2 83 4 0 -1 4 0 0 0 99 0 0 2.5533
1 2 83 5 0 -1 4 0 0 0 99 0 0 8.0533
1 2 83 6 0 -1 4 0 0 0 99 0 0 3.4333
1 2 83 7 0 -1 4 0 0 0 99 0 0 2.7733
t 1 83 -3 1 1 0 0 0 0 -2
_00Alto
1 1 83 9 0 0 4 0 0 -2
1 2 83 7 0 0 4 0 0 -2
1 2 83 103 0 1 4 0 0 -1.66
1 1 112 9 0 -1 4 0 0 0 99 0 0 15.0053
1 1 112 10 0 -1 4 0 0 0 99 0 0 12.8933
1 1 112 11 0 -1 4 0 0 0 99 0 0 12.1893
1 1 112 12 0 -1 4 0 0 0 99 0 0 19.9333
1 2 112 1 0 -1 4 0 0 0 99 0 0 13.5973
1 2 112 2 0 -1 4 0 0 0 99 0 0 7.9653
t 1 112 -3 1 1 0 0 0 0 -2
_00Tenore
1 1 112 9 0 0 4 0 0 -2
1 2 112 2 0 0 4 0 0 -2
1 1 112 112 0 1 4 0 0 -1.66
1 1 141 6 0 -1 4 0 0 0 99 0 0 2.7333
1 1 141 8 0 -1 4 0 0 0 99 0 0 3.5333
1 1 141 9 0 -1 4 0 0 0 99 0 0 17.9333
1 1 141 10 0 -1 4 0 0 0 99 0 0 13.5333
1 1 141 11 0 -1 4 0 0 0 99 0 0 18.7333
1 1 141 12 0 -1 4 0 0 0 99 0 0 17.5333
1 1 141 12 0 -1 4 0 0 0 99 0 0 2.7333
1 2 141 1 0 -1 4 0 0 0 99 0 0 19.9333
1 2 141 2 0 -1 4 0 0 0 99 0 0 15.9333
1 2 141 3 0 -1 4 0 0 0 99 0 0 6.3333
1 2 141 3 0 -1 4 0 0 0 99 0 0 6.3333
1 2 141 4 0 -1 4 0 0 0 99 0 0 7.1333
t 1 141 -3 1 1 0 0 0 0 -2
_00Quinto
1 1 141 6 0 0 4 0 0 -2
1 2 141 4 0 0 4 0 0 -2
1 1 141 112 0 1 4 0 0 -1.66
1 1 170 2 0 -1 4 0 0 0 99 0 0 19.9333
1 1 170 3 0 -1 4 0 0 0 99 0 0 7.72106
1 1 170 4 0 -1 4 0 0 0 99 0 0 4.4884
1 1 170 5 0 -1 4 0 0 0 99 0 0 16.7006
1 1 170 5 0 -1 4 0 0 0 99 0 0 2.69248
1 1 170 6 0 -1 4 0 0 0 99 0 0 16.3415
1 1 170 7 0 -1 4 0 0 0 99 0 0 9.87616
1 1 170 8 0 -1 4 0 0 0 99 0 0 7.36187
1 1 170 8 0 -1 4 0 0 0 99 0 0 5.20677
1 1 170 9 0 -1 4 0 0 0 99 0 0 12.7496
1 1 170 10 0 -1 4 0 0 0 99 0 0 8.43942
1 1 170 11 0 -1 4 0 0 0 99 0 0 5.92514
1 1 170 12 0 -1 4 0 0 0 99 0 0 4.4884
1 2 170 1 0 -1 4 0 0 0 99 0 0 3.41085
1 2 170 2 0 -1 4 0 0 0 99 0 0 2.69248
t 1 170 -3 1 1 0 0 0 0 -2
_00Basso
1 1 170 2 0 0 4 0 0 -2
1 2 170 2 0 0 4 0 0 -2
1 1 170 106 0 1 4 0 0 -1.66
