#define SVG t 1 1 \n_99%svg%
t 2 10 14 1 1 0 0 0 0 -1.35
_00
8 1 0 0 0 200
8 2 0 -6 0 200
14 1 0 2
14 1 200 2
14 1 0 2 8
3 2 2
3 1 2 0 1
1 2 25 5 0 -1 4 0 0 0 99 0 0 4.236
1 2 25 6 0 -1 4 0 0 0 99 0 0 8.04141
1 2 25 7 0 -1 4 0 0 0 99 0 0 12.7982
1 2 25 8 0 -1 4 0 0 0 99 0 0 19.9333
1 2 25 9 0 -1 4 0 0 0 99 0 0 15.1765
1 2 25 10 0 -1 4 0 0 0 99 0 0 14.2252
1 2 25 11 0 -1 4 0 0 0 99 0 0 7.09006
1 2 25 12 0 -1 4 0 0 0 99 0 0 9.94411
t 1 25 -3 1 1 0 0 0 0 -2
_00Canto
1 2 25 5 0 0 4 0 0 -2
1 2 25 12 0 0 4 0 0 -2
1 2 25 109 0 1 4 0 0 -1.66
1 2 61.25 5 0 -1 4 0 0 0 99 0 0 7.99044
1 2 61.25 6 0 -1 4 0 0 0 99 0 0 3.59044
1 2 61.25 6 0 -1 4 0 0 0 99 0 0 11.7619
1 2 61.25 7 0 -1 4 0 0 0 99 0 0 18.6762
1 2 61.25 8 0 -1 4 0 0 0 99 0 0 19.9333
1 2 61.25 9 0 -1 4 0 0 0 99 0 0 16.7904
1 2 61.25 10 0 -1 4 0 0 0 99 0 0 19.9333
1 2 61.25 11 0 -1 4 0 0 0 99 0 0 10.5047
1 2 61.25 12 0 -1 4 0 0 0 99 0 0 12.3904
1 2 61.25 13 0 -1 4 0 0 0 99 0 0 2.96187
t 1 61.25 -3 1 1 0 0 0 0 -2
_00Quinto
1 2 61.25 5 0 0 4 0 0 -2
1 2 61.25 13 0 0 4 0 0 -2
1 2 61.25 109 0 1 4 0 0 -1.66
1 1 97.5 10 0 -1 4 0 0 0 99 0 0 3.5333
1 1 97.5 11 0 -1 4 0 0 0 99 0 0 2.7333
1 1 97.5 11 0 -1 4 0 0 0 99 0 0 4.3333
1 1 97.5 12 0 -1 4 0 0 0 99 0 0 5.5333
1 2 97.5 1 0 -1 4 0 0 0 99 0 0 9.5333
1 2 97.5 2 0 -1 4 0 0 0 99 0 0 11.1333
1 2 97.5 3 0 -1 4 0 0 0 99 0 0 13.1333
1 2 97.5 4 0 -1 4 0 0 0 99 0 0 9.1333
1 2 97.5 4 0 -1 4 0 0 0 99 0 0 3.9333
1 2 97.5 5 0 -1 4 0 0 0 99 0 0 19.9333
1 2 97.5 6 0 -1 4 0 0 0 99 0 0 7.5333
1 2 97.5 7 0 -1 4 0 0 0 99 0 0 3.1333
1 2 97.5 7 0 -1 4 0 0 0 99 0 0 5.5333
1 2 97.5 8 0 -1 4 0 0 0 99 0 0 5.9333
1 2 97.5 9 0 -1 4 0 0 0 99 0 0 3.1333
t 1 97.5 -3 1 1 0 0 0 0 -2
_00Alto
1 1 97.5 10 0 0 4 0 0 -2
1 2 97.5 9 0 0 4 0 0 -2
1 2 97.5 104 0 1 4 0 0 -1.66
1 1 133.75 10 0 -1 4 0 0 0 99 0 0 8.42561
1 1 133.75 11 0 -1 4 0 0 0 99 0 0 9.10253
1 1 133.75 12 0 -1 4 0 0 0 99 0 0 11.8102
1 2 133.75 1 0 -1 4 0 0 0 99 0 0 19.9333
1 2 133.75 2 0 -1 4 0 0 0 99 0 0 19.2564
1 2 133.75 3 0 -1 4 0 0 0 99 0 0 18.5795
1 2 133.75 4 0 -1 4 0 0 0 99 0 0 9.77945
1 2 133.75 5 0 -1 4 0 0 0 99 0 0 15.1948
1 2 133.75 6 0 -1 4 0 0 0 99 0 0 5.71792
t 1 133.75 -3 1 1 0 0 0 0 -2
_00Tenore
1 1 133.75 10 0 0 4 0 0 -2
1 2 133.75 6 0 0 4 0 0 -2
1 2 133.75 102 0 1 4 0 0 -1.66
1 1 170 6 0 -1 4 0 0 0 99 0 0 8.19997
1 1 170 7 0 -1 4 0 0 0 99 0 0 6.24441
1 1 170 8 0 -1 4 0 0 0 99 0 0 10.1555
1 1 170 9 0 -1 4 0 0 0 99 0 0 10.8074
1 1 170 10 0 -1 4 0 0 0 99 0 0 19.9333
1 1 170 11 0 -1 4 0 0 0 99 0 0 14.0666
1 1 170 12 0 -1 4 0 0 0 99 0 0 3.637
1 1 170 12 0 -1 4 0 0 0 99 0 0 9.50367
1 2 170 1 0 -1 4 0 0 0 99 0 0 17.9777
1 2 170 2 0 -1 4 0 0 0 99 0 0 4.28886
t 1 170 -3 1 1 0 0 0 0 -2
_00Basso
1 1 170 6 0 0 4 0 0 -2
1 2 170 2 0 0 4 0 0 -2
1 1 170 110 0 1 4 0 0 -1.66
