#define SVG t 1 1 \n_99%svg%
t 2 10 14 1 1 0 0 0 0 -1.35
_00
8 1 0 0 0 200
8 2 0 -6 0 200
14 1 0 2
14 1 200 2
14 1 0 2 8
3 2 2
3 1 2 0 1
1 2 25 4 0 -1 4 0 0 0 99 0 0 3.31108
1 2 25 6 0 -1 4 0 0 0 99 0 0 5.26663
1 2 25 7 0 -1 4 0 0 0 99 0 0 2.82219
1 2 25 7 0 -1 4 0 0 0 99 0 0 6.7333
1 2 25 8 0 -1 4 0 0 0 99 0 0 17.9777
1 2 25 9 0 -1 4 0 0 0 99 0 0 19.9333
1 2 25 10 0 -1 4 0 0 0 99 0 0 17.9777
1 2 25 11 0 -1 4 0 0 0 99 0 0 14.0666
1 2 25 11 0 -1 4 0 0 0 99 0 0 3.31108
1 2 25 12 0 -1 4 0 0 0 99 0 0 9.66663
1 2 25 13 0 -1 4 0 0 0 99 0 0 3.31108
t 1 25 -3 1 1 0 0 0 0 -2
_00Canto
1 2 25 4 0 0 4 0 0 -2
1 2 25 13 0 0 4 0 0 -2
1 2 25 109 0 1 4 0 0 -1.66
1 1 54 10 0 -1 4 0 0 0 99 0 0 3.54709
1 1 54 11 0 -1 4 0 0 0 99 0 0 3.54709
1 1 54 12 0 -1 4 0 0 0 99 0 0 3.54709
1 2 54 1 0 -1 4 0 0 0 99 0 0 6.58158
1 2 54 2 0 -1 4 0 0 0 99 0 0 10.223
1 2 54 3 0 -1 4 0 0 0 99 0 0 10.8299
1 2 54 4 0 -1 4 0 0 0 99 0 0 15.685
1 2 54 5 0 -1 4 0 0 0 99 0 0 17.5057
1 2 54 6 0 -1 4 0 0 0 99 0 0 19.9333
1 2 54 7 0 -1 4 0 0 0 99 0 0 4.76089
1 2 54 7 0 -1 4 0 0 0 99 0 0 13.8643
1 2 54 8 0 -1 4 0 0 0 99 0 0 15.685
t 1 54 -3 1 1 0 0 0 0 -2
_00Alto
1 1 54 10 0 0 4 0 0 -2
1 2 54 8 0 0 4 0 0 -2
1 2 54 105 0 1 4 0 0 -1.66
1 1 83 12 0 -1 4 0 0 0 99 0 0 3.23586
1 2 83 1 0 -1 4 0 0 0 99 0 0 6.84612
1 2 83 2 0 -1 4 0 0 0 99 0 0 10.0051
1 2 83 3 0 -1 4 0 0 0 99 0 0 16.7743
1 2 83 4 0 -1 4 0 0 0 99 0 0 19.9333
1 2 83 4 0 -1 4 0 0 0 99 0 0 2.78458
1 2 83 5 0 -1 4 0 0 0 99 0 0 19.482
1 2 83 6 0 -1 4 0 0 0 99 0 0 16.323
1 2 83 7 0 -1 4 0 0 0 99 0 0 5.49227
1 2 83 7 0 -1 4 0 0 0 99 0 0 6.39484
1 2 83 8 0 -1 4 0 0 0 99 0 0 10.4564
t 1 83 -3 1 1 0 0 0 0 -2
_00Quinto
1 1 83 12 0 0 4 0 0 -2
1 2 83 8 0 0 4 0 0 -2
1 2 83 105 0 1 4 0 0 -1.66
1 1 112 9 0 -1 4 0 0 0 99 0 0 3.1714
1 1 112 10 0 -1 4 0 0 0 99 0 0 7.36187
1 1 112 11 0 -1 4 0 0 0 99 0 0 6.52378
1 1 112 12 0 -1 4 0 0 0 99 0 0 4.42854
1 1 112 12 0 -1 4 0 0 0 99 0 0 6.10473
1 2 112 1 0 -1 4 0 0 0 99 0 0 19.9333
1 2 112 1 0 -1 4 0 0 0 99 0 0 2.75235
1 2 112 2 0 -1 4 0 0 0 99 0 0 14.4857
1 2 112 3 0 -1 4 0 0 0 99 0 0 11.1333
1 2 112 4 0 -1 4 0 0 0 99 0 0 9.03806
1 2 112 4 0 -1 4 0 0 0 99 0 0 2.75235
1 2 112 5 0 -1 4 0 0 0 99 0 0 6.94282
1 2 112 6 0 -1 4 0 0 0 99 0 0 2.75235
1 2 112 7 0 -1 4 0 0 0 99 0 0 2.75235
t 1 112 -3 1 1 0 0 0 0 -2
_00Tenore
1 1 112 9 0 0 4 0 0 -2
1 2 112 7 0 0 4 0 0 -2
1 2 112 101 0 1 4 0 0 -1.66
1 1 141 9 0 -1 4 0 0 0 99 0 0 3.7413
1 1 141 10 0 -1 4 0 0 0 99 0 0 7.2613
1 1 141 11 0 -1 4 0 0 0 99 0 0 15.7093
1 1 141 12 0 -1 4 0 0 0 99 0 0 5.8533
1 1 141 12 0 -1 4 0 0 0 99 0 0 6.5573
1 2 141 1 0 -1 4 0 0 0 99 0 0 15.0053
1 2 141 1 0 -1 4 0 0 0 99 0 0 3.7413
1 2 141 2 0 -1 4 0 0 0 99 0 0 19.9333
1 2 141 3 0 -1 4 0 0 0 99 0 0 14.3013
1 2 141 4 0 -1 4 0 0 0 99 0 0 17.8213
1 2 141 4 0 -1 4 0 0 0 99 0 0 3.0373
1 2 141 5 0 -1 4 0 0 0 99 0 0 12.8933
1 2 141 6 0 -1 4 0 0 0 99 0 0 10.0773
t 1 141 -3 1 1 0 0 0 0 -2
_00Sesto
1 1 141 9 0 0 4 0 0 -2
1 2 141 6 0 0 4 0 0 -2
1 2 141 102 0 1 4 0 0 -1.66
1 1 170 5 0 -1 4 0 0 0 99 0 0 3.637
1 1 170 6 0 -1 4 0 0 0 99 0 0 10.1555
1 1 170 7 0 -1 4 0 0 0 99 0 0 11.4592
1 1 170 8 0 -1 4 0 0 0 99 0 0 8.19997
1 1 170 9 0 -1 4 0 0 0 99 0 0 19.9333
1 1 170 10 0 -1 4 0 0 0 99 0 0 18.6296
1 1 170 11 0 -1 4 0 0 0 99 0 0 19.9333
1 1 170 12 0 -1 4 0 0 0 99 0 0 8.19997
1 1 170 12 0 -1 4 0 0 0 99 0 0 6.89626
1 2 170 1 0 -1 4 0 0 0 99 0 0 13.4148
1 2 170 2 0 -1 4 0 0 0 99 0 0 5.59256
t 1 170 -3 1 1 0 0 0 0 -2
_00Basso
1 1 170 5 0 0 4 0 0 -2
1 2 170 2 0 0 4 0 0 -2
1 1 170 110 0 1 4 0 0 -1.66
