#define SVG t 1 1 \n_99%svg%
t 2 10 14 1 1 0 0 0 0 -1.35
_00
8 1 0 0 0 200
8 2 0 -6 0 200
14 1 0 2
14 1 200 2
14 1 0 2 8
3 2 2
3 1 2 0 1
1 1 25 2 0 -1 4 0 0 0 99 0 0 5.04099
1 1 25 3 0 -1 4 0 0 0 99 0 0 4.13843
1 1 25 4 0 -1 4 0 0 0 99 0 0 5.49227
1 1 25 5 0 -1 4 0 0 0 99 0 0 5.04099
1 1 25 6 0 -1 4 0 0 0 99 0 0 17.6769
1 1 25 7 0 -1 4 0 0 0 99 0 0 18.5795
1 1 25 8 0 -1 4 0 0 0 99 0 0 8.19997
1 1 25 8 0 -1 4 0 0 0 99 0 0 8.65125
1 1 25 9 0 -1 4 0 0 0 99 0 0 19.9333
1 1 25 9 0 -1 4 0 0 0 99 0 0 3.23586
1 1 25 10 0 -1 4 0 0 0 99 0 0 15.8718
1 1 25 11 0 -1 4 0 0 0 99 0 0 10.9077
1 1 25 12 0 -1 4 0 0 0 99 0 0 16.323
1 2 25 1 0 -1 4 0 0 0 99 0 0 5.49227
t 1 25 -3 1 1 0 0 0 0 -2
_00?[Basso?]
1 1 25 2 0 0 4 0 0 -2
1 2 25 1 0 0 4 0 0 -2
1 1 25 109 0 1 4 0 0 -1.66
1 1 170 2 0 -1 4 0 0 0 99 0 0 4.62895
1 1 170 3 0 -1 4 0 0 0 99 0 0 3.09852
1 1 170 4 0 -1 4 0 0 0 99 0 0 3.86373
1 1 170 5 0 -1 4 0 0 0 99 0 0 4.62895
1 1 170 6 0 -1 4 0 0 0 99 0 0 18.4029
1 1 170 7 0 -1 4 0 0 0 99 0 0 16.8724
1 1 170 8 0 -1 4 0 0 0 99 0 0 8.45504
1 1 170 8 0 -1 4 0 0 0 99 0 0 5.39417
1 1 170 9 0 -1 4 0 0 0 99 0 0 19.9333
1 1 170 9 0 -1 4 0 0 0 99 0 0 3.86373
1 1 170 10 0 -1 4 0 0 0 99 0 0 16.1072
1 1 170 11 0 -1 4 0 0 0 99 0 0 9.98547
1 1 170 12 0 -1 4 0 0 0 99 0 0 11.5159
1 2 170 1 0 -1 4 0 0 0 99 0 0 4.62895
t 1 170 -3 1 1 0 0 0 0 -2
_00?[Basso continuo?]
1 1 170 2 0 0 4 0 0 -2
1 2 170 1 0 0 4 0 0 -2
1 1 170 109 0 1 4 0 0 -1.66
