#define SVG t 1 1 \n_99%svg%
t 2 10 14 1 1 0 0 0 0 -1.35
_00
8 1 0 0 0 200
8 2 0 -6 0 200
14 1 0 2
14 1 200 2
14 1 0 2 8
3 2 2
3 1 2 0 1
1 2 25 1 0 -1 4 0 0 0 99 0 0 2.70777
1 2 25 2 0 -1 4 0 0 0 99 0 0 6.07798
1 2 25 3 0 -1 4 0 0 0 99 0 0 6.82692
1 2 25 4 0 -1 4 0 0 0 99 0 0 6.45245
1 2 25 4 0 -1 4 0 0 0 99 0 0 4.58011
1 2 25 5 0 -1 4 0 0 0 99 0 0 15.0652
1 2 25 6 0 -1 4 0 0 0 99 0 0 19.9333
1 2 25 7 0 -1 4 0 0 0 99 0 0 6.07798
1 2 25 8 0 -1 4 0 0 0 99 0 0 3.4567
t 1 25 -3 1 1 0 0 0 0 -2
_00Alto
1 2 25 1 0 0 4 0 0 -2
1 2 25 8 0 0 4 0 0 -2
1 2 25 105 0 1 4 0 0 -1.66
1 1 170 9 0 -1 4 0 0 0 99 0 0 2.8833
1 1 170 10 0 -1 4 0 0 0 99 0 0 7.2833
1 1 170 11 0 -1 4 0 0 0 99 0 0 11.6833
1 1 170 12 0 -1 4 0 0 0 99 0 0 6.1833
1 2 170 1 0 -1 4 0 0 0 99 0 0 7.2833
1 2 170 1 0 -1 4 0 0 0 99 0 0 3.4333
1 2 170 2 0 -1 4 0 0 0 99 0 0 19.9333
1 2 170 3 0 -1 4 0 0 0 99 0 0 8.3833
1 2 170 4 0 -1 4 0 0 0 99 0 0 7.2833
1 2 170 5 0 -1 4 0 0 0 99 0 0 2.8833
t 1 170 -3 1 1 0 0 0 0 -2
_00Tenore
1 1 170 9 0 0 4 0 0 -2
1 2 170 5 0 0 4 0 0 -2
1 2 170 102 0 1 4 0 0 -1.66
