#define SVG t 1 1 \n_99%svg%
t 2 10 14 1 1 0 0 0 0 -1.35
_00
8 1 0 0 0 200
8 2 0 -6 0 200
14 1 0 2
14 1 200 2
14 1 0 2 8
3 2 2
3 1 2 0 1
1 2 25 4 0 -1 4 0 0 0 99 0 0 2.96187
1 2 25 5 0 -1 4 0 0 0 99 0 0 5.68568
1 2 25 6 0 -1 4 0 0 0 99 0 0 7.99044
1 2 25 7 0 -1 4 0 0 0 99 0 0 8.82854
1 2 25 7 0 -1 4 0 0 0 99 0 0 3.79997
1 2 25 8 0 -1 4 0 0 0 99 0 0 12.8095
1 2 25 8 0 -1 4 0 0 0 99 0 0 4.84759
1 2 25 9 0 -1 4 0 0 0 99 0 0 19.9333
1 2 25 10 0 -1 4 0 0 0 99 0 0 4.63806
1 2 25 10 0 -1 4 0 0 0 99 0 0 8.82854
1 2 25 11 0 -1 4 0 0 0 99 0 0 9.45711
1 2 25 11 0 -1 4 0 0 0 99 0 0 2.96187
1 2 25 12 0 -1 4 0 0 0 99 0 0 7.36187
1 2 25 13 0 -1 4 0 0 0 99 0 0 3.59044
t 1 25 -3 1 1 0 0 0 0 -2
_00Canto
1 2 25 4 0 0 4 0 0 -2
1 2 25 13 0 0 4 0 0 -2
1 2 25 109 0 1 4 0 0 -1.66
1 2 54 4 0 -1 4 0 0 0 99 0 0 3.4333
1 2 54 4 0 -1 4 0 0 0 99 0 0 3.4333
1 2 54 5 0 -1 4 0 0 0 99 0 0 8.1083
1 2 54 6 0 -1 4 0 0 0 99 0 0 12.7833
1 2 54 7 0 -1 4 0 0 0 99 0 0 15.8083
1 2 54 7 0 -1 4 0 0 0 99 0 0 3.1583
1 2 54 8 0 -1 4 0 0 0 99 0 0 13.0583
1 2 54 8 0 -1 4 0 0 0 99 0 0 2.8833
1 2 54 9 0 -1 4 0 0 0 99 0 0 19.9333
1 2 54 10 0 -1 4 0 0 0 99 0 0 3.7083
1 2 54 10 0 -1 4 0 0 0 99 0 0 11.9583
1 2 54 11 0 -1 4 0 0 0 99 0 0 16.0833
1 2 54 12 0 -1 4 0 0 0 99 0 0 6.4583
1 2 54 13 0 -1 4 0 0 0 99 0 0 4.5333
t 1 54 -3 1 1 0 0 0 0 -2
_00Quinto
1 2 54 4 0 0 4 0 0 -2
1 2 54 13 0 0 4 0 0 -2
1 2 54 109 0 1 4 0 0 -1.66
1 1 83 12 0 -1 4 0 0 0 99 0 0 2.92991
1 2 83 1 0 -1 4 0 0 0 99 0 0 4.42144
1 2 83 2 0 -1 4 0 0 0 99 0 0 10.3875
1 2 83 3 0 -1 4 0 0 0 99 0 0 5.01805
1 2 83 3 0 -1 4 0 0 0 99 0 0 10.9841
1 2 83 4 0 -1 4 0 0 0 99 0 0 17.8452
1 2 83 4 0 -1 4 0 0 0 99 0 0 5.31635
1 2 83 5 0 -1 4 0 0 0 99 0 0 19.9333
1 2 83 6 0 -1 4 0 0 0 99 0 0 16.3536
1 2 83 7 0 -1 4 0 0 0 99 0 0 9.19432
1 2 83 7 0 -1 4 0 0 0 99 0 0 2.63161
1 2 83 8 0 -1 4 0 0 0 99 0 0 4.12313
t 1 83 -3 1 1 0 0 0 0 -2
_00Alto
1 1 83 12 0 0 4 0 0 -2
1 2 83 8 0 0 4 0 0 -2
1 2 83 105 0 1 4 0 0 -1.66
1 1 112 7 0 -1 4 0 0 0 99 0 0 2.63161
1 1 112 9 0 -1 4 0 0 0 99 0 0 4.71974
1 1 112 10 0 -1 4 0 0 0 99 0 0 7.70279
1 1 112 11 0 -1 4 0 0 0 99 0 0 6.80788
1 1 112 12 0 -1 4 0 0 0 99 0 0 10.9841
1 2 112 1 0 -1 4 0 0 0 99 0 0 9.79093
1 2 112 1 0 -1 4 0 0 0 99 0 0 5.01805
1 2 112 2 0 -1 4 0 0 0 99 0 0 19.9333
1 2 112 3 0 -1 4 0 0 0 99 0 0 4.12313
1 2 112 3 0 -1 4 0 0 0 99 0 0 8.89601
1 2 112 4 0 -1 4 0 0 0 99 0 0 11.2825
1 2 112 4 0 -1 4 0 0 0 99 0 0 2.63161
1 2 112 5 0 -1 4 0 0 0 99 0 0 6.80788
1 2 112 6 0 -1 4 0 0 0 99 0 0 2.92991
t 1 112 -3 1 1 0 0 0 0 -2
_00Tenore
1 1 112 7 0 0 4 0 0 -2
1 2 112 6 0 0 4 0 0 -2
1 2 112 102 0 1 4 0 0 -1.66
1 1 141 7 0 -1 4 0 0 0 99 0 0 3.6211
1 1 141 9 0 -1 4 0 0 0 99 0 0 4.47964
1 1 141 10 0 -1 4 0 0 0 99 0 0 9.63086
1 1 141 11 0 -1 4 0 0 0 99 0 0 11.7772
1 1 141 12 0 -1 4 0 0 0 99 0 0 18.6455
1 1 141 12 0 -1 4 0 0 0 99 0 0 3.19184
1 2 141 1 0 -1 4 0 0 0 99 0 0 14.7821
1 2 141 1 0 -1 4 0 0 0 99 0 0 2.76257
1 2 141 2 0 -1 4 0 0 0 99 0 0 19.9333
1 2 141 3 0 -1 4 0 0 0 99 0 0 3.19184
1 2 141 3 0 -1 4 0 0 0 99 0 0 7.91379
1 2 141 4 0 -1 4 0 0 0 99 0 0 8.34306
1 2 141 4 0 -1 4 0 0 0 99 0 0 4.05037
1 2 141 5 0 -1 4 0 0 0 99 0 0 8.34306
1 2 141 6 0 -1 4 0 0 0 99 0 0 2.76257
t 1 141 -3 1 1 0 0 0 0 -2
_00Sesto
1 1 141 7 0 0 4 0 0 -2
1 2 141 6 0 0 4 0 0 -2
1 2 141 101 0 1 4 0 0 -1.66
1 1 170 4 0 -1 4 0 0 0 99 0 0 3.06663
1 1 170 5 0 -1 4 0 0 0 99 0 0 11.1333
1 1 170 6 0 -1 4 0 0 0 99 0 0 13.3333
1 1 170 7 0 -1 4 0 0 0 99 0 0 18.4666
1 1 170 8 0 -1 4 0 0 0 99 0 0 11.8666
1 1 170 9 0 -1 4 0 0 0 99 0 0 12.6
1 1 170 10 0 -1 4 0 0 0 99 0 0 19.9333
1 1 170 11 0 -1 4 0 0 0 99 0 0 14.0666
1 1 170 12 0 -1 4 0 0 0 99 0 0 17.7333
1 2 170 1 0 -1 4 0 0 0 99 0 0 9.66663
1 2 170 2 0 -1 4 0 0 0 99 0 0 11.1333
t 1 170 -3 1 1 0 0 0 0 -2
_00Basso
1 1 170 4 0 0 4 0 0 -2
1 2 170 2 0 0 4 0 0 -2
1 1 170 110 0 1 4 0 0 -1.66
