#define SVG t 1 1 \n_99%svg%
t 2 10 14 1 1 0 0 0 0 -1.35
_00
8 1 0 0 0 200
8 2 0 -6 0 200
14 1 0 2
14 1 200 2
14 1 0 2 8
3 2 2
3 1 2 0 1
1 2 25 3 0 -1 4 0 0 0 99 0 0 2.9402
1 2 25 4 0 -1 4 0 0 0 99 0 0 3.54709
1 2 25 5 0 -1 4 0 0 0 99 0 0 5.97468
1 2 25 6 0 -1 4 0 0 0 99 0 0 13.2574
1 2 25 7 0 -1 4 0 0 0 99 0 0 4.76089
1 2 25 7 0 -1 4 0 0 0 99 0 0 19.9333
1 2 25 8 0 -1 4 0 0 0 99 0 0 15.0781
1 2 25 8 0 -1 4 0 0 0 99 0 0 7.79537
1 2 25 9 0 -1 4 0 0 0 99 0 0 19.9333
1 2 25 10 0 -1 4 0 0 0 99 0 0 13.8643
1 2 25 11 0 -1 4 0 0 0 99 0 0 11.4367
1 2 25 11 0 -1 4 0 0 0 99 0 0 3.54709
1 2 25 12 0 -1 4 0 0 0 99 0 0 9.00916
t 1 25 -3 1 1 0 0 0 0 -2
_00Canto
1 2 25 3 0 0 4 0 0 -2
1 2 25 12 0 0 4 0 0 -2
1 2 25 108 0 1 4 0 0 -1.66
1 2 97.5 3 0 -1 4 0 0 0 99 0 0 3.36859
1 2 97.5 4 0 -1 4 0 0 0 99 0 0 3.36859
1 2 97.5 4 0 -1 4 0 0 0 99 0 0 5.95683
1 2 97.5 5 0 -1 4 0 0 0 99 0 0 10.6157
1 2 97.5 6 0 -1 4 0 0 0 99 0 0 15.7921
1 2 97.5 7 0 -1 4 0 0 0 99 0 0 4.40389
1 2 97.5 7 0 -1 4 0 0 0 99 0 0 18.898
1 2 97.5 8 0 -1 4 0 0 0 99 0 0 10.6157
1 2 97.5 8 0 -1 4 0 0 0 99 0 0 4.92154
1 2 97.5 9 0 -1 4 0 0 0 99 0 0 19.9333
1 2 97.5 10 0 -1 4 0 0 0 99 0 0 12.1686
1 2 97.5 11 0 -1 4 0 0 0 99 0 0 8.54506
1 2 97.5 11 0 -1 4 0 0 0 99 0 0 2.85095
1 2 97.5 12 0 -1 4 0 0 0 99 0 0 6.47448
t 1 97.5 -3 1 1 0 0 0 0 -2
_00Tenore
1 2 97.5 3 0 0 4 0 0 -2
1 2 97.5 12 0 0 4 0 0 -2
1 2 97.5 108 0 1 4 0 0 -1.66
1 1 170 10 0 -1 4 0 0 0 99 0 0 10.2817
1 1 170 11 0 -1 4 0 0 0 99 0 0 6.30749
1 1 170 12 0 -1 4 0 0 0 99 0 0 2.90104
1 2 170 1 0 -1 4 0 0 0 99 0 0 13.6881
1 2 170 2 0 -1 4 0 0 0 99 0 0 19.9333
1 2 170 3 0 -1 4 0 0 0 99 0 0 10.8494
1 2 170 4 0 -1 4 0 0 0 99 0 0 6.87524
1 2 170 4 0 -1 4 0 0 0 99 0 0 5.73975
1 2 170 5 0 -1 4 0 0 0 99 0 0 15.3914
1 2 170 6 0 -1 4 0 0 0 99 0 0 3.46878
t 1 170 -3 1 1 0 0 0 0 -2
_00Basso
1 1 170 10 0 0 4 0 0 -2
1 2 170 6 0 0 4 0 0 -2
1 2 170 102 0 1 4 0 0 -1.66
