#define SVG t 1 1 \n_99%svg%
t 2 10 14 1 1 0 0 0 0 -1.35
_00
8 1 0 0 0 200
8 2 0 -6 0 200
14 1 0 2
14 1 200 2
14 1 0 2 8
3 2 2
3 1 2 0 1
1 1 25 11 0 -1 4 0 0 0 99 0 0 3.06663
1 2 25 1 0 -1 4 0 0 0 99 0 0 14.8
1 2 25 1 0 -1 4 0 0 0 99 0 0 3.06663
1 2 25 2 0 -1 4 0 0 0 99 0 0 11.1333
1 2 25 3 0 -1 4 0 0 0 99 0 0 3.79997
1 2 25 3 0 -1 4 0 0 0 99 0 0 7.46663
1 2 25 4 0 -1 4 0 0 0 99 0 0 18.4666
1 2 25 4 0 -1 4 0 0 0 99 0 0 4.5333
1 2 25 5 0 -1 4 0 0 0 99 0 0 19.9333
1 2 25 6 0 -1 4 0 0 0 99 0 0 17
1 2 25 7 0 -1 4 0 0 0 99 0 0 5.99997
1 2 25 8 0 -1 4 0 0 0 99 0 0 6.7333
t 1 25 -3 1 1 0 0 0 0 -2
_00Alto
1 1 25 11 0 0 4 0 0 -2
1 2 25 8 0 0 4 0 0 -2
1 2 25 104 0 1 4 0 0 -1.66
1 2 170 1 0 -1 4 0 0 0 99 0 0 13.019
1 2 170 2 0 -1 4 0 0 0 99 0 0 10.5047
1 2 170 3 0 -1 4 0 0 0 99 0 0 2.96187
1 2 170 3 0 -1 4 0 0 0 99 0 0 8.61901
1 2 170 4 0 -1 4 0 0 0 99 0 0 15.5333
1 2 170 4 0 -1 4 0 0 0 99 0 0 4.84759
1 2 170 5 0 -1 4 0 0 0 99 0 0 19.9333
1 2 170 6 0 -1 4 0 0 0 99 0 0 18.0476
1 2 170 7 0 -1 4 0 0 0 99 0 0 6.10473
1 2 170 7 0 -1 4 0 0 0 99 0 0 3.59044
1 2 170 8 0 -1 4 0 0 0 99 0 0 9.24759
t 1 170 -3 1 1 0 0 0 0 -2
_00Quinto
1 2 170 1 0 0 4 0 0 -2
1 2 170 8 0 0 4 0 0 -2
1 2 170 105 0 1 4 0 0 -1.66
