#define SVG t 1 1 \n_99%svg%
t 2 10 14 1 1 0 0 0 0 -1.35
_00
8 1 0 0 0 200
8 2 0 -6 0 200
14 1 0 2
14 1 200 2
14 1 0 2 8
3 2 2
3 1 2 0 1
1 2 25 4 0 -1 4 0 0 0 99 0 0 2.79646
1 2 25 5 0 -1 4 0 0 0 99 0 0 3.25962
1 2 25 6 0 -1 4 0 0 0 99 0 0 2.79646
1 2 25 6 0 -1 4 0 0 0 99 0 0 11.5965
1 2 25 7 0 -1 4 0 0 0 99 0 0 3.25962
1 2 25 7 0 -1 4 0 0 0 99 0 0 8.81751
1 2 25 8 0 -1 4 0 0 0 99 0 0 8.35435
1 2 25 8 0 -1 4 0 0 0 99 0 0 6.03856
1 2 25 9 0 -1 4 0 0 0 99 0 0 19.9333
1 2 25 10 0 -1 4 0 0 0 99 0 0 12.9859
1 2 25 11 0 -1 4 0 0 0 99 0 0 10.6701
1 2 25 12 0 -1 4 0 0 0 99 0 0 2.79646
t 1 25 -3 1 1 0 0 0 0 -2
_00Canto
1 2 25 4 0 0 4 0 0 -2
1 2 25 12 0 0 4 0 0 -2
1 2 25 109 0 1 4 0 0 -1.66
1 2 61.25 6 0 -1 4 0 0 0 99 0 0 2.86663
1 2 61.25 6 0 -1 4 0 0 0 99 0 0 9.79997
1 2 61.25 7 0 -1 4 0 0 0 99 0 0 6.59997
1 2 61.25 8 0 -1 4 0 0 0 99 0 0 6.59997
1 2 61.25 8 0 -1 4 0 0 0 99 0 0 4.99997
1 2 61.25 9 0 -1 4 0 0 0 99 0 0 19.9333
1 2 61.25 10 0 -1 4 0 0 0 99 0 0 15.6666
1 2 61.25 11 0 -1 4 0 0 0 99 0 0 15.6666
1 2 61.25 11 0 -1 4 0 0 0 99 0 0 3.9333
1 2 61.25 12 0 -1 4 0 0 0 99 0 0 4.99997
1 2 61.25 13 0 -1 4 0 0 0 99 0 0 4.46663
t 1 61.25 -3 1 1 0 0 0 0 -2
_00Quinto
1 2 61.25 6 0 0 4 0 0 -2
1 2 61.25 13 0 0 4 0 0 -2
1 2 61.25 109 0 1 4 0 0 -1.66
1 1 97.5 11 0 -1 4 0 0 0 99 0 0 3.01022
1 1 97.5 11 0 -1 4 0 0 0 99 0 0 4.70253
1 1 97.5 12 0 -1 4 0 0 0 99 0 0 3.01022
1 2 97.5 1 0 -1 4 0 0 0 99 0 0 2.67176
1 2 97.5 1 0 -1 4 0 0 0 99 0 0 2.67176
1 2 97.5 2 0 -1 4 0 0 0 99 0 0 7.74868
1 2 97.5 3 0 -1 4 0 0 0 99 0 0 8.76407
1 2 97.5 4 0 -1 4 0 0 0 99 0 0 7.07176
1 2 97.5 4 0 -1 4 0 0 0 99 0 0 3.68715
1 2 97.5 5 0 -1 4 0 0 0 99 0 0 5.71792
1 2 97.5 6 0 -1 4 0 0 0 99 0 0 2.67176
1 2 97.5 6 0 -1 4 0 0 0 99 0 0 19.9333
1 2 97.5 7 0 -1 4 0 0 0 99 0 0 5.04099
t 1 97.5 -3 1 1 0 0 0 0 -2
_00Alto
1 1 97.5 11 0 0 4 0 0 -2
1 2 97.5 7 0 0 4 0 0 -2
1 2 97.5 105 0 1 4 0 0 -1.66
1 1 133.75 10 0 -1 4 0 0 0 99 0 0 3.33901
1 1 133.75 11 0 -1 4 0 0 0 99 0 0 12.8933
1 1 133.75 12 0 -1 4 0 0 0 99 0 0 3.33901
1 1 133.75 12 0 -1 4 0 0 0 99 0 0 7.36187
1 2 133.75 1 0 -1 4 0 0 0 99 0 0 8.87044
1 2 133.75 1 0 -1 4 0 0 0 99 0 0 4.34473
1 2 133.75 2 0 -1 4 0 0 0 99 0 0 19.9333
1 2 133.75 3 0 -1 4 0 0 0 99 0 0 17.419
1 2 133.75 4 0 -1 4 0 0 0 99 0 0 10.379
1 2 133.75 4 0 -1 4 0 0 0 99 0 0 3.33901
1 2 133.75 5 0 -1 4 0 0 0 99 0 0 6.85901
1 2 133.75 6 0 -1 4 0 0 0 99 0 0 5.8533
t 1 133.75 -3 1 1 0 0 0 0 -2
_00Tenore
1 1 133.75 10 0 0 4 0 0 -2
1 2 133.75 6 0 0 4 0 0 -2
1 2 133.75 102 0 1 4 0 0 -1.66
1 1 170 6 0 -1 4 0 0 0 99 0 0 4.05037
1 1 170 7 0 -1 4 0 0 0 99 0 0 19.9333
1 1 170 8 0 -1 4 0 0 0 99 0 0 9.20159
1 1 170 9 0 -1 4 0 0 0 99 0 0 6.19671
1 1 170 9 0 -1 4 0 0 0 99 0 0 4.05037
1 1 170 10 0 -1 4 0 0 0 99 0 0 9.63086
1 1 170 11 0 -1 4 0 0 0 99 0 0 13.4943
1 1 170 12 0 -1 4 0 0 0 99 0 0 3.19184
1 1 170 12 0 -1 4 0 0 0 99 0 0 2.76257
1 2 170 1 0 -1 4 0 0 0 99 0 0 2.76257
1 2 170 1 0 -1 4 0 0 0 99 0 0 3.6211
1 2 170 2 0 -1 4 0 0 0 99 0 0 5.76745
t 1 170 -3 1 1 0 0 0 0 -2
_00Basso
1 1 170 6 0 0 4 0 0 -2
1 2 170 2 0 0 4 0 0 -2
1 1 170 109 0 1 4 0 0 -1.66
