#define SVG t 1 1 \n_99%svg%
t 2 10 14 1 1 0 0 0 0 -1.35
_00
8 1 0 0 0 200
8 2 0 -6 0 200
14 1 0 2
14 1 200 2
14 1 0 2 8
3 2 2
3 1 2 0 1
1 2 25 2 0 -1 4 0 0 0 99 0 0 4.58011
1 2 25 3 0 -1 4 0 0 0 99 0 0 4.20564
1 2 25 4 0 -1 4 0 0 0 99 0 0 5.70351
1 2 25 5 0 -1 4 0 0 0 99 0 0 9.07373
1 2 25 6 0 -1 4 0 0 0 99 0 0 12.0695
1 2 25 7 0 -1 4 0 0 0 99 0 0 14.3163
1 2 25 7 0 -1 4 0 0 0 99 0 0 3.08224
1 2 25 8 0 -1 4 0 0 0 99 0 0 15.4397
1 2 25 8 0 -1 4 0 0 0 99 0 0 3.4567
1 2 25 9 0 -1 4 0 0 0 99 0 0 19.9333
1 2 25 10 0 -1 4 0 0 0 99 0 0 3.08224
1 2 25 10 0 -1 4 0 0 0 99 0 0 6.07798
1 2 25 11 0 -1 4 0 0 0 99 0 0 4.95458
t 1 25 -3 1 1 0 0 0 0 -2
_00Canto
1 2 25 2 0 0 4 0 0 -2
1 2 25 11 0 0 4 0 0 -2
1 2 25 108 0 1 4 0 0 -1.66
1 1 73.3333 10 0 -1 4 0 0 0 99 0 0 3.36859
1 1 73.3333 11 0 -1 4 0 0 0 99 0 0 4.40389
1 1 73.3333 12 0 -1 4 0 0 0 99 0 0 4.05879
1 1 73.3333 12 0 -1 4 0 0 0 99 0 0 2.6784
1 2 73.3333 1 0 -1 4 0 0 0 99 0 0 6.12938
1 2 73.3333 2 0 -1 4 0 0 0 99 0 0 9.92546
1 2 73.3333 3 0 -1 4 0 0 0 99 0 0 2.6784
1 2 73.3333 3 0 -1 4 0 0 0 99 0 0 7.85487
1 2 73.3333 4 0 -1 4 0 0 0 99 0 0 13.3764
1 2 73.3333 4 0 -1 4 0 0 0 99 0 0 3.36859
1 2 73.3333 5 0 -1 4 0 0 0 99 0 0 19.9333
1 2 73.3333 6 0 -1 4 0 0 0 99 0 0 16.1372
1 2 73.3333 7 0 -1 4 0 0 0 99 0 0 10.2706
1 2 73.3333 7 0 -1 4 0 0 0 99 0 0 2.6784
1 2 73.3333 8 0 -1 4 0 0 0 99 0 0 4.74899
1 2 73.3333 9 0 -1 4 0 0 0 99 0 0 2.6784
t 1 73.3333 -3 1 1 0 0 0 0 -2
_00Alto
1 1 73.3333 10 0 0 4 0 0 -2
1 2 73.3333 9 0 0 4 0 0 -2
1 2 73.3333 105 0 1 4 0 0 -1.66
1 1 121.667 7 0 -1 4 0 0 0 99 0 0 3.0235
1 1 121.667 8 0 -1 4 0 0 0 99 0 0 2.6784
1 1 121.667 9 0 -1 4 0 0 0 99 0 0 4.74899
1 1 121.667 10 0 -1 4 0 0 0 99 0 0 6.81957
1 1 121.667 11 0 -1 4 0 0 0 99 0 0 5.78428
1 1 121.667 12 0 -1 4 0 0 0 99 0 0 9.23526
1 1 121.667 12 0 -1 4 0 0 0 99 0 0 2.6784
1 2 121.667 1 0 -1 4 0 0 0 99 0 0 14.7568
1 2 121.667 2 0 -1 4 0 0 0 99 0 0 19.9333
1 2 121.667 3 0 -1 4 0 0 0 99 0 0 4.05879
1 2 121.667 3 0 -1 4 0 0 0 99 0 0 11.6509
1 2 121.667 4 0 -1 4 0 0 0 99 0 0 13.0313
1 2 121.667 4 0 -1 4 0 0 0 99 0 0 3.71369
1 2 121.667 5 0 -1 4 0 0 0 99 0 0 11.6509
1 2 121.667 6 0 -1 4 0 0 0 99 0 0 3.0235
t 1 121.667 -3 1 1 0 0 0 0 -2
_00Tenore
1 1 121.667 7 0 0 4 0 0 -2
1 2 121.667 6 0 0 4 0 0 -2
1 2 121.667 102 0 1 4 0 0 -1.66
1 1 170 5 0 -1 4 0 0 0 99 0 0 5.01156
1 1 170 6 0 -1 4 0 0 0 99 0 0 6.15939
1 1 170 7 0 -1 4 0 0 0 99 0 0 9.98547
1 1 170 8 0 -1 4 0 0 0 99 0 0 3.09852
1 1 170 8 0 -1 4 0 0 0 99 0 0 5.39417
1 1 170 9 0 -1 4 0 0 0 99 0 0 8.83765
1 1 170 10 0 -1 4 0 0 0 99 0 0 19.9333
1 1 170 11 0 -1 4 0 0 0 99 0 0 10.7507
1 1 170 12 0 -1 4 0 0 0 99 0 0 11.1333
1 2 170 1 0 -1 4 0 0 0 99 0 0 11.1333
1 2 170 2 0 -1 4 0 0 0 99 0 0 7.68982
1 2 170 3 0 -1 4 0 0 0 99 0 0 2.71591
t 1 170 -3 1 1 0 0 0 0 -2
_00Basso
1 1 170 5 0 0 4 0 0 -2
1 2 170 3 0 0 4 0 0 -2
1 1 170 110 0 1 4 0 0 -1.66
