#define SVG t 1 1 \n_99%svg%
t 2 10 14 1 1 0 0 0 0 -1.35
_00
8 1 0 0 0 200
8 2 0 -6 0 200
14 1 0 2
14 1 200 2
14 1 0 2 8
3 2 2
3 1 2 0 1
1 2 25 1 0 -1 4 0 0 0 99 0 0 3.59044
1 2 25 2 0 -1 4 0 0 0 99 0 0 7.36187
1 2 25 3 0 -1 4 0 0 0 99 0 0 5.47616
1 2 25 4 0 -1 4 0 0 0 99 0 0 11.1333
1 2 25 4 0 -1 4 0 0 0 99 0 0 4.84759
1 2 25 5 0 -1 4 0 0 0 99 0 0 17.419
1 2 25 6 0 -1 4 0 0 0 99 0 0 19.9333
1 2 25 7 0 -1 4 0 0 0 99 0 0 14.9047
1 2 25 7 0 -1 4 0 0 0 99 0 0 3.59044
1 2 25 8 0 -1 4 0 0 0 99 0 0 16.1619
1 2 25 9 0 -1 4 0 0 0 99 0 0 7.99044
1 2 25 10 0 -1 4 0 0 0 99 0 0 2.96187
t 1 25 -3 1 1 0 0 0 0 -2
_00Canto
1 2 25 1 0 0 4 0 0 -2
1 2 25 10 0 0 4 0 0 -2
1 2 25 106 0 1 4 0 0 -1.66
1 1 61.25 10 0 -1 4 0 0 0 99 0 0 3.84187
1 1 61.25 11 0 -1 4 0 0 0 99 0 0 3.84187
1 1 61.25 12 0 -1 4 0 0 0 99 0 0 6.35616
1 1 61.25 12 0 -1 4 0 0 0 99 0 0 3.33901
1 2 61.25 1 0 -1 4 0 0 0 99 0 0 12.3904
1 2 61.25 1 0 -1 4 0 0 0 99 0 0 2.83616
1 2 61.25 2 0 -1 4 0 0 0 99 0 0 19.9333
1 2 61.25 3 0 -1 4 0 0 0 99 0 0 2.83616
1 2 61.25 3 0 -1 4 0 0 0 99 0 0 11.8876
1 2 61.25 4 0 -1 4 0 0 0 99 0 0 16.4133
1 2 61.25 4 0 -1 4 0 0 0 99 0 0 3.33901
1 2 61.25 5 0 -1 4 0 0 0 99 0 0 12.3904
1 2 61.25 6 0 -1 4 0 0 0 99 0 0 5.35044
1 2 61.25 7 0 -1 4 0 0 0 99 0 0 4.34473
t 1 61.25 -3 1 1 0 0 0 0 -2
_00Alto
1 1 61.25 10 0 0 4 0 0 -2
1 2 61.25 7 0 0 4 0 0 -2
1 2 61.25 103 0 1 4 0 0 -1.66
1 1 97.5 6 0 -1 4 0 0 0 99 0 0 3.39997
1 1 97.5 7 0 -1 4 0 0 0 99 0 0 9.79997
1 1 97.5 8 0 -1 4 0 0 0 99 0 0 3.39997
1 1 97.5 8 0 -1 4 0 0 0 99 0 0 3.39997
1 1 97.5 9 0 -1 4 0 0 0 99 0 0 10.8666
1 1 97.5 9 0 -1 4 0 0 0 99 0 0 3.39997
1 1 97.5 10 0 -1 4 0 0 0 99 0 0 11.9333
1 1 97.5 11 0 -1 4 0 0 0 99 0 0 19.9333
1 1 97.5 12 0 -1 4 0 0 0 99 0 0 11.4
1 1 97.5 12 0 -1 4 0 0 0 99 0 0 3.9333
1 2 97.5 1 0 -1 4 0 0 0 99 0 0 8.7333
1 2 97.5 1 0 -1 4 0 0 0 99 0 0 4.99997
1 2 97.5 2 0 -1 4 0 0 0 99 0 0 10.8666
1 2 97.5 3 0 -1 4 0 0 0 99 0 0 3.9333
1 2 97.5 3 0 -1 4 0 0 0 99 0 0 3.9333
1 2 97.5 4 0 -1 4 0 0 0 99 0 0 4.99997
t 1 97.5 -3 1 1 0 0 0 0 -2
_00Tenore
1 1 97.5 6 0 0 4 0 0 -2
1 2 97.5 4 0 0 4 0 0 -2
1 1 97.5 111 0 1 4 0 0 -1.66
1 1 133.75 6 0 -1 4 0 0 0 99 0 0 3.46878
1 1 133.75 7 0 -1 4 0 0 0 99 0 0 10.8494
1 1 133.75 8 0 -1 4 0 0 0 99 0 0 2.90104
1 1 133.75 8 0 -1 4 0 0 0 99 0 0 4.03653
1 1 133.75 9 0 -1 4 0 0 0 99 0 0 8.01072
1 1 133.75 10 0 -1 4 0 0 0 99 0 0 11.9849
1 1 133.75 11 0 -1 4 0 0 0 99 0 0 19.9333
1 1 133.75 12 0 -1 4 0 0 0 99 0 0 14.8236
1 1 133.75 12 0 -1 4 0 0 0 99 0 0 2.90104
1 2 133.75 1 0 -1 4 0 0 0 99 0 0 14.2559
1 2 133.75 1 0 -1 4 0 0 0 99 0 0 3.46878
1 2 133.75 2 0 -1 4 0 0 0 99 0 0 15.9591
1 2 133.75 3 0 -1 4 0 0 0 99 0 0 4.60427
1 2 133.75 3 0 -1 4 0 0 0 99 0 0 4.03653
1 2 133.75 4 0 -1 4 0 0 0 99 0 0 6.30749
t 1 133.75 -3 1 1 0 0 0 0 -2
_00Quinto
1 1 133.75 6 0 0 4 0 0 -2
1 2 133.75 4 0 0 4 0 0 -2
1 1 133.75 112 0 1 4 0 0 -1.66
1 1 170 2 0 -1 4 0 0 0 99 0 0 7.50977
1 1 170 2 0 -1 4 0 0 0 99 0 0 4.40389
1 1 170 3 0 -1 4 0 0 0 99 0 0 12.6862
1 1 170 4 0 -1 4 0 0 0 99 0 0 5.43918
1 1 170 5 0 -1 4 0 0 0 99 0 0 14.7568
1 1 170 6 0 -1 4 0 0 0 99 0 0 13.7215
1 1 170 7 0 -1 4 0 0 0 99 0 0 19.9333
1 1 170 8 0 -1 4 0 0 0 99 0 0 5.43918
1 1 170 8 0 -1 4 0 0 0 99 0 0 4.40389
1 1 170 9 0 -1 4 0 0 0 99 0 0 13.7215
1 1 170 10 0 -1 4 0 0 0 99 0 0 6.47448
1 1 170 11 0 -1 4 0 0 0 99 0 0 3.36859
1 1 170 12 0 -1 4 0 0 0 99 0 0 3.36859
t 1 170 -3 1 1 0 0 0 0 -2
_00Basso
1 1 170 2 0 0 4 0 0 -2
1 1 170 12 0 0 4 0 0 -2
1 1 170 106 0 1 4 0 0 -1.66
