#define SVG t 1 1 \n_99%svg%
t 2 10 14 1 1 0 0 0 0 -1.35
_00
8 1 0 0 0 200
8 2 0 -6 0 200
14 1 0 2
14 1 200 2
14 1 0 2 8
3 2 2
3 1 2 0 1
1 2 25 1 0 -1 4 0 0 0 99 0 0 3.19887
1 2 25 3 0 -1 4 0 0 0 99 0 0 5.50707
1 2 25 4 0 -1 4 0 0 0 99 0 0 4.6415
1 2 25 4 0 -1 4 0 0 0 99 0 0 2.91035
1 2 25 5 0 -1 4 0 0 0 99 0 0 13.2972
1 2 25 6 0 -1 4 0 0 0 99 0 0 3.4874
1 2 25 6 0 -1 4 0 0 0 99 0 0 19.9333
1 2 25 7 0 -1 4 0 0 0 99 0 0 3.19887
1 2 25 7 0 -1 4 0 0 0 99 0 0 17.6251
1 2 25 8 0 -1 4 0 0 0 99 0 0 18.4907
1 2 25 8 0 -1 4 0 0 0 99 0 0 3.4874
1 2 25 9 0 -1 4 0 0 0 99 0 0 9.83494
1 2 25 10 0 -1 4 0 0 0 99 0 0 5.7956
t 1 25 -3 1 1 0 0 0 0 -2
_00Canto
1 2 25 1 0 0 4 0 0 -2
1 2 25 10 0 0 4 0 0 -2
1 2 25 107 0 1 4 0 0 -1.66
1 1 73.3333 9 0 -1 4 0 0 0 99 0 0 2.56797
1 1 73.3333 10 0 -1 4 0 0 0 99 0 0 2.80263
1 1 73.3333 11 0 -1 4 0 0 0 99 0 0 2.56797
1 1 73.3333 11 0 -1 4 0 0 0 99 0 0 4.67997
1 1 73.3333 12 0 -1 4 0 0 0 99 0 0 4.21063
1 2 73.3333 1 0 -1 4 0 0 0 99 0 0 6.5573
1 2 73.3333 2 0 -1 4 0 0 0 99 0 0 11.2506
1 2 73.3333 3 0 -1 4 0 0 0 99 0 0 2.56797
1 2 73.3333 3 0 -1 4 0 0 0 99 0 0 19.9333
1 2 73.3333 4 0 -1 4 0 0 0 99 0 0 13.3626
1 2 73.3333 4 0 -1 4 0 0 0 99 0 0 5.38397
1 2 73.3333 5 0 -1 4 0 0 0 99 0 0 18.9946
1 2 73.3333 6 0 -1 4 0 0 0 99 0 0 3.0373
1 2 73.3333 6 0 -1 4 0 0 0 99 0 0 7.9653
t 1 73.3333 -3 1 1 0 0 0 0 -2
_00Alto
1 1 73.3333 9 0 0 4 0 0 -2
1 2 73.3333 6 0 0 4 0 0 -2
1 2 73.3333 104 0 1 4 0 0 -1.66
1 1 121.667 6 0 -1 4 0 0 0 99 0 0 2.96187
1 1 121.667 7 0 -1 4 0 0 0 99 0 0 2.64759
1 1 121.667 8 0 -1 4 0 0 0 99 0 0 5.47616
1 1 121.667 9 0 -1 4 0 0 0 99 0 0 5.79044
1 1 121.667 9 0 -1 4 0 0 0 99 0 0 2.64759
1 1 121.667 10 0 -1 4 0 0 0 99 0 0 13.3333
1 1 121.667 11 0 -1 4 0 0 0 99 0 0 2.64759
1 1 121.667 11 0 -1 4 0 0 0 99 0 0 17.419
1 1 121.667 12 0 -1 4 0 0 0 99 0 0 17.7333
1 2 121.667 1 0 -1 4 0 0 0 99 0 0 19.9333
1 2 121.667 1 0 -1 4 0 0 0 99 0 0 2.96187
1 2 121.667 2 0 -1 4 0 0 0 99 0 0 17.419
1 2 121.667 3 0 -1 4 0 0 0 99 0 0 11.4476
1 2 121.667 4 0 -1 4 0 0 0 99 0 0 4.21901
t 1 121.667 -3 1 1 0 0 0 0 -2
_00Tenore
1 1 121.667 6 0 0 4 0 0 -2
1 2 121.667 4 0 0 4 0 0 -2
1 1 121.667 112 0 1 4 0 0 -1.66
1 1 170 7 0 -1 4 0 0 0 99 0 0 3.07696
1 1 170 8 0 -1 4 0 0 0 99 0 0 3.57274
1 1 170 9 0 -1 4 0 0 0 99 0 0 4.3164
1 1 170 9 0 -1 4 0 0 0 99 0 0 2.58119
1 1 170 10 0 -1 4 0 0 0 99 0 0 10.7615
1 1 170 11 0 -1 4 0 0 0 99 0 0 17.2065
1 1 170 12 0 -1 4 0 0 0 99 0 0 2.58119
1 1 170 12 0 -1 4 0 0 0 99 0 0 14.9756
1 2 170 1 0 -1 4 0 0 0 99 0 0 19.9333
1 2 170 1 0 -1 4 0 0 0 99 0 0 3.32485
1 2 170 2 0 -1 4 0 0 0 99 0 0 13.984
1 2 170 3 0 -1 4 0 0 0 99 0 0 10.0178
1 2 170 4 0 -1 4 0 0 0 99 0 0 3.82062
t 1 170 -3 1 1 0 0 0 0 -2
_00Quinto
1 1 170 7 0 0 4 0 0 -2
1 2 170 4 0 0 4 0 0 -2
1 1 170 112 0 1 4 0 0 -1.66
