#define SVG t 1 1 \n_99%svg%
t 2 10 14 1 1 0 0 0 0 -1.35
_00
8 1 0 0 0 200
8 2 0 -6 0 200
14 1 0 2
14 1 200 2
14 1 0 2 8
3 2 2
3 1 2 0 1
1 2 25 3 0 -1 4 0 0 0 99 0 0 3.4333
1 2 25 4 0 -1 4 0 0 0 99 0 0 2.69997
1 2 25 4 0 -1 4 0 0 0 99 0 0 3.06663
1 2 25 5 0 -1 4 0 0 0 99 0 0 7.8333
1 2 25 6 0 -1 4 0 0 0 99 0 0 3.06663
1 2 25 6 0 -1 4 0 0 0 99 0 0 11.5
1 2 25 7 0 -1 4 0 0 0 99 0 0 11.1333
1 2 25 8 0 -1 4 0 0 0 99 0 0 15.1666
1 2 25 8 0 -1 4 0 0 0 99 0 0 3.79997
1 2 25 9 0 -1 4 0 0 0 99 0 0 18.4666
1 2 25 10 0 -1 4 0 0 0 99 0 0 19.9333
1 2 25 11 0 -1 4 0 0 0 99 0 0 7.09997
1 2 25 12 0 -1 4 0 0 0 99 0 0 3.06663
t 1 25 -3 1 1 0 0 0 0 -2
_00Canto
1 2 25 3 0 0 4 0 0 -2
1 2 25 12 0 0 4 0 0 -2
1 2 25 108 0 1 4 0 0 -1.66
1 1 61.25 10 0 -1 4 0 0 0 99 0 0 3.85054
1 1 61.25 11 0 -1 4 0 0 0 99 0 0 2.63675
1 1 61.25 12 0 -1 4 0 0 0 99 0 0 2.9402
1 2 61.25 1 0 -1 4 0 0 0 99 0 0 3.24364
1 2 61.25 2 0 -1 4 0 0 0 99 0 0 4.76089
1 2 61.25 3 0 -1 4 0 0 0 99 0 0 6.27813
1 2 61.25 4 0 -1 4 0 0 0 99 0 0 3.85054
1 2 61.25 4 0 -1 4 0 0 0 99 0 0 7.18847
1 2 61.25 5 0 -1 4 0 0 0 99 0 0 16.2919
1 2 61.25 6 0 -1 4 0 0 0 99 0 0 3.54709
1 2 61.25 6 0 -1 4 0 0 0 99 0 0 19.9333
1 2 61.25 7 0 -1 4 0 0 0 99 0 0 2.9402
1 2 61.25 7 0 -1 4 0 0 0 99 0 0 9.00916
1 2 61.25 8 0 -1 4 0 0 0 99 0 0 9.31261
t 1 61.25 -3 1 1 0 0 0 0 -2
_00Alto
1 1 61.25 10 0 0 4 0 0 -2
1 2 61.25 8 0 0 4 0 0 -2
1 2 61.25 106 0 1 4 0 0 -1.66
1 1 97.5 8 0 -1 4 0 0 0 99 0 0 2.78458
1 1 97.5 10 0 -1 4 0 0 0 99 0 0 10.9077
1 1 97.5 11 0 -1 4 0 0 0 99 0 0 15.4205
1 1 97.5 12 0 -1 4 0 0 0 99 0 0 2.78458
1 1 97.5 12 0 -1 4 0 0 0 99 0 0 14.0666
1 2 97.5 1 0 -1 4 0 0 0 99 0 0 19.9333
1 2 97.5 1 0 -1 4 0 0 0 99 0 0 4.13843
1 2 97.5 2 0 -1 4 0 0 0 99 0 0 18.5795
1 2 97.5 3 0 -1 4 0 0 0 99 0 0 13.1641
1 2 97.5 4 0 -1 4 0 0 0 99 0 0 8.19997
1 2 97.5 4 0 -1 4 0 0 0 99 0 0 3.23586
1 2 97.5 5 0 -1 4 0 0 0 99 0 0 10.9077
1 2 97.5 6 0 -1 4 0 0 0 99 0 0 3.23586
t 1 97.5 -3 1 1 0 0 0 0 -2
_00Tenore
1 1 97.5 8 0 0 4 0 0 -2
1 2 97.5 6 0 0 4 0 0 -2
1 2 97.5 101 0 1 4 0 0 -1.66
1 1 133.75 9 0 -1 4 0 0 0 99 0 0 2.66538
1 1 133.75 10 0 -1 4 0 0 0 99 0 0 5.98613
1 1 133.75 11 0 -1 4 0 0 0 99 0 0 6.98236
1 1 133.75 12 0 -1 4 0 0 0 99 0 0 5.98613
1 2 133.75 1 0 -1 4 0 0 0 99 0 0 12.2956
1 2 133.75 1 0 -1 4 0 0 0 99 0 0 2.66538
1 2 133.75 2 0 -1 4 0 0 0 99 0 0 19.9333
1 2 133.75 3 0 -1 4 0 0 0 99 0 0 18.2729
1 2 133.75 4 0 -1 4 0 0 0 99 0 0 10.9673
1 2 133.75 4 0 -1 4 0 0 0 99 0 0 2.99745
1 2 133.75 5 0 -1 4 0 0 0 99 0 0 10.3031
1 2 133.75 6 0 -1 4 0 0 0 99 0 0 2.66538
1 2 133.75 6 0 -1 4 0 0 0 99 0 0 3.99368
t 1 133.75 -3 1 1 0 0 0 0 -2
_00Quinto
1 1 133.75 9 0 0 4 0 0 -2
1 2 133.75 6 0 0 4 0 0 -2
1 2 133.75 102 0 1 4 0 0 -1.66
1 1 170 6 0 -1 4 0 0 0 99 0 0 12.0695
1 1 170 6 0 -1 4 0 0 0 99 0 0 3.08224
1 1 170 7 0 -1 4 0 0 0 99 0 0 14.3163
1 1 170 8 0 -1 4 0 0 0 99 0 0 9.07373
1 1 170 9 0 -1 4 0 0 0 99 0 0 11.695
1 1 170 10 0 -1 4 0 0 0 99 0 0 19.9333
1 1 170 11 0 -1 4 0 0 0 99 0 0 2.70777
1 1 170 11 0 -1 4 0 0 0 99 0 0 12.4439
1 1 170 12 0 -1 4 0 0 0 99 0 0 3.08224
1 1 170 12 0 -1 4 0 0 0 99 0 0 3.08224
1 2 170 1 0 -1 4 0 0 0 99 0 0 6.07798
1 2 170 2 0 -1 4 0 0 0 99 0 0 2.70777
t 1 170 -3 1 1 0 0 0 0 -2
_00Basso
1 1 170 6 0 0 4 0 0 -2
1 2 170 2 0 0 4 0 0 -2
1 1 170 109 0 1 4 0 0 -1.66
