#define SVG t 1 1 \n_99%svg%
t 2 10 14 1 1 0 0 0 0 -1.35
_00
8 1 0 0 0 200
8 2 0 -6 0 200
14 1 0 2
14 1 200 2
14 1 0 2 8
3 2 2
3 1 2 0 1
1 2 25 2 0 -1 4 0 0 0 99 0 0 5.71792
1 2 25 3 0 -1 4 0 0 0 99 0 0 7.07176
1 2 25 4 0 -1 4 0 0 0 99 0 0 4.36407
1 2 25 4 0 -1 4 0 0 0 99 0 0 6.39484
1 2 25 5 0 -1 4 0 0 0 99 0 0 15.8718
1 2 25 6 0 -1 4 0 0 0 99 0 0 3.68715
1 2 25 6 0 -1 4 0 0 0 99 0 0 19.9333
1 2 25 7 0 -1 4 0 0 0 99 0 0 19.9333
1 2 25 8 0 -1 4 0 0 0 99 0 0 19.9333
1 2 25 8 0 -1 4 0 0 0 99 0 0 3.01022
1 2 25 9 0 -1 4 0 0 0 99 0 0 17.9025
1 2 25 10 0 -1 4 0 0 0 99 0 0 10.4564
t 1 25 -3 1 1 0 0 0 0 -2
_00Quinto
1 2 25 2 0 0 4 0 0 -2
1 2 25 10 0 0 4 0 0 -2
1 2 25 107 0 1 4 0 0 -1.66
1 1 97.5 10 0 -1 4 0 0 0 99 0 0 4.90891
1 1 97.5 11 0 -1 4 0 0 0 99 0 0 5.33818
1 1 97.5 12 0 -1 4 0 0 0 99 0 0 7.05525
1 2 97.5 1 0 -1 4 0 0 0 99 0 0 9.63086
1 2 97.5 1 0 -1 4 0 0 0 99 0 0 3.19184
1 2 97.5 2 0 -1 4 0 0 0 99 0 0 16.9284
1 2 97.5 3 0 -1 4 0 0 0 99 0 0 19.9333
1 2 97.5 4 0 -1 4 0 0 0 99 0 0 9.20159
1 2 97.5 4 0 -1 4 0 0 0 99 0 0 4.90891
1 2 97.5 5 0 -1 4 0 0 0 99 0 0 10.9187
1 2 97.5 6 0 -1 4 0 0 0 99 0 0 3.19184
t 1 97.5 -3 1 1 0 0 0 0 -2
_00Alto
1 1 97.5 10 0 0 4 0 0 -2
1 2 97.5 6 0 0 4 0 0 -2
1 2 97.5 103 0 1 4 0 0 -1.66
1 1 170 2 0 -1 4 0 0 0 99 0 0 3.1714
1 1 170 3 0 -1 4 0 0 0 99 0 0 8.19997
1 1 170 4 0 -1 4 0 0 0 99 0 0 8.19997
1 1 170 5 0 -1 4 0 0 0 99 0 0 3.1714
1 1 170 5 0 -1 4 0 0 0 99 0 0 6.52378
1 1 170 6 0 -1 4 0 0 0 99 0 0 10.7143
1 1 170 6 0 -1 4 0 0 0 99 0 0 3.1714
1 1 170 7 0 -1 4 0 0 0 99 0 0 19.9333
1 1 170 8 0 -1 4 0 0 0 99 0 0 15.7428
1 1 170 9 0 -1 4 0 0 0 99 0 0 8.19997
1 1 170 9 0 -1 4 0 0 0 99 0 0 4.84759
1 1 170 10 0 -1 4 0 0 0 99 0 0 15.7428
1 1 170 11 0 -1 4 0 0 0 99 0 0 9.87616
1 1 170 12 0 -1 4 0 0 0 99 0 0 3.1714
1 2 170 1 0 -1 4 0 0 0 99 0 0 3.1714
t 1 170 -3 1 1 0 0 0 0 -2
_00Basso
1 1 170 2 0 0 4 0 0 -2
1 2 170 1 0 0 4 0 0 -2
1 1 170 107 0 1 4 0 0 -1.66
