#define SVG t 1 1 \n_99%svg%
t 2 10 14 1 1 0 0 0 0 -1.35
_00
8 1 0 0 0 200
8 2 0 -6 0 200
14 1 0 2
14 1 200 2
14 1 0 2 8
3 2 2
3 1 2 0 1
1 2 25 8 0 -1 4 0 0 0 99 0 0 3.9333
1 2 25 9 0 -1 4 0 0 0 99 0 0 18.3333
1 2 25 10 0 -1 4 0 0 0 99 0 0 19.9333
1 2 25 11 0 -1 4 0 0 0 99 0 0 13.5333
1 2 25 12 0 -1 4 0 0 0 99 0 0 11.1333
t 1 25 -3 1 1 0 0 0 0 -2
_00Canto
1 2 25 8 0 0 4 0 0 -2
1 2 25 12 0 0 4 0 0 -2
1 2 25 110 0 1 4 0 0 -1.66
1 2 73.3333 5 0 -1 4 0 0 0 99 0 0 6.03856
1 2 73.3333 6 0 -1 4 0 0 0 99 0 0 11.5965
1 2 73.3333 7 0 -1 4 0 0 0 99 0 0 19.9333
1 2 73.3333 8 0 -1 4 0 0 0 99 0 0 19.007
1 2 73.3333 8 0 -1 4 0 0 0 99 0 0 3.25962
1 2 73.3333 9 0 -1 4 0 0 0 99 0 0 11.5965
1 2 73.3333 10 0 -1 4 0 0 0 99 0 0 5.11225
t 1 73.3333 -3 1 1 0 0 0 0 -2
_00Alti
1 2 73.3333 5 0 0 4 0 0 -2
1 2 73.3333 10 0 0 4 0 0 -2
1 2 73.3333 107 0 1 4 0 0 -1.66
1 2 121.667 1 0 -1 4 0 0 0 99 0 0 7.36187
1 2 121.667 2 0 -1 4 0 0 0 99 0 0 4.00949
1 2 121.667 3 0 -1 4 0 0 0 99 0 0 3.1714
1 2 121.667 4 0 -1 4 0 0 0 99 0 0 4.00949
1 2 121.667 4 0 -1 4 0 0 0 99 0 0 4.00949
1 2 121.667 5 0 -1 4 0 0 0 99 0 0 19.9333
1 2 121.667 6 0 -1 4 0 0 0 99 0 0 4.00949
1 2 121.667 6 0 -1 4 0 0 0 99 0 0 16.5809
1 2 121.667 7 0 -1 4 0 0 0 99 0 0 12.3904
1 2 121.667 8 0 -1 4 0 0 0 99 0 0 7.36187
t 1 121.667 -3 1 1 0 0 0 0 -2
_00Tenore
1 2 121.667 1 0 0 4 0 0 -2
1 2 121.667 8 0 0 4 0 0 -2
1 2 121.667 106 0 1 4 0 0 -1.66
1 1 170 10 0 -1 4 0 0 0 99 0 0 12.3904
1 1 170 11 0 -1 4 0 0 0 99 0 0 9.87616
1 1 170 12 0 -1 4 0 0 0 99 0 0 7.36187
1 2 170 1 0 -1 4 0 0 0 99 0 0 13.6476
1 2 170 2 0 -1 4 0 0 0 99 0 0 19.9333
1 2 170 3 0 -1 4 0 0 0 99 0 0 14.9047
1 2 170 4 0 -1 4 0 0 0 99 0 0 11.1333
1 2 170 5 0 -1 4 0 0 0 99 0 0 16.1619
t 1 170 -3 1 1 0 0 0 0 -2
_00Basso
1 1 170 10 0 0 4 0 0 -2
1 2 170 5 0 0 4 0 0 -2
1 2 170 102 0 1 4 0 0 -1.66
