#define SVG t 1 1 \n_99%svg%
t 2 10 14 1 1 0 0 0 0 -1.35
_00
8 1 0 0 0 200
8 2 0 -6 0 200
14 1 0 2
14 1 200 2
14 1 0 2 8
3 2 2
3 1 2 0 1
1 2 25 5 0 -1 4 0 0 0 99 0 0 5.36778
1 2 25 6 0 -1 4 0 0 0 99 0 0 12.0436
1 2 25 7 0 -1 4 0 0 0 99 0 0 17.5057
1 2 25 8 0 -1 4 0 0 0 99 0 0 14.4712
1 2 25 8 0 -1 4 0 0 0 99 0 0 10.8299
1 2 25 9 0 -1 4 0 0 0 99 0 0 19.9333
1 2 25 10 0 -1 4 0 0 0 99 0 0 10.223
1 2 25 11 0 -1 4 0 0 0 99 0 0 5.97468
1 2 25 11 0 -1 4 0 0 0 99 0 0 2.9402
1 2 25 12 0 -1 4 0 0 0 99 0 0 7.18847
t 1 25 -3 1 1 0 0 0 0 -2
_00Canto
1 2 25 5 0 0 4 0 0 -2
1 2 25 12 0 0 4 0 0 -2
1 2 25 108 0 1 4 0 0 -1.66
1 2 97.5 1 0 -1 4 0 0 0 99 0 0 2.85095
1 2 97.5 2 0 -1 4 0 0 0 99 0 0 8.02742
1 2 97.5 3 0 -1 4 0 0 0 99 0 0 10.6157
1 2 97.5 4 0 -1 4 0 0 0 99 0 0 10.6157
1 2 97.5 4 0 -1 4 0 0 0 99 0 0 10.6157
1 2 97.5 5 0 -1 4 0 0 0 99 0 0 19.9333
1 2 97.5 6 0 -1 4 0 0 0 99 0 0 2.85095
1 2 97.5 6 0 -1 4 0 0 0 99 0 0 16.8274
1 2 97.5 7 0 -1 4 0 0 0 99 0 0 3.36859
1 2 97.5 7 0 -1 4 0 0 0 99 0 0 9.06271
1 2 97.5 8 0 -1 4 0 0 0 99 0 0 6.99212
t 1 97.5 -3 1 1 0 0 0 0 -2
_00Tenore
1 2 97.5 1 0 0 4 0 0 -2
1 2 97.5 8 0 0 4 0 0 -2
1 2 97.5 105 0 1 4 0 0 -1.66
1 1 170 10 0 -1 4 0 0 0 99 0 0 9.24759
1 1 170 11 0 -1 4 0 0 0 99 0 0 9.87616
1 1 170 12 0 -1 4 0 0 0 99 0 0 2.96187
1 1 170 12 0 -1 4 0 0 0 99 0 0 6.10473
1 2 170 1 0 -1 4 0 0 0 99 0 0 11.7619
1 2 170 1 0 -1 4 0 0 0 99 0 0 2.96187
1 2 170 2 0 -1 4 0 0 0 99 0 0 19.9333
1 2 170 3 0 -1 4 0 0 0 99 0 0 13.019
1 2 170 4 0 -1 4 0 0 0 99 0 0 7.99044
1 2 170 4 0 -1 4 0 0 0 99 0 0 2.96187
1 2 170 5 0 -1 4 0 0 0 99 0 0 9.24759
1 2 170 6 0 -1 4 0 0 0 99 0 0 2.96187
t 1 170 -3 1 1 0 0 0 0 -2
_00Basso
1 1 170 10 0 0 4 0 0 -2
1 2 170 6 0 0 4 0 0 -2
1 2 170 102 0 1 4 0 0 -1.66
