#define SVG t 1 1 \n_99%svg%
t 2 10 14 1 1 0 0 0 0 -1.35
_00
8 1 0 0 0 200
8 2 0 -6 0 200
14 1 0 2
14 1 200 2
14 1 0 2 8
3 2 2
3 1 2 0 1
1 2 25 4 0 -1 4 0 0 0 99 0 0 2.80898
1 2 25 5 0 -1 4 0 0 0 99 0 0 4.71168
1 2 25 6 0 -1 4 0 0 0 99 0 0 10.4198
1 2 25 7 0 -1 4 0 0 0 99 0 0 9.46844
1 2 25 7 0 -1 4 0 0 0 99 0 0 2.80898
1 2 25 8 0 -1 4 0 0 0 99 0 0 9.94411
1 2 25 8 0 -1 4 0 0 0 99 0 0 2.80898
1 2 25 9 0 -1 4 0 0 0 99 0 0 19.9333
1 2 25 10 0 -1 4 0 0 0 99 0 0 3.76033
1 2 25 10 0 -1 4 0 0 0 99 0 0 8.51708
1 2 25 11 0 -1 4 0 0 0 99 0 0 7.56573
1 2 25 11 0 -1 4 0 0 0 99 0 0 2.80898
1 2 25 12 0 -1 4 0 0 0 99 0 0 5.66303
1 2 25 13 0 -1 4 0 0 0 99 0 0 3.28465
t 1 25 -3 1 1 0 0 0 0 -2
_00Canto
1 2 25 4 0 0 4 0 0 -2
1 2 25 13 0 0 4 0 0 -2
1 2 25 109 0 1 4 0 0 -1.66
1 2 73.3333 1 0 -1 4 0 0 0 99 0 0 3.33901
1 2 73.3333 1 0 -1 4 0 0 0 99 0 0 2.83616
1 2 73.3333 2 0 -1 4 0 0 0 99 0 0 8.36759
1 2 73.3333 3 0 -1 4 0 0 0 99 0 0 7.86473
1 2 73.3333 4 0 -1 4 0 0 0 99 0 0 10.379
1 2 73.3333 4 0 -1 4 0 0 0 99 0 0 7.36187
1 2 73.3333 5 0 -1 4 0 0 0 99 0 0 16.9162
1 2 73.3333 6 0 -1 4 0 0 0 99 0 0 19.9333
1 2 73.3333 7 0 -1 4 0 0 0 99 0 0 14.9047
1 2 73.3333 7 0 -1 4 0 0 0 99 0 0 4.84759
1 2 73.3333 8 0 -1 4 0 0 0 99 0 0 8.87044
1 2 73.3333 8 0 -1 4 0 0 0 99 0 0 2.83616
1 2 73.3333 9 0 -1 4 0 0 0 99 0 0 4.34473
t 1 73.3333 -3 1 1 0 0 0 0 -2
_00Alto
1 2 73.3333 1 0 0 4 0 0 -2
1 2 73.3333 9 0 0 4 0 0 -2
1 2 73.3333 106 0 1 4 0 0 -1.66
1 1 121.667 7 0 -1 4 0 0 0 99 0 0 2.79646
1 1 121.667 9 0 -1 4 0 0 0 99 0 0 3.25962
1 1 121.667 10 0 -1 4 0 0 0 99 0 0 6.96488
1 1 121.667 11 0 -1 4 0 0 0 99 0 0 6.50172
1 1 121.667 12 0 -1 4 0 0 0 99 0 0 6.96488
1 2 121.667 1 0 -1 4 0 0 0 99 0 0 9.74383
1 2 121.667 1 0 -1 4 0 0 0 99 0 0 3.25962
1 2 121.667 2 0 -1 4 0 0 0 99 0 0 19.9333
1 2 121.667 3 0 -1 4 0 0 0 99 0 0 4.18593
1 2 121.667 3 0 -1 4 0 0 0 99 0 0 6.50172
1 2 121.667 4 0 -1 4 0 0 0 99 0 0 12.5228
1 2 121.667 4 0 -1 4 0 0 0 99 0 0 3.72277
1 2 121.667 5 0 -1 4 0 0 0 99 0 0 10.207
1 2 121.667 6 0 -1 4 0 0 0 99 0 0 6.03856
t 1 121.667 -3 1 1 0 0 0 0 -2
_00Tenore
1 1 121.667 7 0 0 4 0 0 -2
1 2 121.667 6 0 0 4 0 0 -2
1 2 121.667 102 0 1 4 0 0 -1.66
1 1 170 9 0 -1 4 0 0 0 99 0 0 3.31108
1 1 170 10 0 -1 4 0 0 0 99 0 0 4.77774
1 1 170 11 0 -1 4 0 0 0 99 0 0 6.24441
1 1 170 12 0 -1 4 0 0 0 99 0 0 11.1333
1 1 170 12 0 -1 4 0 0 0 99 0 0 3.31108
1 2 170 1 0 -1 4 0 0 0 99 0 0 9.66663
1 2 170 1 0 -1 4 0 0 0 99 0 0 3.31108
1 2 170 2 0 -1 4 0 0 0 99 0 0 19.9333
1 2 170 3 0 -1 4 0 0 0 99 0 0 3.79997
1 2 170 3 0 -1 4 0 0 0 99 0 0 6.7333
1 2 170 4 0 -1 4 0 0 0 99 0 0 7.22219
1 2 170 4 0 -1 4 0 0 0 99 0 0 4.28886
1 2 170 5 0 -1 4 0 0 0 99 0 0 10.6444
1 2 170 6 0 -1 4 0 0 0 99 0 0 9.17774
t 1 170 -3 1 1 0 0 0 0 -2
_00Quinto
1 1 170 9 0 0 4 0 0 -2
1 2 170 6 0 0 4 0 0 -2
1 2 170 102 0 1 4 0 0 -1.66
