#define SVG t 1 1 \n_99%svg%
t 2 10 14 1 1 0 0 0 0 -1.35
_00
8 1 0 0 0 200
8 2 0 -6 0 200
14 1 0 2
14 1 200 2
14 1 0 2 8
3 2 2
3 1 2 0 1
1 1 25 9 0 -1 4 0 0 0 99 0 0 2.77057
1 1 25 10 0 -1 4 0 0 0 99 0 0 4.84759
1 1 25 11 0 -1 4 0 0 0 99 0 0 5.06622
1 1 25 12 0 -1 4 0 0 0 99 0 0 2.55193
1 1 25 12 0 -1 4 0 0 0 99 0 0 6.48734
1 2 25 1 0 -1 4 0 0 0 99 0 0 12.8277
1 2 25 1 0 -1 4 0 0 0 99 0 0 3.42647
1 2 25 2 0 -1 4 0 0 0 99 0 0 19.9333
1 2 25 3 0 -1 4 0 0 0 99 0 0 2.66125
1 2 25 3 0 -1 4 0 0 0 99 0 0 16.2165
1 2 25 4 0 -1 4 0 0 0 99 0 0 12.4998
1 2 25 4 0 -1 4 0 0 0 99 0 0 2.9892
1 2 25 5 0 -1 4 0 0 0 99 0 0 17.6376
1 2 25 6 0 -1 4 0 0 0 99 0 0 2.87988
1 2 25 6 0 -1 4 0 0 0 99 0 0 8.01777
t 1 25 -3 1 1 0 0 0 0 -2
_00Tenore
1 1 25 9 0 0 4 0 0 -2
1 2 25 6 0 0 4 0 0 -2
1 2 25 103 0 1 4 0 0 -1.66
1 1 170 9 0 -1 4 0 0 0 99 0 0 2.59404
1 1 170 10 0 -1 4 0 0 0 99 0 0 5.8533
1 1 170 11 0 -1 4 0 0 0 99 0 0 8.19997
1 1 170 12 0 -1 4 0 0 0 99 0 0 2.59404
1 1 170 12 0 -1 4 0 0 0 99 0 0 9.24293
1 2 170 1 0 -1 4 0 0 0 99 0 0 15.5007
1 2 170 1 0 -1 4 0 0 0 99 0 0 3.24589
1 2 170 2 0 -1 4 0 0 0 99 0 0 19.8029
1 2 170 3 0 -1 4 0 0 0 99 0 0 19.9333
1 2 170 4 0 -1 4 0 0 0 99 0 0 12.7629
1 2 170 4 0 -1 4 0 0 0 99 0 0 4.5496
1 2 170 5 0 -1 4 0 0 0 99 0 0 17.5866
1 2 170 6 0 -1 4 0 0 0 99 0 0 2.46367
1 2 170 6 0 -1 4 0 0 0 99 0 0 6.37478
t 1 170 -3 1 1 0 0 0 0 -2
_00Quinto
1 1 170 9 0 0 4 0 0 -2
1 2 170 6 0 0 4 0 0 -2
1 2 170 103 0 1 4 0 0 -1.66
