#define SVG t 1 1 \n_99%svg%
t 2 10 14 1 1 0 0 0 0 -1.35
_00
8 1 0 0 0 200
8 2 0 -6 0 200
14 1 0 2
14 1 200 2
14 1 0 2 8
3 2 2
3 1 2 0 1
1 2 25 1 0 -1 4 0 0 0 99 0 0 3.24759
1 2 25 2 0 -1 4 0 0 0 99 0 0 4.39044
1 2 25 3 0 -1 4 0 0 0 99 0 0 5.30473
1 2 25 4 0 -1 4 0 0 0 99 0 0 12.3904
1 2 25 4 0 -1 4 0 0 0 99 0 0 3.01901
1 2 25 5 0 -1 4 0 0 0 99 0 0 14.9047
1 2 25 6 0 -1 4 0 0 0 99 0 0 19.9333
1 2 25 7 0 -1 4 0 0 0 99 0 0 9.87616
1 2 25 7 0 -1 4 0 0 0 99 0 0 3.70473
1 2 25 8 0 -1 4 0 0 0 99 0 0 11.7047
t 1 25 -3 1 1 0 0 0 0 -2
_00Canto
1 2 25 1 0 0 4 0 0 -2
1 2 25 8 0 0 4 0 0 -2
1 2 25 106 0 1 4 0 0 -1.66
1 1 97.5 9 0 -1 4 0 0 0 99 0 0 3.22444
1 1 97.5 10 0 -1 4 0 0 0 99 0 0 2.55608
1 1 97.5 11 0 -1 4 0 0 0 99 0 0 4.78393
1 1 97.5 12 0 -1 4 0 0 0 99 0 0 3.67001
1 1 97.5 12 0 -1 4 0 0 0 99 0 0 2.55608
1 2 97.5 1 0 -1 4 0 0 0 99 0 0 13.9181
1 2 97.5 1 0 -1 4 0 0 0 99 0 0 2.55608
1 2 97.5 2 0 -1 4 0 0 0 99 0 0 15.7004
1 2 97.5 3 0 -1 4 0 0 0 99 0 0 3.22444
1 2 97.5 3 0 -1 4 0 0 0 99 0 0 17.2599
1 2 97.5 4 0 -1 4 0 0 0 99 0 0 19.9333
1 2 97.5 4 0 -1 4 0 0 0 99 0 0 2.55608
1 2 97.5 5 0 -1 4 0 0 0 99 0 0 7.45735
1 2 97.5 6 0 -1 4 0 0 0 99 0 0 3.00165
t 1 97.5 -3 1 1 0 0 0 0 -2
_00Alto
1 1 97.5 9 0 0 4 0 0 -2
1 2 97.5 6 0 0 4 0 0 -2
1 2 97.5 103 0 1 4 0 0 -1.66
1 1 170 6 0 -1 4 0 0 0 99 0 0 5.01156
1 1 170 7 0 -1 4 0 0 0 99 0 0 11.5159
1 1 170 8 0 -1 4 0 0 0 99 0 0 8.83765
1 1 170 9 0 -1 4 0 0 0 99 0 0 19.9333
1 1 170 10 0 -1 4 0 0 0 99 0 0 19.1681
1 1 170 11 0 -1 4 0 0 0 99 0 0 19.9333
1 1 170 12 0 -1 4 0 0 0 99 0 0 11.8985
1 1 170 12 0 -1 4 0 0 0 99 0 0 2.71591
1 2 170 1 0 -1 4 0 0 0 99 0 0 19.1681
1 2 170 1 0 -1 4 0 0 0 99 0 0 3.86373
1 2 170 2 0 -1 4 0 0 0 99 0 0 16.1072
1 2 170 3 0 -1 4 0 0 0 99 0 0 3.48113
1 2 170 3 0 -1 4 0 0 0 99 0 0 3.48113
1 2 170 4 0 -1 4 0 0 0 99 0 0 3.48113
t 1 170 -3 1 1 0 0 0 0 -2
_00Tenore
1 1 170 6 0 0 4 0 0 -2
1 2 170 4 0 0 4 0 0 -2
1 1 170 111 0 1 4 0 0 -1.66
