#define SVG t 1 1 \n_99%svg%
t 2 10 14 1 1 0 0 0 0 -1.35
_00
8 1 0 0 0 200
8 2 0 -6 0 200
14 1 0 2
14 1 200 2
14 1 0 2 8
3 2 2
3 1 2 0 1
1 2 25 6 0 -1 4 0 0 0 99 0 0 10.4564
1 2 25 7 0 -1 4 0 0 0 99 0 0 5.94356
1 2 25 8 0 -1 4 0 0 0 99 0 0 12.2615
1 2 25 8 0 -1 4 0 0 0 99 0 0 3.68715
1 2 25 9 0 -1 4 0 0 0 99 0 0 14.0666
1 2 25 10 0 -1 4 0 0 0 99 0 0 19.9333
1 2 25 11 0 -1 4 0 0 0 99 0 0 7.2974
1 2 25 11 0 -1 4 0 0 0 99 0 0 2.78458
1 2 25 12 0 -1 4 0 0 0 99 0 0 5.04099
t 1 25 -3 1 1 0 0 0 0 -2
_00Canto
1 2 25 6 0 0 4 0 0 -2
1 2 25 12 0 0 4 0 0 -2
1 2 25 109 0 1 4 0 0 -1.66
1 1 61.25 10 0 -1 4 0 0 0 99 0 0 2.7733
1 1 61.25 11 0 -1 4 0 0 0 99 0 0 2.7733
1 1 61.25 12 0 -1 4 0 0 0 99 0 0 2.7733
1 2 61.25 1 0 -1 4 0 0 0 99 0 0 3.2133
1 2 61.25 2 0 -1 4 0 0 0 99 0 0 7.1733
1 2 61.25 3 0 -1 4 0 0 0 99 0 0 6.2933
1 2 61.25 4 0 -1 4 0 0 0 99 0 0 7.1733
1 2 61.25 4 0 -1 4 0 0 0 99 0 0 3.2133
1 2 61.25 5 0 -1 4 0 0 0 99 0 0 12.4533
1 2 61.25 6 0 -1 4 0 0 0 99 0 0 5.8533
1 2 61.25 6 0 -1 4 0 0 0 99 0 0 19.9333
1 2 61.25 7 0 -1 4 0 0 0 99 0 0 3.6533
1 2 61.25 7 0 -1 4 0 0 0 99 0 0 4.9733
1 2 61.25 8 0 -1 4 0 0 0 99 0 0 10.2533
1 2 61.25 9 0 -1 4 0 0 0 99 0 0 3.2133
t 1 61.25 -3 1 1 0 0 0 0 -2
_00Alto
1 1 61.25 10 0 0 4 0 0 -2
1 2 61.25 9 0 0 4 0 0 -2
1 2 61.25 106 0 1 4 0 0 -1.66
1 1 97.5 8 0 -1 4 0 0 0 99 0 0 3.31108
1 1 97.5 9 0 -1 4 0 0 0 99 0 0 4.28886
1 1 97.5 9 0 -1 4 0 0 0 99 0 0 2.82219
1 1 97.5 10 0 -1 4 0 0 0 99 0 0 6.24441
1 1 97.5 11 0 -1 4 0 0 0 99 0 0 11.1333
1 1 97.5 12 0 -1 4 0 0 0 99 0 0 6.24441
1 2 97.5 1 0 -1 4 0 0 0 99 0 0 12.1111
1 2 97.5 1 0 -1 4 0 0 0 99 0 0 2.82219
1 2 97.5 2 0 -1 4 0 0 0 99 0 0 10.6444
1 2 97.5 3 0 -1 4 0 0 0 99 0 0 2.82219
1 2 97.5 3 0 -1 4 0 0 0 99 0 0 19.9333
1 2 97.5 4 0 -1 4 0 0 0 99 0 0 8.68886
1 2 97.5 4 0 -1 4 0 0 0 99 0 0 3.31108
1 2 97.5 5 0 -1 4 0 0 0 99 0 0 4.77774
1 2 97.5 6 0 -1 4 0 0 0 99 0 0 3.79997
t 1 97.5 -3 1 1 0 0 0 0 -2
_00Tenore
1 1 97.5 8 0 0 4 0 0 -2
1 2 97.5 6 0 0 4 0 0 -2
1 2 97.5 102 0 1 4 0 0 -1.66
1 1 133.75 8 0 -1 4 0 0 0 99 0 0 3.01022
1 1 133.75 9 0 -1 4 0 0 0 99 0 0 3.01022
1 1 133.75 10 0 -1 4 0 0 0 99 0 0 4.36407
1 1 133.75 11 0 -1 4 0 0 0 99 0 0 17.2256
1 1 133.75 12 0 -1 4 0 0 0 99 0 0 3.68715
1 1 133.75 12 0 -1 4 0 0 0 99 0 0 13.1641
1 2 133.75 1 0 -1 4 0 0 0 99 0 0 15.1948
1 2 133.75 1 0 -1 4 0 0 0 99 0 0 5.71792
1 2 133.75 2 0 -1 4 0 0 0 99 0 0 19.9333
1 2 133.75 3 0 -1 4 0 0 0 99 0 0 13.1641
1 2 133.75 4 0 -1 4 0 0 0 99 0 0 11.1333
1 2 133.75 4 0 -1 4 0 0 0 99 0 0 5.04099
1 2 133.75 5 0 -1 4 0 0 0 99 0 0 8.42561
1 2 133.75 6 0 -1 4 0 0 0 99 0 0 3.68715
1 2 133.75 6 0 -1 4 0 0 0 99 0 0 11.1333
1 2 133.75 7 0 -1 4 0 0 0 99 0 0 3.01022
t 1 133.75 -3 1 1 0 0 0 0 -2
_00Quinto
1 1 133.75 8 0 0 4 0 0 -2
1 2 133.75 7 0 0 4 0 0 -2
1 2 133.75 102 0 1 4 0 0 -1.66
1 1 170 4 0 -1 4 0 0 0 99 0 0 5.26663
1 1 170 5 0 -1 4 0 0 0 99 0 0 3.31108
1 1 170 5 0 -1 4 0 0 0 99 0 0 3.31108
1 1 170 6 0 -1 4 0 0 0 99 0 0 7.22219
1 1 170 7 0 -1 4 0 0 0 99 0 0 17
1 1 170 8 0 -1 4 0 0 0 99 0 0 19.9333
1 1 170 9 0 -1 4 0 0 0 99 0 0 17.9777
1 1 170 9 0 -1 4 0 0 0 99 0 0 3.31108
1 1 170 10 0 -1 4 0 0 0 99 0 0 11.1333
1 1 170 11 0 -1 4 0 0 0 99 0 0 3.31108
1 1 170 11 0 -1 4 0 0 0 99 0 0 19.9333
1 1 170 12 0 -1 4 0 0 0 99 0 0 6.24441
1 1 170 12 0 -1 4 0 0 0 99 0 0 5.26663
1 2 170 1 0 -1 4 0 0 0 99 0 0 9.17774
1 2 170 2 0 -1 4 0 0 0 99 0 0 3.31108
t 1 170 -3 1 1 0 0 0 0 -2
_00Basso
1 1 170 4 0 0 4 0 0 -2
1 2 170 2 0 0 4 0 0 -2
1 1 170 109 0 1 4 0 0 -1.66
