#define SVG t 1 1 \n_99%svg%
t 2 10 14 1 1 0 0 0 0 -1.35
_00
8 1 0 0 0 200
8 2 0 -6 0 200
14 1 0 2
14 1 200 2
14 1 0 2 8
3 2 2
3 1 2 0 1
1 2 25 1 0 -1 4 0 0 0 99 0 0 5.66303
1 2 25 2 0 -1 4 0 0 0 99 0 0 8.99276
1 2 25 3 0 -1 4 0 0 0 99 0 0 5.18735
1 2 25 4 0 -1 4 0 0 0 99 0 0 7.56573
1 2 25 4 0 -1 4 0 0 0 99 0 0 6.13871
1 2 25 5 0 -1 4 0 0 0 99 0 0 19.9333
1 2 25 6 0 -1 4 0 0 0 99 0 0 19.4576
1 2 25 7 0 -1 4 0 0 0 99 0 0 18.0306
1 2 25 7 0 -1 4 0 0 0 99 0 0 3.28465
1 2 25 8 0 -1 4 0 0 0 99 0 0 8.04141
1 2 25 9 0 -1 4 0 0 0 99 0 0 4.236
t 1 25 -3 1 1 0 0 0 0 -2
_00Alto
1 2 25 1 0 0 4 0 0 -2
1 2 25 9 0 0 4 0 0 -2
1 2 25 106 0 1 4 0 0 -1.66
1 1 61.25 9 0 -1 4 0 0 0 99 0 0 2.7426
1 1 61.25 10 0 -1 4 0 0 0 99 0 0 3.1519
1 1 61.25 11 0 -1 4 0 0 0 99 0 0 6.01702
1 1 61.25 12 0 -1 4 0 0 0 99 0 0 5.60772
1 2 61.25 1 0 -1 4 0 0 0 99 0 0 4.78911
1 2 61.25 2 0 -1 4 0 0 0 99 0 0 19.9333
1 2 61.25 3 0 -1 4 0 0 0 99 0 0 4.37981
1 2 61.25 3 0 -1 4 0 0 0 99 0 0 8.88214
1 2 61.25 4 0 -1 4 0 0 0 99 0 0 17.4775
1 2 61.25 4 0 -1 4 0 0 0 99 0 0 6.42632
1 2 61.25 5 0 -1 4 0 0 0 99 0 0 11.338
1 2 61.25 6 0 -1 4 0 0 0 99 0 0 2.7426
t 1 61.25 -3 1 1 0 0 0 0 -2
_00Tenore
1 1 61.25 9 0 0 4 0 0 -2
1 2 61.25 6 0 0 4 0 0 -2
1 2 61.25 103 0 1 4 0 0 -1.66
1 1 97.5 9 0 -1 4 0 0 0 99 0 0 3.84187
1 1 97.5 9 0 -1 4 0 0 0 99 0 0 2.83616
1 1 97.5 10 0 -1 4 0 0 0 99 0 0 12.8933
1 1 97.5 11 0 -1 4 0 0 0 99 0 0 10.379
1 1 97.5 12 0 -1 4 0 0 0 99 0 0 13.899
1 2 97.5 1 0 -1 4 0 0 0 99 0 0 13.899
1 2 97.5 2 0 -1 4 0 0 0 99 0 0 19.9333
1 2 97.5 3 0 -1 4 0 0 0 99 0 0 4.84759
1 2 97.5 3 0 -1 4 0 0 0 99 0 0 3.84187
1 2 97.5 4 0 -1 4 0 0 0 99 0 0 9.87616
1 2 97.5 4 0 -1 4 0 0 0 99 0 0 2.83616
1 2 97.5 5 0 -1 4 0 0 0 99 0 0 8.36759
1 2 97.5 6 0 -1 4 0 0 0 99 0 0 2.83616
t 1 97.5 -3 1 1 0 0 0 0 -2
_00Quinto
1 1 97.5 9 0 0 4 0 0 -2
1 2 97.5 6 0 0 4 0 0 -2
1 2 97.5 101 0 1 4 0 0 -1.66
1 1 133.75 7 0 -1 4 0 0 0 99 0 0 3.9833
1 1 133.75 9 0 -1 4 0 0 0 99 0 0 10.0333
1 1 133.75 9 0 -1 4 0 0 0 99 0 0 2.8833
1 1 133.75 10 0 -1 4 0 0 0 99 0 0 19.9333
1 1 133.75 11 0 -1 4 0 0 0 99 0 0 16.6333
1 1 133.75 12 0 -1 4 0 0 0 99 0 0 17.1833
1 1 133.75 12 0 -1 4 0 0 0 99 0 0 2.8833
1 2 133.75 1 0 -1 4 0 0 0 99 0 0 11.1333
1 2 133.75 2 0 -1 4 0 0 0 99 0 0 13.3333
1 2 133.75 3 0 -1 4 0 0 0 99 0 0 2.8833
1 2 133.75 4 0 -1 4 0 0 0 99 0 0 2.8833
t 1 133.75 -3 1 1 0 0 0 0 -2
_00Sesto
1 1 133.75 7 0 0 4 0 0 -2
1 2 133.75 4 0 0 4 0 0 -2
1 1 133.75 111 0 1 4 0 0 -1.66
1 1 170 4 0 -1 4 0 0 0 99 0 0 2.90104
1 1 170 5 0 -1 4 0 0 0 99 0 0 4.03653
1 1 170 6 0 -1 4 0 0 0 99 0 0 7.44298
1 1 170 7 0 -1 4 0 0 0 99 0 0 13.6881
1 1 170 8 0 -1 4 0 0 0 99 0 0 6.30749
1 1 170 8 0 -1 4 0 0 0 99 0 0 3.46878
1 1 170 9 0 -1 4 0 0 0 99 0 0 14.8236
1 1 170 9 0 -1 4 0 0 0 99 0 0 2.90104
1 1 170 10 0 -1 4 0 0 0 99 0 0 19.9333
1 1 170 11 0 -1 4 0 0 0 99 0 0 3.46878
1 1 170 12 0 -1 4 0 0 0 99 0 0 8.01072
1 2 170 1 0 -1 4 0 0 0 99 0 0 2.90104
1 2 170 2 0 -1 4 0 0 0 99 0 0 5.73975
t 1 170 -3 1 1 0 0 0 0 -2
_00Basso
1 1 170 4 0 0 4 0 0 -2
1 2 170 2 0 0 4 0 0 -2
1 1 170 109 0 1 4 0 0 -1.66
