#define SVG t 1 1 \n_99%svg%
t 2 10 14 1 1 0 0 0 0 -1.35
_00
8 1 0 0 0 200
8 2 0 -6 0 200
14 1 0 2
14 1 200 2
14 1 0 2 8
3 2 2
3 1 2 0 1
1 1 25 11 0 -1 4 0 0 0 99 0 0 2.62182
1 2 25 1 0 -1 4 0 0 0 99 0 0 2.91035
1 2 25 2 0 -1 4 0 0 0 99 0 0 4.06445
1 2 25 3 0 -1 4 0 0 0 99 0 0 8.96937
1 2 25 4 0 -1 4 0 0 0 99 0 0 5.50707
1 2 25 4 0 -1 4 0 0 0 99 0 0 3.4874
1 2 25 5 0 -1 4 0 0 0 99 0 0 15.6054
1 2 25 6 0 -1 4 0 0 0 99 0 0 3.77592
1 2 25 6 0 -1 4 0 0 0 99 0 0 17.0481
1 2 25 7 0 -1 4 0 0 0 99 0 0 19.9333
1 2 25 8 0 -1 4 0 0 0 99 0 0 17.9136
1 2 25 8 0 -1 4 0 0 0 99 0 0 2.91035
1 2 25 9 0 -1 4 0 0 0 99 0 0 9.54641
1 2 25 10 0 -1 4 0 0 0 99 0 0 7.23822
t 1 25 -3 1 1 0 0 0 0 -2
_00Canto
1 1 25 11 0 0 4 0 0 -2
1 2 25 10 0 0 4 0 0 -2
1 2 25 107 0 1 4 0 0 -1.66
1 1 54 9 0 -1 4 0 0 0 99 0 0 2.63161
1 1 54 10 0 -1 4 0 0 0 99 0 0 5.01805
1 1 54 11 0 -1 4 0 0 0 99 0 0 5.91296
1 1 54 12 0 -1 4 0 0 0 99 0 0 2.63161
1 1 54 12 0 -1 4 0 0 0 99 0 0 6.80788
1 2 54 1 0 -1 4 0 0 0 99 0 0 14.5638
1 2 54 1 0 -1 4 0 0 0 99 0 0 3.22822
1 2 54 2 0 -1 4 0 0 0 99 0 0 16.3536
1 2 54 3 0 -1 4 0 0 0 99 0 0 19.9333
1 2 54 4 0 -1 4 0 0 0 99 0 0 12.1774
1 2 54 4 0 -1 4 0 0 0 99 0 0 4.42144
1 2 54 5 0 -1 4 0 0 0 99 0 0 16.3536
1 2 54 6 0 -1 4 0 0 0 99 0 0 2.92991
1 2 54 6 0 -1 4 0 0 0 99 0 0 6.21127
t 1 54 -3 1 1 0 0 0 0 -2
_00Alto
1 1 54 9 0 0 4 0 0 -2
1 2 54 6 0 0 4 0 0 -2
1 2 54 103 0 1 4 0 0 -1.66
1 1 83 7 0 -1 4 0 0 0 99 0 0 2.61717
1 1 83 10 0 -1 4 0 0 0 99 0 0 4.03653
1 1 83 11 0 -1 4 0 0 0 99 0 0 6.02362
1 1 83 12 0 -1 4 0 0 0 99 0 0 9.99782
1 2 83 1 0 -1 4 0 0 0 99 0 0 15.3914
1 2 83 1 0 -1 4 0 0 0 99 0 0 2.90104
1 2 83 2 0 -1 4 0 0 0 99 0 0 17.0946
1 2 83 3 0 -1 4 0 0 0 99 0 0 19.9333
1 2 83 4 0 -1 4 0 0 0 99 0 0 10.8494
1 2 83 4 0 -1 4 0 0 0 99 0 0 5.17201
1 2 83 5 0 -1 4 0 0 0 99 0 0 18.2301
1 2 83 6 0 -1 4 0 0 0 99 0 0 2.90104
1 2 83 6 0 -1 4 0 0 0 99 0 0 5.17201
t 1 83 -3 1 1 0 0 0 0 -2
_00Quinto
1 1 83 7 0 0 4 0 0 -2
1 2 83 6 0 0 4 0 0 -2
1 2 83 103 0 1 4 0 0 -1.66
1 1 112 6 0 -1 4 0 0 0 99 0 0 5.26663
1 1 112 7 0 -1 4 0 0 0 99 0 0 3.59044
1 1 112 8 0 -1 4 0 0 0 99 0 0 7.36187
1 1 112 9 0 -1 4 0 0 0 99 0 0 7.36187
1 1 112 9 0 -1 4 0 0 0 99 0 0 2.75235
1 1 112 10 0 -1 4 0 0 0 99 0 0 17.419
1 1 112 11 0 -1 4 0 0 0 99 0 0 4.42854
1 1 112 11 0 -1 4 0 0 0 99 0 0 19.9333
1 1 112 12 0 -1 4 0 0 0 99 0 0 17.8381
1 2 112 1 0 -1 4 0 0 0 99 0 0 18.6762
1 2 112 1 0 -1 4 0 0 0 99 0 0 2.75235
1 2 112 2 0 -1 4 0 0 0 99 0 0 8.61901
1 2 112 3 0 -1 4 0 0 0 99 0 0 6.10473
1 2 112 4 0 -1 4 0 0 0 99 0 0 3.59044
t 1 112 -3 1 1 0 0 0 0 -2
_00Tenore
1 1 112 6 0 0 4 0 0 -2
1 2 112 4 0 0 4 0 0 -2
1 1 112 111 0 1 4 0 0 -1.66
1 1 141 4 0 -1 4 0 0 0 99 0 0 2.76257
1 1 141 6 0 -1 4 0 0 0 99 0 0 4.05037
1 1 141 7 0 -1 4 0 0 0 99 0 0 4.05037
1 1 141 8 0 -1 4 0 0 0 99 0 0 3.6211
1 1 141 9 0 -1 4 0 0 0 99 0 0 6.19671
1 1 141 10 0 -1 4 0 0 0 99 0 0 10.0601
1 1 141 11 0 -1 4 0 0 0 99 0 0 4.05037
1 1 141 11 0 -1 4 0 0 0 99 0 0 17.3577
1 1 141 12 0 -1 4 0 0 0 99 0 0 18.2162
1 2 141 1 0 -1 4 0 0 0 99 0 0 19.9333
1 2 141 1 0 -1 4 0 0 0 99 0 0 4.05037
1 2 141 2 0 -1 4 0 0 0 99 0 0 13.9235
1 2 141 3 0 -1 4 0 0 0 99 0 0 13.4943
1 2 141 4 0 -1 4 0 0 0 99 0 0 3.19184
t 1 141 -3 1 1 0 0 0 0 -2
_00Sesto
1 1 141 4 0 0 4 0 0 -2
1 2 141 4 0 0 4 0 0 -2
1 1 141 112 0 1 4 0 0 -1.66
1 1 170 1 0 -1 4 0 0 0 99 0 0 3.46878
1 1 170 2 0 -1 4 0 0 0 99 0 0 4.03653
1 1 170 3 0 -1 4 0 0 0 99 0 0 4.60427
1 1 170 4 0 -1 4 0 0 0 99 0 0 9.71395
1 1 170 5 0 -1 4 0 0 0 99 0 0 2.90104
1 1 170 5 0 -1 4 0 0 0 99 0 0 3.46878
1 1 170 6 0 -1 4 0 0 0 99 0 0 18.2301
1 1 170 6 0 -1 4 0 0 0 99 0 0 2.90104
1 1 170 7 0 -1 4 0 0 0 99 0 0 15.3914
1 1 170 8 0 -1 4 0 0 0 99 0 0 19.9333
1 1 170 9 0 -1 4 0 0 0 99 0 0 17.0946
1 1 170 10 0 -1 4 0 0 0 99 0 0 17.6623
1 1 170 11 0 -1 4 0 0 0 99 0 0 3.46878
1 1 170 11 0 -1 4 0 0 0 99 0 0 11.4172
1 1 170 12 0 -1 4 0 0 0 99 0 0 2.90104
1 2 170 1 0 -1 4 0 0 0 99 0 0 5.17201
t 1 170 -3 1 1 0 0 0 0 -2
_00Basso
1 1 170 1 0 0 4 0 0 -2
1 2 170 1 0 0 4 0 0 -2
1 1 170 108 0 1 4 0 0 -1.66
