#define SVG t 1 1 \n_99%svg%
t 2 10 14 1 1 0 0 0 0 -1.35
_00
8 1 0 0 0 200
8 2 0 -6 0 200
14 1 0 2
14 1 200 2
14 1 0 2 8
3 2 2
3 1 2 0 1
1 1 25 11 0 -1 4 0 0 0 99 0 0 3.86373
1 2 25 1 0 -1 4 0 0 0 99 0 0 4.24634
1 2 25 1 0 -1 4 0 0 0 99 0 0 3.48113
1 2 25 2 0 -1 4 0 0 0 99 0 0 9.60287
1 2 25 3 0 -1 4 0 0 0 99 0 0 14.5768
1 2 25 4 0 -1 4 0 0 0 99 0 0 6.9246
1 2 25 4 0 -1 4 0 0 0 99 0 0 3.48113
1 2 25 5 0 -1 4 0 0 0 99 0 0 12.6637
1 2 25 6 0 -1 4 0 0 0 99 0 0 5.77678
1 2 25 6 0 -1 4 0 0 0 99 0 0 19.9333
1 2 25 7 0 -1 4 0 0 0 99 0 0 3.09852
1 2 25 7 0 -1 4 0 0 0 99 0 0 6.542
1 2 25 8 0 -1 4 0 0 0 99 0 0 5.39417
t 1 25 -3 1 1 0 0 0 0 -2
_00Alto
1 1 25 11 0 0 4 0 0 -2
1 2 25 8 0 0 4 0 0 -2
1 2 25 105 0 1 4 0 0 -1.66
1 1 97.5 11 0 -1 4 0 0 0 99 0 0 3.52652
1 2 97.5 1 0 -1 4 0 0 0 99 0 0 2.92991
1 2 97.5 1 0 -1 4 0 0 0 99 0 0 2.63161
1 2 97.5 2 0 -1 4 0 0 0 99 0 0 5.91296
1 2 97.5 3 0 -1 4 0 0 0 99 0 0 9.49262
1 2 97.5 4 0 -1 4 0 0 0 99 0 0 6.21127
1 2 97.5 4 0 -1 4 0 0 0 99 0 0 2.92991
1 2 97.5 5 0 -1 4 0 0 0 99 0 0 8.2994
1 2 97.5 6 0 -1 4 0 0 0 99 0 0 5.01805
1 2 97.5 6 0 -1 4 0 0 0 99 0 0 19.9333
1 2 97.5 7 0 -1 4 0 0 0 99 0 0 3.52652
1 2 97.5 7 0 -1 4 0 0 0 99 0 0 6.80788
1 2 97.5 8 0 -1 4 0 0 0 99 0 0 7.40449
1 2 97.5 8 0 -1 4 0 0 0 99 0 0 2.63161
1 2 97.5 9 0 -1 4 0 0 0 99 0 0 2.63161
t 1 97.5 -3 1 1 0 0 0 0 -2
_00Quinto
1 1 97.5 11 0 0 4 0 0 -2
1 2 97.5 9 0 0 4 0 0 -2
1 2 97.5 106 0 1 4 0 0 -1.66
1 1 170 10 0 -1 4 0 0 0 99 0 0 3.41085
1 1 170 11 0 -1 4 0 0 0 99 0 0 11.3129
1 1 170 12 0 -1 4 0 0 0 99 0 0 2.69248
1 1 170 12 0 -1 4 0 0 0 99 0 0 8.79861
1 2 170 1 0 -1 4 0 0 0 99 0 0 11.6721
1 2 170 1 0 -1 4 0 0 0 99 0 0 4.12922
1 2 170 2 0 -1 4 0 0 0 99 0 0 19.9333
1 2 170 3 0 -1 4 0 0 0 99 0 0 2.69248
1 2 170 3 0 -1 4 0 0 0 99 0 0 15.9823
1 2 170 4 0 -1 4 0 0 0 99 0 0 8.43942
1 2 170 5 0 -1 4 0 0 0 99 0 0 5.20677
1 2 170 6 0 -1 4 0 0 0 99 0 0 2.69248
1 2 170 6 0 -1 4 0 0 0 99 0 0 5.56595
t 1 170 -3 1 1 0 0 0 0 -2
_00Tenore
1 1 170 10 0 0 4 0 0 -2
1 2 170 6 0 0 4 0 0 -2
1 2 170 102 0 1 4 0 0 -1.66
