#define SVG t 1 1 \n_99%svg%
t 2 10 14 1 1 0 0 0 0 -1.35
_00
8 1 0 0 0 200
8 2 0 -6 0 200
14 1 0 2
14 1 200 2
14 1 0 2 8
3 2 2
3 1 2 0 1
1 2 25 4 0 -1 4 0 0 0 99 0 0 2.9402
1 2 25 5 0 -1 4 0 0 0 99 0 0 4.76089
1 2 25 6 0 -1 4 0 0 0 99 0 0 11.4367
1 2 25 7 0 -1 4 0 0 0 99 0 0 10.223
1 2 25 8 0 -1 4 0 0 0 99 0 0 6.58158
1 2 25 8 0 -1 4 0 0 0 99 0 0 6.58158
1 2 25 9 0 -1 4 0 0 0 99 0 0 14.4712
1 2 25 10 0 -1 4 0 0 0 99 0 0 19.9333
1 2 25 11 0 -1 4 0 0 0 99 0 0 9.00916
1 2 25 11 0 -1 4 0 0 0 99 0 0 4.15399
1 2 25 12 0 -1 4 0 0 0 99 0 0 9.61606
1 2 25 13 0 -1 4 0 0 0 99 0 0 4.15399
t 1 25 -3 1 1 0 0 0 0 -2
_00Canto
1 2 25 4 0 0 4 0 0 -2
1 2 25 13 0 0 4 0 0 -2
1 2 25 109 0 1 4 0 0 -1.66
1 2 61.25 6 0 -1 4 0 0 0 99 0 0 3.637
1 2 61.25 6 0 -1 4 0 0 0 99 0 0 8.85182
1 2 61.25 7 0 -1 4 0 0 0 99 0 0 3.637
1 2 61.25 7 0 -1 4 0 0 0 99 0 0 8.19997
1 2 61.25 8 0 -1 4 0 0 0 99 0 0 6.89626
1 2 61.25 8 0 -1 4 0 0 0 99 0 0 13.4148
1 2 61.25 9 0 -1 4 0 0 0 99 0 0 19.9333
1 2 61.25 10 0 -1 4 0 0 0 99 0 0 19.2814
1 2 61.25 11 0 -1 4 0 0 0 99 0 0 9.50367
1 2 61.25 11 0 -1 4 0 0 0 99 0 0 2.98515
1 2 61.25 12 0 -1 4 0 0 0 99 0 0 4.94071
1 2 61.25 13 0 -1 4 0 0 0 99 0 0 2.98515
t 1 61.25 -3 1 1 0 0 0 0 -2
_00Quinto
1 2 61.25 6 0 0 4 0 0 -2
1 2 61.25 13 0 0 4 0 0 -2
1 2 61.25 109 0 1 4 0 0 -1.66
1 1 97.5 11 0 -1 4 0 0 0 99 0 0 2.6853
1 2 97.5 1 0 -1 4 0 0 0 99 0 0 2.6853
1 2 97.5 1 0 -1 4 0 0 0 99 0 0 3.0373
1 2 97.5 2 0 -1 4 0 0 0 99 0 0 7.9653
1 2 97.5 3 0 -1 4 0 0 0 99 0 0 6.9093
1 2 97.5 4 0 -1 4 0 0 0 99 0 0 3.7413
1 2 97.5 4 0 -1 4 0 0 0 99 0 0 2.6853
1 2 97.5 5 0 -1 4 0 0 0 99 0 0 4.0933
1 2 97.5 6 0 -1 4 0 0 0 99 0 0 5.8533
1 2 97.5 6 0 -1 4 0 0 0 99 0 0 19.9333
1 2 97.5 7 0 -1 4 0 0 0 99 0 0 3.3893
1 2 97.5 7 0 -1 4 0 0 0 99 0 0 4.0933
1 2 97.5 8 0 -1 4 0 0 0 99 0 0 5.1493
1 2 97.5 8 0 -1 4 0 0 0 99 0 0 2.6853
1 2 97.5 9 0 -1 4 0 0 0 99 0 0 3.7413
t 1 97.5 -3 1 1 0 0 0 0 -2
_00Alto
1 1 97.5 11 0 0 4 0 0 -2
1 2 97.5 9 0 0 4 0 0 -2
1 2 97.5 106 0 1 4 0 0 -1.66
1 1 133.75 11 0 -1 4 0 0 0 99 0 0 14.5768
1 1 133.75 12 0 -1 4 0 0 0 99 0 0 9.98547
1 2 133.75 1 0 -1 4 0 0 0 99 0 0 8.45504
1 2 133.75 1 0 -1 4 0 0 0 99 0 0 8.45504
1 2 133.75 2 0 -1 4 0 0 0 99 0 0 15.342
1 2 133.75 3 0 -1 4 0 0 0 99 0 0 19.9333
1 2 133.75 4 0 -1 4 0 0 0 99 0 0 6.9246
1 2 133.75 4 0 -1 4 0 0 0 99 0 0 6.9246
1 2 133.75 5 0 -1 4 0 0 0 99 0 0 8.45504
1 2 133.75 6 0 -1 4 0 0 0 99 0 0 6.9246
t 1 133.75 -3 1 1 0 0 0 0 -2
_00Tenore
1 1 133.75 11 0 0 4 0 0 -2
1 2 133.75 6 0 0 4 0 0 -2
1 2 133.75 102 0 1 4 0 0 -1.66
1 1 170 4 0 -1 4 0 0 0 99 0 0 5.5333
1 1 170 6 0 -1 4 0 0 0 99 0 0 3.9333
1 1 170 7 0 -1 4 0 0 0 99 0 0 12.7333
1 1 170 8 0 -1 4 0 0 0 99 0 0 11.1333
1 1 170 9 0 -1 4 0 0 0 99 0 0 4.7333
1 1 170 9 0 -1 4 0 0 0 99 0 0 3.9333
1 1 170 10 0 -1 4 0 0 0 99 0 0 11.1333
1 1 170 11 0 -1 4 0 0 0 99 0 0 3.1333
1 1 170 11 0 -1 4 0 0 0 99 0 0 19.9333
1 1 170 12 0 -1 4 0 0 0 99 0 0 3.1333
1 2 170 1 0 -1 4 0 0 0 99 0 0 3.9333
1 2 170 1 0 -1 4 0 0 0 99 0 0 3.1333
1 2 170 2 0 -1 4 0 0 0 99 0 0 8.7333
t 1 170 -3 1 1 0 0 0 0 -2
_00Basso
1 1 170 4 0 0 4 0 0 -2
1 2 170 2 0 0 4 0 0 -2
1 1 170 110 0 1 4 0 0 -1.66
