#define SVG t 1 1 \n_99%svg%
t 2 10 14 1 1 0 0 0 0 -1.35
_00
8 1 0 0 0 200
8 2 0 -6 0 200
14 1 0 2
14 1 200 2
14 1 0 2 8
3 2 2
3 1 2 0 1
1 2 25 2 0 -1 4 0 0 0 99 0 0 2.61267
1 2 25 3 0 -1 4 0 0 0 99 0 0 3.1714
1 2 25 4 0 -1 4 0 0 0 99 0 0 4.00949
1 2 25 5 0 -1 4 0 0 0 99 0 0 6.52378
1 2 25 6 0 -1 4 0 0 0 99 0 0 9.31743
1 2 25 7 0 -1 4 0 0 0 99 0 0 3.45076
1 2 25 7 0 -1 4 0 0 0 99 0 0 7.64124
1 2 25 8 0 -1 4 0 0 0 99 0 0 19.9333
1 2 25 9 0 -1 4 0 0 0 99 0 0 9.59679
1 2 25 10 0 -1 4 0 0 0 99 0 0 10.4349
1 2 25 11 0 -1 4 0 0 0 99 0 0 7.36187
1 2 25 11 0 -1 4 0 0 0 99 0 0 2.61267
1 2 25 12 0 -1 4 0 0 0 99 0 0 6.80314
1 2 25 13 0 -1 4 0 0 0 99 0 0 3.1714
t 1 25 -3 1 1 0 0 0 0 -2
_00Canto
1 2 25 2 0 0 4 0 0 -2
1 2 25 13 0 0 4 0 0 -2
1 2 25 108 0 1 4 0 0 -1.66
1 2 73.3333 3 0 -1 4 0 0 0 99 0 0 3.36859
1 2 73.3333 4 0 -1 4 0 0 0 99 0 0 4.74899
1 2 73.3333 5 0 -1 4 0 0 0 99 0 0 10.9608
1 2 73.3333 6 0 -1 4 0 0 0 99 0 0 11.3058
1 2 73.3333 7 0 -1 4 0 0 0 99 0 0 3.71369
1 2 73.3333 7 0 -1 4 0 0 0 99 0 0 9.92546
1 2 73.3333 8 0 -1 4 0 0 0 99 0 0 19.9333
1 2 73.3333 9 0 -1 4 0 0 0 99 0 0 11.6509
1 2 73.3333 10 0 -1 4 0 0 0 99 0 0 12.6862
1 2 73.3333 11 0 -1 4 0 0 0 99 0 0 8.19997
1 2 73.3333 12 0 -1 4 0 0 0 99 0 0 4.74899
1 2 73.3333 13 0 -1 4 0 0 0 99 0 0 3.36859
t 1 73.3333 -3 1 1 0 0 0 0 -2
_00Quinto
1 2 73.3333 3 0 0 4 0 0 -2
1 2 73.3333 13 0 0 4 0 0 -2
1 2 73.3333 108 0 1 4 0 0 -1.66
1 1 121.667 9 0 -1 4 0 0 0 99 0 0 5.1333
1 1 121.667 10 0 -1 4 0 0 0 99 0 0 7.1333
1 1 121.667 11 0 -1 4 0 0 0 99 0 0 7.9333
1 1 121.667 12 0 -1 4 0 0 0 99 0 0 2.7333
1 1 121.667 12 0 -1 4 0 0 0 99 0 0 6.3333
1 2 121.667 1 0 -1 4 0 0 0 99 0 0 19.9333
1 2 121.667 1 0 -1 4 0 0 0 99 0 0 2.7333
1 2 121.667 2 0 -1 4 0 0 0 99 0 0 16.7333
1 2 121.667 3 0 -1 4 0 0 0 99 0 0 19.5333
1 2 121.667 4 0 -1 4 0 0 0 99 0 0 17.5333
1 2 121.667 5 0 -1 4 0 0 0 99 0 0 15.5333
1 2 121.667 6 0 -1 4 0 0 0 99 0 0 7.9333
t 1 121.667 -3 1 1 0 0 0 0 -2
_00Tenore
1 1 121.667 9 0 0 4 0 0 -2
1 2 121.667 6 0 0 4 0 0 -2
1 2 121.667 103 0 1 4 0 0 -1.66
1 1 170 6 0 -1 4 0 0 0 99 0 0 9.3733
1 1 170 7 0 -1 4 0 0 0 99 0 0 7.36187
1 1 170 8 0 -1 4 0 0 0 99 0 0 6.35616
1 1 170 9 0 -1 4 0 0 0 99 0 0 17.9219
1 1 170 10 0 -1 4 0 0 0 99 0 0 17.9219
1 1 170 11 0 -1 4 0 0 0 99 0 0 19.9333
1 1 170 12 0 -1 4 0 0 0 99 0 0 6.35616
1 1 170 12 0 -1 4 0 0 0 99 0 0 6.35616
1 2 170 1 0 -1 4 0 0 0 99 0 0 16.4133
1 2 170 2 0 -1 4 0 0 0 99 0 0 8.36759
1 2 170 3 0 -1 4 0 0 0 99 0 0 4.84759
1 2 170 4 0 -1 4 0 0 0 99 0 0 6.85901
1 2 170 5 0 -1 4 0 0 0 99 0 0 2.83616
t 1 170 -3 1 1 0 0 0 0 -2
_00Basso
1 1 170 6 0 0 4 0 0 -2
1 2 170 5 0 0 4 0 0 -2
1 1 170 111 0 1 4 0 0 -1.66
