#define SVG t 1 1 \n_99%svg%
t 2 10 14 1 1 0 0 0 0 -1.35
_00
8 1 0 0 0 200
8 2 0 -6 0 200
14 1 0 2
14 1 200 2
14 1 0 2 8
3 2 2
3 1 2 0 1
1 2 25 2 0 -1 4 0 0 0 99 0 0 2.95084
1 2 25 3 0 -1 4 0 0 0 99 0 0 3.56839
1 2 25 4 0 -1 4 0 0 0 99 0 0 5.42102
1 2 25 4 0 -1 4 0 0 0 99 0 0 2.64207
1 2 25 5 0 -1 4 0 0 0 99 0 0 6.65611
1 2 25 6 0 -1 4 0 0 0 99 0 0 11.9052
1 2 25 7 0 -1 4 0 0 0 99 0 0 9.74383
1 2 25 7 0 -1 4 0 0 0 99 0 0 4.18593
1 2 25 8 0 -1 4 0 0 0 99 0 0 19.9333
1 2 25 8 0 -1 4 0 0 0 99 0 0 2.64207
1 2 25 9 0 -1 4 0 0 0 99 0 0 15.6105
1 2 25 10 0 -1 4 0 0 0 99 0 0 2.64207
1 2 25 10 0 -1 4 0 0 0 99 0 0 12.214
1 2 25 11 0 -1 4 0 0 0 99 0 0 10.6701
1 2 25 11 0 -1 4 0 0 0 99 0 0 2.64207
1 2 25 12 0 -1 4 0 0 0 99 0 0 3.87716
t 1 25 -3 1 1 0 0 0 0 -2
_00Canto
1 2 25 2 0 0 4 0 0 -2
1 2 25 12 0 0 4 0 0 -2
1 2 25 108 0 1 4 0 0 -1.66
1 1 73.3333 11 0 -1 4 0 0 0 99 0 0 2.6533
1 1 73.3333 12 0 -1 4 0 0 0 99 0 0 3.2933
1 2 73.3333 1 0 -1 4 0 0 0 99 0 0 5.2133
1 2 73.3333 1 0 -1 4 0 0 0 99 0 0 2.6533
1 2 73.3333 2 0 -1 4 0 0 0 99 0 0 7.7733
1 2 73.3333 3 0 -1 4 0 0 0 99 0 0 10.0133
1 2 73.3333 4 0 -1 4 0 0 0 99 0 0 16.0933
1 2 73.3333 4 0 -1 4 0 0 0 99 0 0 3.6133
1 2 73.3333 5 0 -1 4 0 0 0 99 0 0 19.9333
1 2 73.3333 6 0 -1 4 0 0 0 99 0 0 19.6133
1 2 73.3333 7 0 -1 4 0 0 0 99 0 0 11.2933
1 2 73.3333 7 0 -1 4 0 0 0 99 0 0 2.9733
1 2 73.3333 8 0 -1 4 0 0 0 99 0 0 8.7333
1 2 73.3333 9 0 -1 4 0 0 0 99 0 0 2.9733
t 1 73.3333 -3 1 1 0 0 0 0 -2
_00Alto
1 1 73.3333 11 0 0 4 0 0 -2
1 2 73.3333 9 0 0 4 0 0 -2
1 2 73.3333 105 0 1 4 0 0 -1.66
1 1 121.667 9 0 -1 4 0 0 0 99 0 0 5.16187
1 1 121.667 10 0 -1 4 0 0 0 99 0 0 6.41901
1 1 121.667 11 0 -1 4 0 0 0 99 0 0 7.36187
1 1 121.667 12 0 -1 4 0 0 0 99 0 0 7.36187
1 1 121.667 12 0 -1 4 0 0 0 99 0 0 2.96187
1 2 121.667 1 0 -1 4 0 0 0 99 0 0 13.6476
1 2 121.667 1 0 -1 4 0 0 0 99 0 0 2.96187
1 2 121.667 2 0 -1 4 0 0 0 99 0 0 17.419
1 2 121.667 3 0 -1 4 0 0 0 99 0 0 2.96187
1 2 121.667 3 0 -1 4 0 0 0 99 0 0 15.219
1 2 121.667 4 0 -1 4 0 0 0 99 0 0 19.9333
1 2 121.667 5 0 -1 4 0 0 0 99 0 0 12.0762
1 2 121.667 6 0 -1 4 0 0 0 99 0 0 5.16187
t 1 121.667 -3 1 1 0 0 0 0 -2
_00Tenore
1 1 121.667 9 0 0 4 0 0 -2
1 2 121.667 6 0 0 4 0 0 -2
1 2 121.667 102 0 1 4 0 0 -1.66
1 1 170 4 0 -1 4 0 0 0 99 0 0 2.76257
1 1 170 5 0 -1 4 0 0 0 99 0 0 4.90891
1 1 170 6 0 -1 4 0 0 0 99 0 0 7.48452
1 1 170 7 0 -1 4 0 0 0 99 0 0 9.20159
1 1 170 8 0 -1 4 0 0 0 99 0 0 3.19184
1 1 170 8 0 -1 4 0 0 0 99 0 0 4.47964
1 1 170 9 0 -1 4 0 0 0 99 0 0 19.9333
1 1 170 10 0 -1 4 0 0 0 99 0 0 15.2113
1 1 170 11 0 -1 4 0 0 0 99 0 0 13.9235
1 1 170 12 0 -1 4 0 0 0 99 0 0 14.3528
1 1 170 12 0 -1 4 0 0 0 99 0 0 2.76257
1 2 170 1 0 -1 4 0 0 0 99 0 0 16.9284
1 2 170 2 0 -1 4 0 0 0 99 0 0 9.20159
1 2 170 3 0 -1 4 0 0 0 99 0 0 2.76257
1 2 170 4 0 -1 4 0 0 0 99 0 0 2.76257
t 1 170 -3 1 1 0 0 0 0 -2
_00Basso
1 1 170 4 0 0 4 0 0 -2
1 2 170 4 0 0 4 0 0 -2
1 1 170 110 0 1 4 0 0 -1.66
