#define SVG t 1 1 \n_99%svg%
t 2 10 14 1 1 0 0 0 0 -1.35
_00
8 1 0 0 0 200
8 2 0 -6 0 200
14 1 0 2
14 1 200 2
14 1 0 2 8
3 2 2
3 1 2 0 1
1 2 25 2 0 -1 4 0 0 0 99 0 0 2.82219
1 2 25 3 0 -1 4 0 0 0 99 0 0 2.57774
1 2 25 4 0 -1 4 0 0 0 99 0 0 2.82219
1 2 25 4 0 -1 4 0 0 0 99 0 0 2.57774
1 2 25 5 0 -1 4 0 0 0 99 0 0 9.17774
1 2 25 6 0 -1 4 0 0 0 99 0 0 10.4
1 2 25 7 0 -1 4 0 0 0 99 0 0 3.06663
1 2 25 7 0 -1 4 0 0 0 99 0 0 13.0889
1 2 25 8 0 -1 4 0 0 0 99 0 0 19.9333
1 2 25 8 0 -1 4 0 0 0 99 0 0 3.79997
1 2 25 9 0 -1 4 0 0 0 99 0 0 18.4666
1 2 25 10 0 -1 4 0 0 0 99 0 0 18.7111
1 2 25 11 0 -1 4 0 0 0 99 0 0 10.8889
1 2 25 11 0 -1 4 0 0 0 99 0 0 3.79997
1 2 25 12 0 -1 4 0 0 0 99 0 0 11.3777
1 2 25 13 0 -1 4 0 0 0 99 0 0 2.82219
t 1 25 -3 1 1 0 0 0 0 -2
_00Canto
1 2 25 2 0 0 4 0 0 -2
1 2 25 13 0 0 4 0 0 -2
1 2 25 109 0 1 4 0 0 -1.66
1 2 54 2 0 -1 4 0 0 0 99 0 0 2.54535
1 2 54 3 0 -1 4 0 0 0 99 0 0 2.54535
1 2 54 4 0 -1 4 0 0 0 99 0 0 3.18149
1 2 54 4 0 -1 4 0 0 0 99 0 0 3.18149
1 2 54 5 0 -1 4 0 0 0 99 0 0 8.0586
1 2 54 6 0 -1 4 0 0 0 99 0 0 8.90679
1 2 54 7 0 -1 4 0 0 0 99 0 0 2.54535
1 2 54 7 0 -1 4 0 0 0 99 0 0 8.69475
1 2 54 8 0 -1 4 0 0 0 99 0 0 15.4803
1 2 54 8 0 -1 4 0 0 0 99 0 0 2.54535
1 2 54 9 0 -1 4 0 0 0 99 0 0 19.9333
1 2 54 10 0 -1 4 0 0 0 99 0 0 16.1164
1 2 54 11 0 -1 4 0 0 0 99 0 0 10.3911
1 2 54 11 0 -1 4 0 0 0 99 0 0 2.96944
1 2 54 12 0 -1 4 0 0 0 99 0 0 9.33089
t 1 54 -3 1 1 0 0 0 0 -2
_00Sesto
1 2 54 2 0 0 4 0 0 -2
1 2 54 12 0 0 4 0 0 -2
1 2 54 109 0 1 4 0 0 -1.66
1 1 83 10 0 -1 4 0 0 0 99 0 0 3.85429
1 1 83 11 0 -1 4 0 0 0 99 0 0 2.98515
1 1 83 12 0 -1 4 0 0 0 99 0 0 2.55058
1 1 83 12 0 -1 4 0 0 0 99 0 0 3.41972
1 2 83 1 0 -1 4 0 0 0 99 0 0 10.1555
1 2 83 1 0 -1 4 0 0 0 99 0 0 2.76787
1 2 83 2 0 -1 4 0 0 0 99 0 0 12.1111
1 2 83 3 0 -1 4 0 0 0 99 0 0 12.5456
1 2 83 4 0 -1 4 0 0 0 99 0 0 10.8074
1 2 83 4 0 -1 4 0 0 0 99 0 0 4.28886
1 2 83 5 0 -1 4 0 0 0 99 0 0 19.9333
1 2 83 6 0 -1 4 0 0 0 99 0 0 14.7185
1 2 83 7 0 -1 4 0 0 0 99 0 0 4.28886
1 2 83 7 0 -1 4 0 0 0 99 0 0 7.98268
1 2 83 8 0 -1 4 0 0 0 99 0 0 8.63453
1 2 83 9 0 -1 4 0 0 0 99 0 0 3.637
t 1 83 -3 1 1 0 0 0 0 -2
_00Alto
1 1 83 10 0 0 4 0 0 -2
1 2 83 9 0 0 4 0 0 -2
1 2 83 105 0 1 4 0 0 -1.66
1 1 112 8 0 -1 4 0 0 0 99 0 0 2.81549
1 1 112 9 0 -1 4 0 0 0 99 0 0 3.53878
1 1 112 10 0 -1 4 0 0 0 99 0 0 10.2895
1 1 112 11 0 -1 4 0 0 0 99 0 0 10.2895
1 1 112 12 0 -1 4 0 0 0 99 0 0 3.05659
1 1 112 12 0 -1 4 0 0 0 99 0 0 9.08398
1 2 112 1 0 -1 4 0 0 0 99 0 0 12.9415
1 2 112 1 0 -1 4 0 0 0 99 0 0 3.05659
1 2 112 2 0 -1 4 0 0 0 99 0 0 19.9333
1 2 112 3 0 -1 4 0 0 0 99 0 0 14.147
1 2 112 4 0 -1 4 0 0 0 99 0 0 8.3607
1 2 112 4 0 -1 4 0 0 0 99 0 0 2.5744
1 2 112 5 0 -1 4 0 0 0 99 0 0 8.3607
1 2 112 6 0 -1 4 0 0 0 99 0 0 5.46755
t 1 112 -3 1 1 0 0 0 0 -2
_00Tenore
1 1 112 8 0 0 4 0 0 -2
1 2 112 6 0 0 4 0 0 -2
1 2 112 102 0 1 4 0 0 -1.66
1 1 141 8 0 -1 4 0 0 0 99 0 0 2.95084
1 1 141 9 0 -1 4 0 0 0 99 0 0 4.18593
1 1 141 9 0 -1 4 0 0 0 99 0 0 2.64207
1 1 141 10 0 -1 4 0 0 0 99 0 0 11.9052
1 1 141 11 0 -1 4 0 0 0 99 0 0 14.9929
1 1 141 12 0 -1 4 0 0 0 99 0 0 3.25962
1 1 141 12 0 -1 4 0 0 0 99 0 0 11.9052
1 2 141 1 0 -1 4 0 0 0 99 0 0 19.9333
1 2 141 1 0 -1 4 0 0 0 99 0 0 3.25962
1 2 141 2 0 -1 4 0 0 0 99 0 0 19.9333
1 2 141 3 0 -1 4 0 0 0 99 0 0 15.6105
1 2 141 4 0 -1 4 0 0 0 99 0 0 11.2877
1 2 141 4 0 -1 4 0 0 0 99 0 0 2.95084
1 2 141 5 0 -1 4 0 0 0 99 0 0 14.3754
1 2 141 6 0 -1 4 0 0 0 99 0 0 7.89119
1 2 141 7 0 -1 4 0 0 0 99 0 0 2.95084
t 1 141 -3 1 1 0 0 0 0 -2
_00Quinto
1 1 141 8 0 0 4 0 0 -2
1 2 141 7 0 0 4 0 0 -2
1 2 141 102 0 1 4 0 0 -1.66
1 1 170 4 0 -1 4 0 0 0 99 0 0 2.9402
1 1 170 5 0 -1 4 0 0 0 99 0 0 2.63675
1 1 170 6 0 -1 4 0 0 0 99 0 0 10.8299
1 1 170 6 0 -1 4 0 0 0 99 0 0 2.63675
1 1 170 7 0 -1 4 0 0 0 99 0 0 12.6505
1 1 170 8 0 -1 4 0 0 0 99 0 0 10.5264
1 1 170 9 0 -1 4 0 0 0 99 0 0 9.91951
1 1 170 9 0 -1 4 0 0 0 99 0 0 3.24364
1 1 170 10 0 -1 4 0 0 0 99 0 0 19.9333
1 1 170 11 0 -1 4 0 0 0 99 0 0 10.223
1 1 170 12 0 -1 4 0 0 0 99 0 0 3.54709
1 1 170 12 0 -1 4 0 0 0 99 0 0 5.06433
1 2 170 1 0 -1 4 0 0 0 99 0 0 7.49192
1 2 170 2 0 -1 4 0 0 0 99 0 0 3.54709
1 2 170 3 0 -1 4 0 0 0 99 0 0 2.63675
t 1 170 -3 1 1 0 0 0 0 -2
_00Basso
1 1 170 4 0 0 4 0 0 -2
1 2 170 3 0 0 4 0 0 -2
1 1 170 109 0 1 4 0 0 -1.66
