#define SVG t 1 1 \n_99%svg%
t 2 10 14 1 1 0 0 0 0 -1.35
_00
8 1 0 0 0 200
8 2 0 -6 0 200
14 1 0 2
14 1 200 2
14 1 0 2 8
3 2 2
3 1 2 0 1
1 2 25 4 0 -1 4 0 0 0 99 0 0 2.79646
1 2 25 5 0 -1 4 0 0 0 99 0 0 4.18593
1 2 25 6 0 -1 4 0 0 0 99 0 0 6.96488
1 2 25 7 0 -1 4 0 0 0 99 0 0 7.42804
1 2 25 7 0 -1 4 0 0 0 99 0 0 3.72277
1 2 25 8 0 -1 4 0 0 0 99 0 0 19.9333
1 2 25 8 0 -1 4 0 0 0 99 0 0 3.25962
1 2 25 9 0 -1 4 0 0 0 99 0 0 18.5438
1 2 25 10 0 -1 4 0 0 0 99 0 0 4.18593
1 2 25 10 0 -1 4 0 0 0 99 0 0 10.207
1 2 25 11 0 -1 4 0 0 0 99 0 0 12.9859
1 2 25 11 0 -1 4 0 0 0 99 0 0 2.79646
1 2 25 12 0 -1 4 0 0 0 99 0 0 8.81751
t 1 25 -3 1 1 0 0 0 0 -2
_00Canto
1 2 25 4 0 0 4 0 0 -2
1 2 25 12 0 0 4 0 0 -2
1 2 25 109 0 1 4 0 0 -1.66
1 2 61.25 1 0 -1 4 0 0 0 99 0 0 5.46219
1 2 61.25 1 0 -1 4 0 0 0 99 0 0 3.89774
1 2 61.25 2 0 -1 4 0 0 0 99 0 0 7.80886
1 2 61.25 3 0 -1 4 0 0 0 99 0 0 10.9377
1 2 61.25 4 0 -1 4 0 0 0 99 0 0 13.2844
1 2 61.25 4 0 -1 4 0 0 0 99 0 0 3.11552
1 2 61.25 5 0 -1 4 0 0 0 99 0 0 17.5866
1 2 61.25 6 0 -1 4 0 0 0 99 0 0 2.72441
1 2 61.25 6 0 -1 4 0 0 0 99 0 0 19.9333
1 2 61.25 7 0 -1 4 0 0 0 99 0 0 10.5466
1 2 61.25 7 0 -1 4 0 0 0 99 0 0 2.72441
1 2 61.25 8 0 -1 4 0 0 0 99 0 0 9.76441
1 2 61.25 9 0 -1 4 0 0 0 99 0 0 7.80886
t 1 61.25 -3 1 1 0 0 0 0 -2
_00Quinto
1 2 61.25 1 0 0 4 0 0 -2
1 2 61.25 9 0 0 4 0 0 -2
1 2 61.25 105 0 1 4 0 0 -1.66
1 1 97.5 10 0 -1 4 0 0 0 99 0 0 2.72441
1 1 97.5 11 0 -1 4 0 0 0 99 0 0 4.67997
1 1 97.5 12 0 -1 4 0 0 0 99 0 0 3.11552
1 2 97.5 1 0 -1 4 0 0 0 99 0 0 8.19997
1 2 97.5 2 0 -1 4 0 0 0 99 0 0 9.76441
1 2 97.5 3 0 -1 4 0 0 0 99 0 0 3.11552
1 2 97.5 3 0 -1 4 0 0 0 99 0 0 11.72
1 2 97.5 4 0 -1 4 0 0 0 99 0 0 19.9333
1 2 97.5 4 0 -1 4 0 0 0 99 0 0 3.50663
1 2 97.5 5 0 -1 4 0 0 0 99 0 0 16.4133
1 2 97.5 6 0 -1 4 0 0 0 99 0 0 17.1955
1 2 97.5 7 0 -1 4 0 0 0 99 0 0 8.98219
1 2 97.5 7 0 -1 4 0 0 0 99 0 0 3.50663
1 2 97.5 8 0 -1 4 0 0 0 99 0 0 6.63552
t 1 97.5 -3 1 1 0 0 0 0 -2
_00Alto
1 1 97.5 10 0 0 4 0 0 -2
1 2 97.5 8 0 0 4 0 0 -2
1 2 97.5 104 0 1 4 0 0 -1.66
1 1 133.75 9 0 -1 4 0 0 0 99 0 0 3.6211
1 1 133.75 10 0 -1 4 0 0 0 99 0 0 4.90891
1 1 133.75 11 0 -1 4 0 0 0 99 0 0 9.63086
1 1 133.75 12 0 -1 4 0 0 0 99 0 0 11.7772
1 1 133.75 12 0 -1 4 0 0 0 99 0 0 3.19184
1 2 133.75 1 0 -1 4 0 0 0 99 0 0 19.9333
1 2 133.75 1 0 -1 4 0 0 0 99 0 0 3.19184
1 2 133.75 2 0 -1 4 0 0 0 99 0 0 16.9284
1 2 133.75 3 0 -1 4 0 0 0 99 0 0 4.05037
1 2 133.75 3 0 -1 4 0 0 0 99 0 0 13.9235
1 2 133.75 4 0 -1 4 0 0 0 99 0 0 15.6406
1 2 133.75 4 0 -1 4 0 0 0 99 0 0 2.76257
1 2 133.75 5 0 -1 4 0 0 0 99 0 0 7.05525
1 2 133.75 6 0 -1 4 0 0 0 99 0 0 5.33818
t 1 133.75 -3 1 1 0 0 0 0 -2
_00Tenore
1 1 133.75 9 0 0 4 0 0 -2
1 2 133.75 6 0 0 4 0 0 -2
1 2 133.75 102 0 1 4 0 0 -1.66
1 1 170 4 0 -1 4 0 0 0 99 0 0 3.46878
1 1 170 5 0 -1 4 0 0 0 99 0 0 5.73975
1 1 170 6 0 -1 4 0 0 0 99 0 0 10.2817
1 1 170 6 0 -1 4 0 0 0 99 0 0 2.90104
1 1 170 7 0 -1 4 0 0 0 99 0 0 12.5527
1 1 170 8 0 -1 4 0 0 0 99 0 0 2.90104
1 1 170 8 0 -1 4 0 0 0 99 0 0 5.73975
1 1 170 9 0 -1 4 0 0 0 99 0 0 19.9333
1 1 170 10 0 -1 4 0 0 0 99 0 0 13.6881
1 1 170 11 0 -1 4 0 0 0 99 0 0 18.2301
1 1 170 12 0 -1 4 0 0 0 99 0 0 16.5268
1 1 170 12 0 -1 4 0 0 0 99 0 0 2.90104
1 2 170 1 0 -1 4 0 0 0 99 0 0 12.5527
1 2 170 2 0 -1 4 0 0 0 99 0 0 9.1462
t 1 170 -3 1 1 0 0 0 0 -2
_00Basso
1 1 170 4 0 0 4 0 0 -2
1 2 170 2 0 0 4 0 0 -2
1 1 170 110 0 1 4 0 0 -1.66
