#define SVG t 1 1 \n_99%svg%
t 2 10 14 1 1 0 0 0 0 -1.35
_00
8 1 0 0 0 200
8 2 0 -6 0 200
14 1 0 2
14 1 200 2
14 1 0 2 8
3 2 2
3 1 2 0 1
1 1 25 12 0 -1 4 0 0 0 99 0 0 2.72441
1 2 25 1 0 -1 4 0 0 0 99 0 0 3.89774
1 2 25 1 0 -1 4 0 0 0 99 0 0 3.11552
1 2 25 2 0 -1 4 0 0 0 99 0 0 5.8533
1 2 25 3 0 -1 4 0 0 0 99 0 0 9.17774
1 2 25 4 0 -1 4 0 0 0 99 0 0 8.59108
1 2 25 4 0 -1 4 0 0 0 99 0 0 4.0933
1 2 25 5 0 -1 4 0 0 0 99 0 0 10.9377
1 2 25 6 0 -1 4 0 0 0 99 0 0 3.31108
1 2 25 6 0 -1 4 0 0 0 99 0 0 19.9333
1 2 25 7 0 -1 4 0 0 0 99 0 0 3.11552
1 2 25 7 0 -1 4 0 0 0 99 0 0 9.76441
1 2 25 8 0 -1 4 0 0 0 99 0 0 10.5466
1 2 25 8 0 -1 4 0 0 0 99 0 0 3.31108
1 2 25 9 0 -1 4 0 0 0 99 0 0 6.04886
1 2 25 10 0 -1 4 0 0 0 99 0 0 2.52886
t 1 25 -3 1 1 0 0 0 0 -2
_00Canto
1 1 25 12 0 0 4 0 0 -2
1 2 25 10 0 0 4 0 0 -2
1 2 25 106 0 1 4 0 0 -1.66
1 1 73.3333 10 0 -1 4 0 0 0 99 0 0 3.22444
1 1 73.3333 11 0 -1 4 0 0 0 99 0 0 7.68014
1 1 73.3333 12 0 -1 4 0 0 0 99 0 0 2.55608
1 1 73.3333 12 0 -1 4 0 0 0 99 0 0 5.67507
1 2 73.3333 1 0 -1 4 0 0 0 99 0 0 9.46241
1 2 73.3333 1 0 -1 4 0 0 0 99 0 0 5.45229
1 2 73.3333 2 0 -1 4 0 0 0 99 0 0 18.3738
1 2 73.3333 3 0 -1 4 0 0 0 99 0 0 19.9333
1 2 73.3333 4 0 -1 4 0 0 0 99 0 0 17.2599
1 2 73.3333 4 0 -1 4 0 0 0 99 0 0 4.56115
1 2 73.3333 5 0 -1 4 0 0 0 99 0 0 10.7991
1 2 73.3333 6 0 -1 4 0 0 0 99 0 0 8.79406
t 1 73.3333 -3 1 1 0 0 0 0 -2
_00Alto
1 1 73.3333 10 0 0 4 0 0 -2
1 2 73.3333 6 0 0 4 0 0 -2
1 2 73.3333 103 0 1 4 0 0 -1.66
1 1 121.667 6 0 -1 4 0 0 0 99 0 0 3.54709
1 1 121.667 7 0 -1 4 0 0 0 99 0 0 5.97468
1 1 121.667 8 0 -1 4 0 0 0 99 0 0 7.18847
1 1 121.667 9 0 -1 4 0 0 0 99 0 0 7.18847
1 1 121.667 9 0 -1 4 0 0 0 99 0 0 2.9402
1 1 121.667 10 0 -1 4 0 0 0 99 0 0 10.5264
1 1 121.667 11 0 -1 4 0 0 0 99 0 0 3.54709
1 1 121.667 11 0 -1 4 0 0 0 99 0 0 17.8092
1 1 121.667 12 0 -1 4 0 0 0 99 0 0 5.06433
1 1 121.667 12 0 -1 4 0 0 0 99 0 0 8.70571
1 2 121.667 1 0 -1 4 0 0 0 99 0 0 19.9333
1 2 121.667 1 0 -1 4 0 0 0 99 0 0 6.58158
1 2 121.667 2 0 -1 4 0 0 0 99 0 0 19.6299
1 2 121.667 3 0 -1 4 0 0 0 99 0 0 9.91951
1 2 121.667 4 0 -1 4 0 0 0 99 0 0 8.40227
t 1 121.667 -3 1 1 0 0 0 0 -2
_00Tenore
1 1 121.667 6 0 0 4 0 0 -2
1 2 121.667 4 0 0 4 0 0 -2
1 2 121.667 101 0 1 4 0 0 -1.66
1 1 170 2 0 -1 4 0 0 0 99 0 0 3.60866
1 1 170 3 0 -1 4 0 0 0 99 0 0 5.39417
1 1 170 4 0 -1 4 0 0 0 99 0 0 8.71011
1 1 170 5 0 -1 4 0 0 0 99 0 0 4.62895
1 1 170 5 0 -1 4 0 0 0 99 0 0 3.09852
1 1 170 6 0 -1 4 0 0 0 99 0 0 9.7304
1 1 170 7 0 -1 4 0 0 0 99 0 0 19.9333
1 1 170 8 0 -1 4 0 0 0 99 0 0 7.43475
1 1 170 9 0 -1 4 0 0 0 99 0 0 12.7913
1 1 170 10 0 -1 4 0 0 0 99 0 0 11.5159
1 1 170 11 0 -1 4 0 0 0 99 0 0 12.2811
1 1 170 12 0 -1 4 0 0 0 99 0 0 2.84344
1 1 170 12 0 -1 4 0 0 0 99 0 0 2.58837
1 2 170 1 0 -1 4 0 0 0 99 0 0 3.09852
t 1 170 -3 1 1 0 0 0 0 -2
_00Basso
1 1 170 2 0 0 4 0 0 -2
1 2 170 1 0 0 4 0 0 -2
1 1 170 107 0 1 4 0 0 -1.66
