#define SVG t 1 1 \n_99%svg%
t 2 10 14 1 1 0 0 0 0 -1.35
_00
8 1 0 0 0 200
8 2 0 -6 0 200
14 1 0 2
14 1 200 2
14 1 0 2 8
3 2 2
3 1 2 0 1
1 2 25 1 0 -1 4 0 0 0 99 0 0 4.236
1 2 25 2 0 -1 4 0 0 0 99 0 0 10.4198
1 2 25 3 0 -1 4 0 0 0 99 0 0 8.51708
1 2 25 4 0 -1 4 0 0 0 99 0 0 8.51708
1 2 25 4 0 -1 4 0 0 0 99 0 0 6.13871
1 2 25 5 0 -1 4 0 0 0 99 0 0 19.9333
1 2 25 6 0 -1 4 0 0 0 99 0 0 18.0306
1 2 25 7 0 -1 4 0 0 0 99 0 0 10.8955
1 2 25 7 0 -1 4 0 0 0 99 0 0 6.13871
1 2 25 8 0 -1 4 0 0 0 99 0 0 16.6036
1 2 25 8 0 -1 4 0 0 0 99 0 0 2.80898
1 2 25 9 0 -1 4 0 0 0 99 0 0 9.94411
t 1 25 -3 1 1 0 0 0 0 -2
_00Canto
1 2 25 1 0 0 4 0 0 -2
1 2 25 9 0 0 4 0 0 -2
1 2 25 106 0 1 4 0 0 -1.66
1 2 61.25 1 0 -1 4 0 0 0 99 0 0 3.6133
1 2 61.25 2 0 -1 4 0 0 0 99 0 0 8.7333
1 2 61.25 3 0 -1 4 0 0 0 99 0 0 2.9733
1 2 61.25 3 0 -1 4 0 0 0 99 0 0 7.7733
1 2 61.25 4 0 -1 4 0 0 0 99 0 0 9.3733
1 2 61.25 4 0 -1 4 0 0 0 99 0 0 3.6133
1 2 61.25 5 0 -1 4 0 0 0 99 0 0 19.9333
1 2 61.25 6 0 -1 4 0 0 0 99 0 0 12.2533
1 2 61.25 7 0 -1 4 0 0 0 99 0 0 5.2133
1 2 61.25 8 0 -1 4 0 0 0 99 0 0 5.8533
1 2 61.25 9 0 -1 4 0 0 0 99 0 0 3.9333
t 1 61.25 -3 1 1 0 0 0 0 -2
_00Quinto
1 2 61.25 1 0 0 4 0 0 -2
1 2 61.25 9 0 0 4 0 0 -2
1 2 61.25 105 0 1 4 0 0 -1.66
1 1 97.5 9 0 -1 4 0 0 0 99 0 0 2.62663
1 1 97.5 10 0 -1 4 0 0 0 99 0 0 5.8533
1 1 97.5 11 0 -1 4 0 0 0 99 0 0 7.90663
1 1 97.5 12 0 -1 4 0 0 0 99 0 0 6.7333
1 1 97.5 12 0 -1 4 0 0 0 99 0 0 4.0933
1 2 97.5 1 0 -1 4 0 0 0 99 0 0 13.48
1 2 97.5 1 0 -1 4 0 0 0 99 0 0 2.62663
1 2 97.5 2 0 -1 4 0 0 0 99 0 0 19.9333
1 2 97.5 3 0 -1 4 0 0 0 99 0 0 4.67997
1 2 97.5 3 0 -1 4 0 0 0 99 0 0 5.55997
1 2 97.5 4 0 -1 4 0 0 0 99 0 0 5.26663
1 2 97.5 5 0 -1 4 0 0 0 99 0 0 2.91997
t 1 97.5 -3 1 1 0 0 0 0 -2
_00Alto
1 1 97.5 9 0 0 4 0 0 -2
1 2 97.5 5 0 0 4 0 0 -2
1 2 97.5 101 0 1 4 0 0 -1.66
1 1 133.75 6 0 -1 4 0 0 0 99 0 0 3.7413
1 1 133.75 7 0 -1 4 0 0 0 99 0 0 7.2613
1 1 133.75 8 0 -1 4 0 0 0 99 0 0 4.7973
1 1 133.75 9 0 -1 4 0 0 0 99 0 0 7.6133
1 1 133.75 9 0 -1 4 0 0 0 99 0 0 4.0933
1 1 133.75 10 0 -1 4 0 0 0 99 0 0 19.9333
1 1 133.75 11 0 -1 4 0 0 0 99 0 0 15.7093
1 1 133.75 12 0 -1 4 0 0 0 99 0 0 11.4853
1 1 133.75 12 0 -1 4 0 0 0 99 0 0 3.7413
1 2 133.75 1 0 -1 4 0 0 0 99 0 0 11.4853
1 2 133.75 2 0 -1 4 0 0 0 99 0 0 6.5573
t 1 133.75 -3 1 1 0 0 0 0 -2
_00Tenore
1 1 133.75 6 0 0 4 0 0 -2
1 2 133.75 2 0 0 4 0 0 -2
1 1 133.75 111 0 1 4 0 0 -1.66
1 1 170 3 0 -1 4 0 0 0 99 0 0 12.7833
1 1 170 4 0 -1 4 0 0 0 99 0 0 5.6333
1 1 170 5 0 -1 4 0 0 0 99 0 0 7.8333
1 1 170 5 0 -1 4 0 0 0 99 0 0 2.8833
1 1 170 6 0 -1 4 0 0 0 99 0 0 19.9333
1 1 170 7 0 -1 4 0 0 0 99 0 0 19.9333
1 1 170 8 0 -1 4 0 0 0 99 0 0 5.0833
1 1 170 8 0 -1 4 0 0 0 99 0 0 4.5333
1 1 170 9 0 -1 4 0 0 0 99 0 0 10.5833
1 1 170 9 0 -1 4 0 0 0 99 0 0 2.8833
1 1 170 10 0 -1 4 0 0 0 99 0 0 11.1333
1 1 170 11 0 -1 4 0 0 0 99 0 0 3.4333
t 1 170 -3 1 1 0 0 0 0 -2
_00Basso
1 1 170 3 0 0 4 0 0 -2
1 1 170 11 0 0 4 0 0 -2
1 1 170 107 0 1 4 0 0 -1.66
