#define SVG t 1 1 \n_99%svg%
t 2 10 14 1 1 0 0 0 0 -1.35
_00
8 1 0 0 0 200
8 2 0 -6 0 200
14 1 0 2
14 1 200 2
14 1 0 2 8
3 2 2
3 1 2 0 1
1 2 170 1 0 -1 4 0 0 0 99 0 0 2.85095
1 2 170 1 0 -1 4 0 0 0 99 0 0 2.85095
1 2 170 2 0 -1 4 0 0 0 99 0 0 6.47448
1 2 170 3 0 -1 4 0 0 0 99 0 0 11.1333
1 2 170 4 0 -1 4 0 0 0 99 0 0 8.02742
1 2 170 4 0 -1 4 0 0 0 99 0 0 8.02742
1 2 170 5 0 -1 4 0 0 0 99 0 0 19.4157
1 2 170 6 0 -1 4 0 0 0 99 0 0 3.36859
1 2 170 6 0 -1 4 0 0 0 99 0 0 19.9333
1 2 170 7 0 -1 4 0 0 0 99 0 0 5.43918
1 2 170 7 0 -1 4 0 0 0 99 0 0 9.06271
1 2 170 8 0 -1 4 0 0 0 99 0 0 9.06271
1 2 170 8 0 -1 4 0 0 0 99 0 0 3.36859
1 2 170 9 0 -1 4 0 0 0 99 0 0 5.95683
t 1 170 -3 1 1 0 0 0 0 -2
_00Canto
1 2 170 1 0 0 4 0 0 -2
1 2 170 9 0 0 4 0 0 -2
1 2 170 105 0 1 4 0 0 -1.66
