#define SVG t 1 1 \n_99%svg%
t 2 10 14 1 1 0 0 0 0 -1.35
_00
8 1 0 0 0 200
8 2 0 -6 0 200
14 1 0 2
14 1 200 2
14 1 0 2 8
3 2 2
3 1 2 0 1
1 2 25 4 0 -1 4 0 0 0 99 0 0 2.78458
1 2 25 5 0 -1 4 0 0 0 99 0 0 6.39484
1 2 25 6 0 -1 4 0 0 0 99 0 0 11.3589
1 2 25 7 0 -1 4 0 0 0 99 0 0 15.8718
1 2 25 7 0 -1 4 0 0 0 99 0 0 3.23586
1 2 25 8 0 -1 4 0 0 0 99 0 0 16.7743
1 2 25 8 0 -1 4 0 0 0 99 0 0 3.23586
1 2 25 9 0 -1 4 0 0 0 99 0 0 19.9333
1 2 25 10 0 -1 4 0 0 0 99 0 0 4.13843
1 2 25 10 0 -1 4 0 0 0 99 0 0 11.3589
1 2 25 11 0 -1 4 0 0 0 99 0 0 16.323
1 2 25 11 0 -1 4 0 0 0 99 0 0 2.78458
1 2 25 12 0 -1 4 0 0 0 99 0 0 12.2615
1 2 25 13 0 -1 4 0 0 0 99 0 0 3.68715
t 1 25 -3 1 1 0 0 0 0 -2
_00Canto
1 2 25 4 0 0 4 0 0 -2
1 2 25 13 0 0 4 0 0 -2
1 2 25 109 0 1 4 0 0 -1.66
1 2 54 4 0 -1 4 0 0 0 99 0 0 2.95084
1 2 54 4 0 -1 4 0 0 0 99 0 0 2.95084
1 2 54 5 0 -1 4 0 0 0 99 0 0 7.27365
1 2 54 6 0 -1 4 0 0 0 99 0 0 9.12628
1 2 54 7 0 -1 4 0 0 0 99 0 0 7.58242
1 2 54 7 0 -1 4 0 0 0 99 0 0 3.87716
1 2 54 8 0 -1 4 0 0 0 99 0 0 14.3754
1 2 54 8 0 -1 4 0 0 0 99 0 0 2.95084
1 2 54 9 0 -1 4 0 0 0 99 0 0 19.9333
1 2 54 10 0 -1 4 0 0 0 99 0 0 3.87716
1 2 54 10 0 -1 4 0 0 0 99 0 0 9.74383
1 2 54 11 0 -1 4 0 0 0 99 0 0 10.3614
1 2 54 12 0 -1 4 0 0 0 99 0 0 6.65611
1 2 54 13 0 -1 4 0 0 0 99 0 0 3.56839
t 1 54 -3 1 1 0 0 0 0 -2
_00Quinto
1 2 54 4 0 0 4 0 0 -2
1 2 54 13 0 0 4 0 0 -2
1 2 54 109 0 1 4 0 0 -1.66
1 2 83 1 0 -1 4 0 0 0 99 0 0 2.7333
1 2 83 2 0 -1 4 0 0 0 99 0 0 5.1333
1 2 83 3 0 -1 4 0 0 0 99 0 0 6.3333
1 2 83 4 0 -1 4 0 0 0 99 0 0 11.9333
1 2 83 4 0 -1 4 0 0 0 99 0 0 3.9333
1 2 83 5 0 -1 4 0 0 0 99 0 0 19.9333
1 2 83 6 0 -1 4 0 0 0 99 0 0 17.1333
1 2 83 7 0 -1 4 0 0 0 99 0 0 14.7333
1 2 83 7 0 -1 4 0 0 0 99 0 0 5.1333
1 2 83 8 0 -1 4 0 0 0 99 0 0 8.7333
1 2 83 8 0 -1 4 0 0 0 99 0 0 3.9333
1 2 83 9 0 -1 4 0 0 0 99 0 0 4.7333
t 1 83 -3 1 1 0 0 0 0 -2
_00Sesto
1 2 83 1 0 0 4 0 0 -2
1 2 83 9 0 0 4 0 0 -2
1 2 83 106 0 1 4 0 0 -1.66
1 1 112 10 0 -1 4 0 0 0 99 0 0 3.1519
1 1 112 11 0 -1 4 0 0 0 99 0 0 4.78911
1 1 112 12 0 -1 4 0 0 0 99 0 0 4.37981
1 2 112 1 0 -1 4 0 0 0 99 0 0 7.65423
1 2 112 2 0 -1 4 0 0 0 99 0 0 12.9752
1 2 112 3 0 -1 4 0 0 0 99 0 0 4.78911
1 2 112 3 0 -1 4 0 0 0 99 0 0 11.7473
1 2 112 4 0 -1 4 0 0 0 99 0 0 19.9333
1 2 112 4 0 -1 4 0 0 0 99 0 0 3.1519
1 2 112 5 0 -1 4 0 0 0 99 0 0 18.7054
1 2 112 6 0 -1 4 0 0 0 99 0 0 11.7473
1 2 112 7 0 -1 4 0 0 0 99 0 0 6.83563
1 2 112 7 0 -1 4 0 0 0 99 0 0 2.7426
1 2 112 8 0 -1 4 0 0 0 99 0 0 2.7426
t 1 112 -3 1 1 0 0 0 0 -2
_00Alto
1 1 112 10 0 0 4 0 0 -2
1 2 112 8 0 0 4 0 0 -2
1 2 112 104 0 1 4 0 0 -1.66
1 1 141 9 0 -1 4 0 0 0 99 0 0 2.71591
1 1 141 10 0 -1 4 0 0 0 99 0 0 6.542
1 1 141 11 0 -1 4 0 0 0 99 0 0 5.77678
1 1 141 12 0 -1 4 0 0 0 99 0 0 11.5159
1 1 141 12 0 -1 4 0 0 0 99 0 0 2.71591
1 2 141 1 0 -1 4 0 0 0 99 0 0 18.4029
1 2 141 1 0 -1 4 0 0 0 99 0 0 3.09852
1 2 141 2 0 -1 4 0 0 0 99 0 0 19.9333
1 2 141 3 0 -1 4 0 0 0 99 0 0 3.86373
1 2 141 3 0 -1 4 0 0 0 99 0 0 9.22026
1 2 141 4 0 -1 4 0 0 0 99 0 0 6.542
1 2 141 5 0 -1 4 0 0 0 99 0 0 4.62895
t 1 141 -3 1 1 0 0 0 0 -2
_00Tenore
1 1 141 9 0 0 4 0 0 -2
1 2 141 5 0 0 4 0 0 -2
1 2 141 101 0 1 4 0 0 -1.66
1 1 170 3 0 -1 4 0 0 0 99 0 0 2.91997
1 1 170 5 0 -1 4 0 0 0 99 0 0 9.95997
1 1 170 6 0 -1 4 0 0 0 99 0 0 12.3066
1 1 170 7 0 -1 4 0 0 0 99 0 0 9.3733
1 1 170 8 0 -1 4 0 0 0 99 0 0 5.26663
1 1 170 8 0 -1 4 0 0 0 99 0 0 5.8533
1 1 170 9 0 -1 4 0 0 0 99 0 0 18.1733
1 1 170 9 0 -1 4 0 0 0 99 0 0 2.91997
1 1 170 10 0 -1 4 0 0 0 99 0 0 19.9333
1 1 170 11 0 -1 4 0 0 0 99 0 0 11.72
1 1 170 12 0 -1 4 0 0 0 99 0 0 11.1333
1 2 170 1 0 -1 4 0 0 0 99 0 0 9.95997
1 2 170 2 0 -1 4 0 0 0 99 0 0 4.0933
t 1 170 -3 1 1 0 0 0 0 -2
_00Basso
1 1 170 3 0 0 4 0 0 -2
1 2 170 2 0 0 4 0 0 -2
1 1 170 109 0 1 4 0 0 -1.66
