#define SVG t 1 1 \n_99%svg%
t 2 10 14 1 1 0 0 0 0 -1.35
_00
8 1 0 0 0 200
8 2 0 -6 0 200
14 1 0 2
14 1 200 2
14 1 0 2 8
3 2 2
3 1 2 0 1
1 1 25 12 0 -1 4 0 0 0 99 0 0 2.64759
1 2 25 1 0 -1 4 0 0 0 99 0 0 3.59044
1 2 25 1 0 -1 4 0 0 0 99 0 0 4.5333
1 2 25 2 0 -1 4 0 0 0 99 0 0 8.9333
1 2 25 3 0 -1 4 0 0 0 99 0 0 10.5047
1 2 25 4 0 -1 4 0 0 0 99 0 0 7.99044
1 2 25 4 0 -1 4 0 0 0 99 0 0 6.10473
1 2 25 5 0 -1 4 0 0 0 99 0 0 14.2762
1 2 25 6 0 -1 4 0 0 0 99 0 0 2.96187
1 2 25 6 0 -1 4 0 0 0 99 0 0 19.9333
1 2 25 7 0 -1 4 0 0 0 99 0 0 13.019
1 2 25 7 0 -1 4 0 0 0 99 0 0 3.59044
1 2 25 8 0 -1 4 0 0 0 99 0 0 13.019
1 2 25 9 0 -1 4 0 0 0 99 0 0 7.67616
1 2 25 10 0 -1 4 0 0 0 99 0 0 2.64759
t 1 25 -3 1 1 0 0 0 0 -2
_00Canto
1 1 25 12 0 0 4 0 0 -2
1 2 25 10 0 0 4 0 0 -2
1 2 25 106 0 1 4 0 0 -1.66
1 2 61.25 1 0 -1 4 0 0 0 99 0 0 2.96187
1 2 61.25 1 0 -1 4 0 0 0 99 0 0 3.27616
1 2 61.25 2 0 -1 4 0 0 0 99 0 0 6.7333
1 2 61.25 3 0 -1 4 0 0 0 99 0 0 2.64759
1 2 61.25 3 0 -1 4 0 0 0 99 0 0 11.1333
1 2 61.25 4 0 -1 4 0 0 0 99 0 0 12.7047
1 2 61.25 4 0 -1 4 0 0 0 99 0 0 7.36187
1 2 61.25 5 0 -1 4 0 0 0 99 0 0 17.7333
1 2 61.25 6 0 -1 4 0 0 0 99 0 0 2.96187
1 2 61.25 6 0 -1 4 0 0 0 99 0 0 19.9333
1 2 61.25 7 0 -1 4 0 0 0 99 0 0 10.5047
1 2 61.25 7 0 -1 4 0 0 0 99 0 0 3.59044
1 2 61.25 8 0 -1 4 0 0 0 99 0 0 8.9333
1 2 61.25 9 0 -1 4 0 0 0 99 0 0 7.67616
t 1 61.25 -3 1 1 0 0 0 0 -2
_00Quinto
1 2 61.25 1 0 0 4 0 0 -2
1 2 61.25 9 0 0 4 0 0 -2
1 2 61.25 105 0 1 4 0 0 -1.66
1 1 97.5 9 0 -1 4 0 0 0 99 0 0 3.45076
1 1 97.5 10 0 -1 4 0 0 0 99 0 0 7.9206
1 1 97.5 11 0 -1 4 0 0 0 99 0 0 9.03806
1 1 97.5 12 0 -1 4 0 0 0 99 0 0 8.7587
1 1 97.5 12 0 -1 4 0 0 0 99 0 0 2.61267
1 2 97.5 1 0 -1 4 0 0 0 99 0 0 13.5079
1 2 97.5 1 0 -1 4 0 0 0 99 0 0 5.40632
1 2 97.5 2 0 -1 4 0 0 0 99 0 0 19.9333
1 2 97.5 3 0 -1 4 0 0 0 99 0 0 3.45076
1 2 97.5 3 0 -1 4 0 0 0 99 0 0 7.64124
1 2 97.5 4 0 -1 4 0 0 0 99 0 0 7.9206
1 2 97.5 4 0 -1 4 0 0 0 99 0 0 6.80314
1 2 97.5 5 0 -1 4 0 0 0 99 0 0 9.03806
1 2 97.5 6 0 -1 4 0 0 0 99 0 0 3.73013
t 1 97.5 -3 1 1 0 0 0 0 -2
_00Alto
1 1 97.5 9 0 0 4 0 0 -2
1 2 97.5 6 0 0 4 0 0 -2
1 2 97.5 102 0 1 4 0 0 -1.66
1 1 133.75 6 0 -1 4 0 0 0 99 0 0 4.84759
1 1 133.75 7 0 -1 4 0 0 0 99 0 0 6.52378
1 1 133.75 8 0 -1 4 0 0 0 99 0 0 6.10473
1 1 133.75 9 0 -1 4 0 0 0 99 0 0 9.45711
1 1 133.75 9 0 -1 4 0 0 0 99 0 0 4.84759
1 1 133.75 10 0 -1 4 0 0 0 99 0 0 18.6762
1 1 133.75 11 0 -1 4 0 0 0 99 0 0 19.9333
1 1 133.75 12 0 -1 4 0 0 0 99 0 0 13.2285
1 1 133.75 12 0 -1 4 0 0 0 99 0 0 3.1714
1 2 133.75 1 0 -1 4 0 0 0 99 0 0 13.6476
1 2 133.75 1 0 -1 4 0 0 0 99 0 0 3.1714
1 2 133.75 2 0 -1 4 0 0 0 99 0 0 17.419
1 2 133.75 3 0 -1 4 0 0 0 99 0 0 3.59044
1 2 133.75 4 0 -1 4 0 0 0 99 0 0 4.84759
t 1 133.75 -3 1 1 0 0 0 0 -2
_00Tenore
1 1 133.75 6 0 0 4 0 0 -2
1 2 133.75 4 0 0 4 0 0 -2
1 1 133.75 111 0 1 4 0 0 -1.66
1 1 170 2 0 -1 4 0 0 0 99 0 0 4.05037
1 1 170 3 0 -1 4 0 0 0 99 0 0 10.0601
1 1 170 4 0 -1 4 0 0 0 99 0 0 9.63086
1 1 170 5 0 -1 4 0 0 0 99 0 0 10.9187
1 1 170 5 0 -1 4 0 0 0 99 0 0 3.6211
1 1 170 6 0 -1 4 0 0 0 99 0 0 13.9235
1 1 170 7 0 -1 4 0 0 0 99 0 0 19.9333
1 1 170 8 0 -1 4 0 0 0 99 0 0 7.05525
1 1 170 8 0 -1 4 0 0 0 99 0 0 4.90891
1 1 170 9 0 -1 4 0 0 0 99 0 0 13.4943
1 1 170 9 0 -1 4 0 0 0 99 0 0 2.76257
1 1 170 10 0 -1 4 0 0 0 99 0 0 9.63086
1 1 170 11 0 -1 4 0 0 0 99 0 0 7.05525
1 1 170 12 0 -1 4 0 0 0 99 0 0 3.6211
t 1 170 -3 1 1 0 0 0 0 -2
_00Basso
1 1 170 2 0 0 4 0 0 -2
1 1 170 12 0 0 4 0 0 -2
1 1 170 107 0 1 4 0 0 -1.66
