#define SVG t 1 1 \n_99%svg%
t 2 10 14 1 1 0 0 0 0 -1.35
_00
8 1 0 0 0 200
8 2 0 -6 0 200
14 1 0 2
14 1 200 2
14 1 0 2 8
3 2 2
3 1 2 0 1
1 2 25 1 0 -1 4 0 0 0 99 0 0 3.9833
1 2 25 2 0 -1 4 0 0 0 99 0 0 6.7333
1 2 25 3 0 -1 4 0 0 0 99 0 0 12.2333
1 2 25 4 0 -1 4 0 0 0 99 0 0 6.1833
1 2 25 4 0 -1 4 0 0 0 99 0 0 5.0833
1 2 25 5 0 -1 4 0 0 0 99 0 0 19.9333
1 2 25 6 0 -1 4 0 0 0 99 0 0 19.3833
1 2 25 7 0 -1 4 0 0 0 99 0 0 3.4333
1 2 25 7 0 -1 4 0 0 0 99 0 0 15.5333
1 2 25 8 0 -1 4 0 0 0 99 0 0 18.8333
1 2 25 9 0 -1 4 0 0 0 99 0 0 11.1333
1 2 25 10 0 -1 4 0 0 0 99 0 0 3.9833
t 1 25 -3 1 1 0 0 0 0 -2
_00Canto
1 2 25 1 0 0 4 0 0 -2
1 2 25 10 0 0 4 0 0 -2
1 2 25 106 0 1 4 0 0 -1.66
1 2 61.25 2 0 -1 4 0 0 0 99 0 0 5.17201
1 2 61.25 3 0 -1 4 0 0 0 99 0 0 6.30749
1 2 61.25 4 0 -1 4 0 0 0 99 0 0 5.73975
1 2 61.25 4 0 -1 4 0 0 0 99 0 0 4.03653
1 2 61.25 5 0 -1 4 0 0 0 99 0 0 19.9333
1 2 61.25 6 0 -1 4 0 0 0 99 0 0 13.1204
1 2 61.25 7 0 -1 4 0 0 0 99 0 0 2.90104
1 2 61.25 7 0 -1 4 0 0 0 99 0 0 17.0946
1 2 61.25 8 0 -1 4 0 0 0 99 0 0 19.9333
1 2 61.25 8 0 -1 4 0 0 0 99 0 0 2.90104
1 2 61.25 9 0 -1 4 0 0 0 99 0 0 16.5268
1 2 61.25 10 0 -1 4 0 0 0 99 0 0 10.2817
t 1 61.25 -3 1 1 0 0 0 0 -2
_00Quinto
1 2 61.25 2 0 0 4 0 0 -2
1 2 61.25 10 0 0 4 0 0 -2
1 2 61.25 107 0 1 4 0 0 -1.66
1 1 97.5 10 0 -1 4 0 0 0 99 0 0 3.59044
1 1 97.5 11 0 -1 4 0 0 0 99 0 0 4.84759
1 1 97.5 12 0 -1 4 0 0 0 99 0 0 8.61901
1 2 97.5 1 0 -1 4 0 0 0 99 0 0 11.5523
1 2 97.5 1 0 -1 4 0 0 0 99 0 0 3.1714
1 2 97.5 2 0 -1 4 0 0 0 99 0 0 19.9333
1 2 97.5 3 0 -1 4 0 0 0 99 0 0 17
1 2 97.5 4 0 -1 4 0 0 0 99 0 0 11.5523
1 2 97.5 4 0 -1 4 0 0 0 99 0 0 3.59044
1 2 97.5 5 0 -1 4 0 0 0 99 0 0 16.5809
1 2 97.5 6 0 -1 4 0 0 0 99 0 0 3.1714
t 1 97.5 -3 1 1 0 0 0 0 -2
_00Alto
1 1 97.5 10 0 0 4 0 0 -2
1 2 97.5 6 0 0 4 0 0 -2
1 2 97.5 103 0 1 4 0 0 -1.66
1 1 133.75 6 0 -1 4 0 0 0 99 0 0 3.76033
1 1 133.75 7 0 -1 4 0 0 0 99 0 0 7.09006
1 1 133.75 8 0 -1 4 0 0 0 99 0 0 7.56573
1 1 133.75 9 0 -1 4 0 0 0 99 0 0 7.56573
1 1 133.75 9 0 -1 4 0 0 0 99 0 0 4.236
1 1 133.75 10 0 -1 4 0 0 0 99 0 0 19.9333
1 1 133.75 11 0 -1 4 0 0 0 99 0 0 2.80898
1 1 133.75 11 0 -1 4 0 0 0 99 0 0 14.2252
1 1 133.75 12 0 -1 4 0 0 0 99 0 0 8.99276
1 2 133.75 1 0 -1 4 0 0 0 99 0 0 11.3711
1 2 133.75 2 0 -1 4 0 0 0 99 0 0 7.56573
1 2 133.75 3 0 -1 4 0 0 0 99 0 0 6.61438
1 2 133.75 4 0 -1 4 0 0 0 99 0 0 3.28465
t 1 133.75 -3 1 1 0 0 0 0 -2
_00Tenore
1 1 133.75 6 0 0 4 0 0 -2
1 2 133.75 4 0 0 4 0 0 -2
1 1 133.75 111 0 1 4 0 0 -1.66
1 1 170 2 0 -1 4 0 0 0 99 0 0 3.01022
1 1 170 3 0 -1 4 0 0 0 99 0 0 11.8102
1 1 170 4 0 -1 4 0 0 0 99 0 0 9.77945
1 1 170 5 0 -1 4 0 0 0 99 0 0 8.42561
1 1 170 6 0 -1 4 0 0 0 99 0 0 19.9333
1 1 170 7 0 -1 4 0 0 0 99 0 0 14.5179
1 1 170 8 0 -1 4 0 0 0 99 0 0 9.77945
1 1 170 9 0 -1 4 0 0 0 99 0 0 11.1333
1 1 170 9 0 -1 4 0 0 0 99 0 0 3.01022
1 1 170 10 0 -1 4 0 0 0 99 0 0 17.2256
1 1 170 11 0 -1 4 0 0 0 99 0 0 4.36407
1 1 170 12 0 -1 4 0 0 0 99 0 0 3.01022
1 1 170 12 0 -1 4 0 0 0 99 0 0 3.01022
1 2 170 1 0 -1 4 0 0 0 99 0 0 7.74868
t 1 170 -3 1 1 0 0 0 0 -2
_00Basso
1 1 170 2 0 0 4 0 0 -2
1 2 170 1 0 0 4 0 0 -2
1 1 170 107 0 1 4 0 0 -1.66
