#define SVG t 1 1 \n_99%svg%
t 2 10 14 1 1 0 0 0 0 -1.35
_00
8 1 0 0 0 200
8 2 0 -6 0 200
14 1 0 2
14 1 200 2
14 1 0 2 8
3 2 2
3 1 2 0 1
1 2 25 4 0 -1 4 0 0 0 99 0 0 3.6533
1 2 25 4 0 -1 4 0 0 0 99 0 0 3.2133
1 2 25 5 0 -1 4 0 0 0 99 0 0 8.0533
1 2 25 6 0 -1 4 0 0 0 99 0 0 12.8933
1 2 25 7 0 -1 4 0 0 0 99 0 0 12.8933
1 2 25 7 0 -1 4 0 0 0 99 0 0 4.0933
1 2 25 8 0 -1 4 0 0 0 99 0 0 13.7733
1 2 25 9 0 -1 4 0 0 0 99 0 0 19.9333
1 2 25 10 0 -1 4 0 0 0 99 0 0 3.2133
1 2 25 10 0 -1 4 0 0 0 99 0 0 8.0533
1 2 25 11 0 -1 4 0 0 0 99 0 0 9.8133
1 2 25 11 0 -1 4 0 0 0 99 0 0 3.2133
1 2 25 12 0 -1 4 0 0 0 99 0 0 4.0933
1 2 25 13 0 -1 4 0 0 0 99 0 0 2.7733
t 1 25 -3 1 1 0 0 0 0 -2
_00Canto
1 2 25 4 0 0 4 0 0 -2
1 2 25 13 0 0 4 0 0 -2
1 2 25 108 0 1 4 0 0 -1.66
1 2 61.25 4 0 -1 4 0 0 0 99 0 0 3.77003
1 2 61.25 4 0 -1 4 0 0 0 99 0 0 3.41085
1 2 61.25 5 0 -1 4 0 0 0 99 0 0 7.00269
1 2 61.25 6 0 -1 4 0 0 0 99 0 0 8.43942
1 2 61.25 7 0 -1 4 0 0 0 99 0 0 8.79861
1 2 61.25 7 0 -1 4 0 0 0 99 0 0 4.4884
1 2 61.25 8 0 -1 4 0 0 0 99 0 0 10.5945
1 2 61.25 9 0 -1 4 0 0 0 99 0 0 19.9333
1 2 61.25 10 0 -1 4 0 0 0 99 0 0 3.77003
1 2 61.25 10 0 -1 4 0 0 0 99 0 0 8.43942
1 2 61.25 11 0 -1 4 0 0 0 99 0 0 10.5945
1 2 61.25 12 0 -1 4 0 0 0 99 0 0 4.4884
1 2 61.25 13 0 -1 4 0 0 0 99 0 0 2.69248
t 1 61.25 -3 1 1 0 0 0 0 -2
_00Quinto
1 2 61.25 4 0 0 4 0 0 -2
1 2 61.25 13 0 0 4 0 0 -2
1 2 61.25 109 0 1 4 0 0 -1.66
1 1 97.5 9 0 -1 4 0 0 0 99 0 0 3.4333
1 1 97.5 10 0 -1 4 0 0 0 99 0 0 4.5333
1 1 97.5 11 0 -1 4 0 0 0 99 0 0 2.8833
1 1 97.5 12 0 -1 4 0 0 0 99 0 0 3.4333
1 1 97.5 12 0 -1 4 0 0 0 99 0 0 2.8833
1 2 97.5 1 0 -1 4 0 0 0 99 0 0 4.5333
1 2 97.5 2 0 -1 4 0 0 0 99 0 0 19.9333
1 2 97.5 3 0 -1 4 0 0 0 99 0 0 3.9833
1 2 97.5 3 0 -1 4 0 0 0 99 0 0 8.3833
1 2 97.5 4 0 -1 4 0 0 0 99 0 0 19.3833
1 2 97.5 4 0 -1 4 0 0 0 99 0 0 5.6333
1 2 97.5 5 0 -1 4 0 0 0 99 0 0 18.8333
1 2 97.5 6 0 -1 4 0 0 0 99 0 0 17.1833
1 2 97.5 7 0 -1 4 0 0 0 99 0 0 12.7833
1 2 97.5 8 0 -1 4 0 0 0 99 0 0 3.4333
1 2 97.5 9 0 -1 4 0 0 0 99 0 0 2.8833
t 1 97.5 -3 1 1 0 0 0 0 -2
_00Alto
1 1 97.5 9 0 0 4 0 0 -2
1 2 97.5 9 0 0 4 0 0 -2
1 2 97.5 104 0 1 4 0 0 -1.66
1 1 133.75 7 0 -1 4 0 0 0 99 0 0 3.2133
1 1 133.75 9 0 -1 4 0 0 0 99 0 0 5.4133
1 1 133.75 10 0 -1 4 0 0 0 99 0 0 9.3733
1 1 133.75 11 0 -1 4 0 0 0 99 0 0 8.9333
1 1 133.75 12 0 -1 4 0 0 0 99 0 0 14.2133
1 1 133.75 12 0 -1 4 0 0 0 99 0 0 3.2133
1 2 133.75 1 0 -1 4 0 0 0 99 0 0 12.8933
1 2 133.75 1 0 -1 4 0 0 0 99 0 0 2.7733
1 2 133.75 2 0 -1 4 0 0 0 99 0 0 19.9333
1 2 133.75 3 0 -1 4 0 0 0 99 0 0 2.7733
1 2 133.75 3 0 -1 4 0 0 0 99 0 0 7.6133
1 2 133.75 4 0 -1 4 0 0 0 99 0 0 10.6933
1 2 133.75 4 0 -1 4 0 0 0 99 0 0 2.7733
1 2 133.75 5 0 -1 4 0 0 0 99 0 0 4.5333
1 2 133.75 6 0 -1 4 0 0 0 99 0 0 2.7733
t 1 133.75 -3 1 1 0 0 0 0 -2
_00Tenore
1 1 133.75 7 0 0 4 0 0 -2
1 2 133.75 6 0 0 4 0 0 -2
1 2 133.75 101 0 1 4 0 0 -1.66
1 1 170 3 0 -1 4 0 0 0 99 0 0 3.25962
1 1 170 5 0 -1 4 0 0 0 99 0 0 6.03856
1 1 170 6 0 -1 4 0 0 0 99 0 0 6.96488
1 1 170 7 0 -1 4 0 0 0 99 0 0 19.9333
1 1 170 8 0 -1 4 0 0 0 99 0 0 4.18593
1 1 170 8 0 -1 4 0 0 0 99 0 0 6.03856
1 1 170 9 0 -1 4 0 0 0 99 0 0 17.1544
1 1 170 9 0 -1 4 0 0 0 99 0 0 3.25962
1 1 170 10 0 -1 4 0 0 0 99 0 0 18.0807
1 1 170 11 0 -1 4 0 0 0 99 0 0 6.96488
1 1 170 12 0 -1 4 0 0 0 99 0 0 10.6701
1 2 170 1 0 -1 4 0 0 0 99 0 0 8.81751
1 2 170 2 0 -1 4 0 0 0 99 0 0 9.74383
t 1 170 -3 1 1 0 0 0 0 -2
_00Basso
1 1 170 3 0 0 4 0 0 -2
1 2 170 2 0 0 4 0 0 -2
1 1 170 109 0 1 4 0 0 -1.66
