#define SVG t 1 1 \n_99%svg%
t 2 10 14 1 1 0 0 0 0 -1.35
_00
8 1 0 0 0 200
8 2 0 -6 0 200
14 1 0 2
14 1 200 2
14 1 0 2 8
3 2 2
3 1 2 0 1
1 2 25 3 0 -1 4 0 0 0 99 0 0 4.46663
1 2 25 4 0 -1 4 0 0 0 99 0 0 6.59997
1 2 25 5 0 -1 4 0 0 0 99 0 0 11.4
1 2 25 6 0 -1 4 0 0 0 99 0 0 3.39997
1 2 25 6 0 -1 4 0 0 0 99 0 0 19.9333
1 2 25 7 0 -1 4 0 0 0 99 0 0 3.39997
1 2 25 7 0 -1 4 0 0 0 99 0 0 14.6
1 2 25 8 0 -1 4 0 0 0 99 0 0 13.5333
1 2 25 8 0 -1 4 0 0 0 99 0 0 3.9333
1 2 25 9 0 -1 4 0 0 0 99 0 0 9.79997
1 2 25 10 0 -1 4 0 0 0 99 0 0 10.8666
t 1 25 -3 1 1 0 0 0 0 -2
_00Canto (Canto I)
1 2 25 3 0 0 4 0 0 -2
1 2 25 10 0 0 4 0 0 -2
1 2 25 107 0 1 4 0 0 -1.66
1 2 54 1 0 -1 4 0 0 0 99 0 0 2.83616
1 2 54 2 0 -1 4 0 0 0 99 0 0 4.34473
1 2 54 3 0 -1 4 0 0 0 99 0 0 12.3904
1 2 54 4 0 -1 4 0 0 0 99 0 0 5.8533
1 2 54 4 0 -1 4 0 0 0 99 0 0 3.33901
1 2 54 5 0 -1 4 0 0 0 99 0 0 11.3847
1 2 54 6 0 -1 4 0 0 0 99 0 0 4.34473
1 2 54 6 0 -1 4 0 0 0 99 0 0 19.9333
1 2 54 7 0 -1 4 0 0 0 99 0 0 3.33901
1 2 54 7 0 -1 4 0 0 0 99 0 0 10.379
1 2 54 8 0 -1 4 0 0 0 99 0 0 12.8933
1 2 54 8 0 -1 4 0 0 0 99 0 0 2.83616
1 2 54 9 0 -1 4 0 0 0 99 0 0 8.87044
1 2 54 10 0 -1 4 0 0 0 99 0 0 5.8533
t 1 54 -3 1 1 0 0 0 0 -2
_00Sesto (Canto II)
1 2 54 1 0 0 4 0 0 -2
1 2 54 10 0 0 4 0 0 -2
1 2 54 106 0 1 4 0 0 -1.66
1 2 83 1 0 -1 4 0 0 0 99 0 0 3.1333
1 2 83 1 0 -1 4 0 0 0 99 0 0 3.1333
1 2 83 2 0 -1 4 0 0 0 99 0 0 5.5333
1 2 83 3 0 -1 4 0 0 0 99 0 0 15.1333
1 2 83 4 0 -1 4 0 0 0 99 0 0 8.7333
1 2 83 4 0 -1 4 0 0 0 99 0 0 3.1333
1 2 83 5 0 -1 4 0 0 0 99 0 0 14.3333
1 2 83 6 0 -1 4 0 0 0 99 0 0 4.7333
1 2 83 6 0 -1 4 0 0 0 99 0 0 16.7333
1 2 83 7 0 -1 4 0 0 0 99 0 0 15.9333
1 2 83 8 0 -1 4 0 0 0 99 0 0 19.9333
1 2 83 8 0 -1 4 0 0 0 99 0 0 3.9333
1 2 83 9 0 -1 4 0 0 0 99 0 0 12.7333
1 2 83 10 0 -1 4 0 0 0 99 0 0 7.9333
t 1 83 -3 1 1 0 0 0 0 -2
_00Alto (Canto III)
1 2 83 1 0 0 4 0 0 -2
1 2 83 10 0 0 4 0 0 -2
1 2 83 106 0 1 4 0 0 -1.66
1 1 112 10 0 -1 4 0 0 0 99 0 0 3.97051
1 1 112 11 0 -1 4 0 0 0 99 0 0 2.7426
1 1 112 11 0 -1 4 0 0 0 99 0 0 10.5193
1 1 112 12 0 -1 4 0 0 0 99 0 0 2.7426
1 1 112 12 0 -1 4 0 0 0 99 0 0 6.42632
1 2 112 1 0 -1 4 0 0 0 99 0 0 8.06353
1 2 112 1 0 -1 4 0 0 0 99 0 0 2.7426
1 2 112 2 0 -1 4 0 0 0 99 0 0 12.5659
1 2 112 3 0 -1 4 0 0 0 99 0 0 19.9333
1 2 112 4 0 -1 4 0 0 0 99 0 0 12.9752
1 2 112 4 0 -1 4 0 0 0 99 0 0 3.1519
1 2 112 5 0 -1 4 0 0 0 99 0 0 6.42632
1 2 112 6 0 -1 4 0 0 0 99 0 0 3.56121
t 1 112 -3 1 1 0 0 0 0 -2
_00Quinto
1 1 112 10 0 0 4 0 0 -2
1 2 112 6 0 0 4 0 0 -2
1 2 112 103 0 1 4 0 0 -1.66
1 1 141 7 0 -1 4 0 0 0 99 0 0 3.39997
1 1 141 8 0 -1 4 0 0 0 99 0 0 8.19997
1 1 141 9 0 -1 4 0 0 0 99 0 0 3.9333
1 1 141 9 0 -1 4 0 0 0 99 0 0 2.86663
1 1 141 10 0 -1 4 0 0 0 99 0 0 8.19997
1 1 141 11 0 -1 4 0 0 0 99 0 0 19.9333
1 1 141 12 0 -1 4 0 0 0 99 0 0 3.39997
1 1 141 12 0 -1 4 0 0 0 99 0 0 15.1333
1 2 141 1 0 -1 4 0 0 0 99 0 0 15.6666
1 2 141 1 0 -1 4 0 0 0 99 0 0 2.86663
1 2 141 2 0 -1 4 0 0 0 99 0 0 12.4666
1 2 141 3 0 -1 4 0 0 0 99 0 0 10.8666
1 2 141 4 0 -1 4 0 0 0 99 0 0 3.9333
t 1 141 -3 1 1 0 0 0 0 -2
_00Tenore
1 1 141 7 0 0 4 0 0 -2
1 2 141 4 0 0 4 0 0 -2
1 1 141 112 0 1 4 0 0 -1.66
1 1 170 3 0 -1 4 0 0 0 99 0 0 4.00949
1 1 170 4 0 -1 4 0 0 0 99 0 0 3.1714
1 1 170 4 0 -1 4 0 0 0 99 0 0 15.7428
1 1 170 5 0 -1 4 0 0 0 99 0 0 3.1714
1 1 170 5 0 -1 4 0 0 0 99 0 0 4.84759
1 1 170 6 0 -1 4 0 0 0 99 0 0 16.5809
1 1 170 7 0 -1 4 0 0 0 99 0 0 19.9333
1 1 170 8 0 -1 4 0 0 0 99 0 0 19.9333
1 1 170 9 0 -1 4 0 0 0 99 0 0 14.9047
1 1 170 10 0 -1 4 0 0 0 99 0 0 12.3904
1 1 170 11 0 -1 4 0 0 0 99 0 0 4.00949
1 1 170 11 0 -1 4 0 0 0 99 0 0 13.2285
1 1 170 12 0 -1 4 0 0 0 99 0 0 3.1714
1 1 170 12 0 -1 4 0 0 0 99 0 0 3.1714
1 2 170 1 0 -1 4 0 0 0 99 0 0 3.1714
t 1 170 -3 1 1 0 0 0 0 -2
_00Basso
1 1 170 3 0 0 4 0 0 -2
1 2 170 1 0 0 4 0 0 -2
1 1 170 108 0 1 4 0 0 -1.66
