#define SVG t 1 1 \n_99%svg%
t 2 10 14 1 1 0 0 0 0 -1.35
_00
8 1 0 0 0 200
8 2 0 -6 0 200
14 1 0 2
14 1 200 2
14 1 0 2 8
3 2 2
3 1 2 0 1
1 2 25 5 0 -1 4 0 0 0 99 0 0 4.15399
1 2 25 6 0 -1 4 0 0 0 99 0 0 5.36778
1 2 25 7 0 -1 4 0 0 0 99 0 0 5.36778
1 2 25 8 0 -1 4 0 0 0 99 0 0 10.8299
1 2 25 8 0 -1 4 0 0 0 99 0 0 5.36778
1 2 25 9 0 -1 4 0 0 0 99 0 0 19.9333
1 2 25 10 0 -1 4 0 0 0 99 0 0 18.7195
1 2 25 11 0 -1 4 0 0 0 99 0 0 8.40227
1 2 25 12 0 -1 4 0 0 0 99 0 0 6.58158
t 1 25 -3 1 1 0 0 0 0 -2
_00Canto
1 2 25 5 0 0 4 0 0 -2
1 2 25 12 0 0 4 0 0 -2
1 2 25 109 0 1 4 0 0 -1.66
1 2 61.25 2 0 -1 4 0 0 0 99 0 0 5.59256
1 2 61.25 3 0 -1 4 0 0 0 99 0 0 6.24441
1 2 61.25 4 0 -1 4 0 0 0 99 0 0 9.50367
1 2 61.25 4 0 -1 4 0 0 0 99 0 0 2.98515
1 2 61.25 5 0 -1 4 0 0 0 99 0 0 17.3259
1 2 61.25 6 0 -1 4 0 0 0 99 0 0 4.28886
1 2 61.25 6 0 -1 4 0 0 0 99 0 0 19.9333
1 2 61.25 7 0 -1 4 0 0 0 99 0 0 4.28886
1 2 61.25 7 0 -1 4 0 0 0 99 0 0 10.8074
1 2 61.25 8 0 -1 4 0 0 0 99 0 0 17.9777
1 2 61.25 8 0 -1 4 0 0 0 99 0 0 4.94071
1 2 61.25 9 0 -1 4 0 0 0 99 0 0 5.59256
t 1 61.25 -3 1 1 0 0 0 0 -2
_00Alto
1 2 61.25 2 0 0 4 0 0 -2
1 2 61.25 9 0 0 4 0 0 -2
1 2 61.25 106 0 1 4 0 0 -1.66
1 1 97.5 11 0 -1 4 0 0 0 99 0 0 3.68715
1 1 97.5 12 0 -1 4 0 0 0 99 0 0 2.78458
1 2 97.5 1 0 -1 4 0 0 0 99 0 0 5.04099
1 2 97.5 2 0 -1 4 0 0 0 99 0 0 8.65125
1 2 97.5 3 0 -1 4 0 0 0 99 0 0 14.5179
1 2 97.5 4 0 -1 4 0 0 0 99 0 0 8.19997
1 2 97.5 4 0 -1 4 0 0 0 99 0 0 2.78458
1 2 97.5 5 0 -1 4 0 0 0 99 0 0 19.9333
1 2 97.5 6 0 -1 4 0 0 0 99 0 0 2.78458
1 2 97.5 6 0 -1 4 0 0 0 99 0 0 16.7743
1 2 97.5 7 0 -1 4 0 0 0 99 0 0 4.13843
1 2 97.5 7 0 -1 4 0 0 0 99 0 0 5.94356
1 2 97.5 8 0 -1 4 0 0 0 99 0 0 3.68715
t 1 97.5 -3 1 1 0 0 0 0 -2
_00Quinto
1 1 97.5 11 0 0 4 0 0 -2
1 2 97.5 8 0 0 4 0 0 -2
1 2 97.5 105 0 1 4 0 0 -1.66
1 1 133.75 10 0 -1 4 0 0 0 99 0 0 6.03856
1 1 133.75 11 0 -1 4 0 0 0 99 0 0 9.28067
1 1 133.75 12 0 -1 4 0 0 0 99 0 0 7.42804
1 2 133.75 1 0 -1 4 0 0 0 99 0 0 19.9333
1 2 133.75 1 0 -1 4 0 0 0 99 0 0 3.72277
1 2 133.75 2 0 -1 4 0 0 0 99 0 0 16.228
1 2 133.75 3 0 -1 4 0 0 0 99 0 0 12.5228
1 2 133.75 4 0 -1 4 0 0 0 99 0 0 3.25962
1 2 133.75 5 0 -1 4 0 0 0 99 0 0 6.50172
1 2 133.75 6 0 -1 4 0 0 0 99 0 0 2.79646
t 1 133.75 -3 1 1 0 0 0 0 -2
_00Tenore
1 1 133.75 10 0 0 4 0 0 -2
1 2 133.75 6 0 0 4 0 0 -2
1 2 133.75 101 0 1 4 0 0 -1.66
1 1 170 6 0 -1 4 0 0 0 99 0 0 8.19997
1 1 170 6 0 -1 4 0 0 0 99 0 0 2.98515
1 1 170 7 0 -1 4 0 0 0 99 0 0 10.1555
1 1 170 8 0 -1 4 0 0 0 99 0 0 9.50367
1 1 170 9 0 -1 4 0 0 0 99 0 0 8.85182
1 1 170 9 0 -1 4 0 0 0 99 0 0 2.98515
1 1 170 10 0 -1 4 0 0 0 99 0 0 17.9777
1 1 170 11 0 -1 4 0 0 0 99 0 0 19.9333
1 1 170 12 0 -1 4 0 0 0 99 0 0 7.54811
1 1 170 12 0 -1 4 0 0 0 99 0 0 6.89626
1 2 170 1 0 -1 4 0 0 0 99 0 0 11.4592
t 1 170 -3 1 1 0 0 0 0 -2
_00Basso
1 1 170 6 0 0 4 0 0 -2
1 2 170 1 0 0 4 0 0 -2
1 1 170 110 0 1 4 0 0 -1.66
