#define SVG t 1 1 \n_99%svg%
t 2 10 14 1 1 0 0 0 0 -1.35
_00
8 1 0 0 0 200
8 2 0 -6 0 200
14 1 0 2
14 1 200 2
14 1 0 2 8
3 2 2
3 1 2 0 1
1 1 25 10 0 -1 4 0 0 0 99 0 0 2.69997
1 1 25 11 0 -1 4 0 0 0 99 0 0 3.4333
1 1 25 12 0 -1 4 0 0 0 99 0 0 3.06663
1 2 25 1 0 -1 4 0 0 0 99 0 0 8.19997
1 2 25 1 0 -1 4 0 0 0 99 0 0 4.16663
1 2 25 2 0 -1 4 0 0 0 99 0 0 11.5
1 2 25 3 0 -1 4 0 0 0 99 0 0 3.06663
1 2 25 3 0 -1 4 0 0 0 99 0 0 19.9333
1 2 25 4 0 -1 4 0 0 0 99 0 0 6.7333
1 2 25 5 0 -1 4 0 0 0 99 0 0 10.7666
1 2 25 6 0 -1 4 0 0 0 99 0 0 2.69997
1 2 25 6 0 -1 4 0 0 0 99 0 0 4.5333
t 1 25 -3 1 1 0 0 0 0 -2
_00Alto
1 1 25 10 0 0 4 0 0 -2
1 2 25 6 0 0 4 0 0 -2
1 2 25 103 0 1 4 0 0 -1.66
1 1 170 7 0 -1 4 0 0 0 99 0 0 3.97051
1 1 170 8 0 -1 4 0 0 0 99 0 0 5.60772
1 1 170 9 0 -1 4 0 0 0 99 0 0 3.56121
1 1 170 10 0 -1 4 0 0 0 99 0 0 8.06353
1 1 170 11 0 -1 4 0 0 0 99 0 0 2.7426
1 1 170 11 0 -1 4 0 0 0 99 0 0 19.9333
1 1 170 12 0 -1 4 0 0 0 99 0 0 2.7426
1 1 170 12 0 -1 4 0 0 0 99 0 0 8.47283
1 2 170 1 0 -1 4 0 0 0 99 0 0 11.338
1 2 170 1 0 -1 4 0 0 0 99 0 0 2.7426
1 2 170 2 0 -1 4 0 0 0 99 0 0 8.47283
1 2 170 3 0 -1 4 0 0 0 99 0 0 7.24493
1 2 170 4 0 -1 4 0 0 0 99 0 0 3.1519
t 1 170 -3 1 1 0 0 0 0 -2
_00Tenore
1 1 170 7 0 0 4 0 0 -2
1 2 170 4 0 0 4 0 0 -2
1 1 170 111 0 1 4 0 0 -1.66
