#define SVG t 1 1 \n_99%svg%
t 2 10 14 1 1 0 0 0 0 -1.35
_00
8 1 0 0 0 200
8 2 0 -6 0 200
14 1 0 2
14 1 200 2
14 1 0 2 8
3 2 2
3 1 2 0 1
1 2 25 1 0 -1 4 0 0 0 99 0 0 3.54709
1 2 25 2 0 -1 4 0 0 0 99 0 0 11.4367
1 2 25 3 0 -1 4 0 0 0 99 0 0 16.2919
1 2 25 4 0 -1 4 0 0 0 99 0 0 9.00916
1 2 25 5 0 -1 4 0 0 0 99 0 0 15.0781
1 2 25 6 0 -1 4 0 0 0 99 0 0 4.15399
1 2 25 6 0 -1 4 0 0 0 99 0 0 19.9333
1 2 25 7 0 -1 4 0 0 0 99 0 0 19.9333
1 2 25 8 0 -1 4 0 0 0 99 0 0 15.685
1 2 25 8 0 -1 4 0 0 0 99 0 0 4.15399
1 2 25 9 0 -1 4 0 0 0 99 0 0 7.79537
1 2 25 10 0 -1 4 0 0 0 99 0 0 5.97468
t 1 25 -3 1 1 0 0 0 0 -2
_00Canto
1 2 25 1 0 0 4 0 0 -2
1 2 25 10 0 0 4 0 0 -2
1 2 25 106 0 1 4 0 0 -1.66
1 2 61.25 1 0 -1 4 0 0 0 99 0 0 2.85095
1 2 61.25 2 0 -1 4 0 0 0 99 0 0 4.40389
1 2 61.25 3 0 -1 4 0 0 0 99 0 0 9.58036
1 2 61.25 4 0 -1 4 0 0 0 99 0 0 5.95683
1 2 61.25 4 0 -1 4 0 0 0 99 0 0 4.40389
1 2 61.25 5 0 -1 4 0 0 0 99 0 0 16.3098
1 2 61.25 6 0 -1 4 0 0 0 99 0 0 6.99212
1 2 61.25 6 0 -1 4 0 0 0 99 0 0 19.9333
1 2 61.25 7 0 -1 4 0 0 0 99 0 0 15.2745
1 2 61.25 8 0 -1 4 0 0 0 99 0 0 17.3451
1 2 61.25 8 0 -1 4 0 0 0 99 0 0 3.36859
1 2 61.25 9 0 -1 4 0 0 0 99 0 0 8.02742
1 2 61.25 10 0 -1 4 0 0 0 99 0 0 4.40389
t 1 61.25 -3 1 1 0 0 0 0 -2
_00Quinto
1 2 61.25 1 0 0 4 0 0 -2
1 2 61.25 10 0 0 4 0 0 -2
1 2 61.25 106 0 1 4 0 0 -1.66
1 1 97.5 10 0 -1 4 0 0 0 99 0 0 3.25962
1 1 97.5 11 0 -1 4 0 0 0 99 0 0 2.95084
1 1 97.5 11 0 -1 4 0 0 0 99 0 0 6.34734
1 1 97.5 12 0 -1 4 0 0 0 99 0 0 7.89119
1 2 97.5 1 0 -1 4 0 0 0 99 0 0 12.5228
1 2 97.5 1 0 -1 4 0 0 0 99 0 0 2.64207
1 2 97.5 2 0 -1 4 0 0 0 99 0 0 14.9929
1 2 97.5 3 0 -1 4 0 0 0 99 0 0 19.9333
1 2 97.5 4 0 -1 4 0 0 0 99 0 0 7.89119
1 2 97.5 4 0 -1 4 0 0 0 99 0 0 2.64207
1 2 97.5 5 0 -1 4 0 0 0 99 0 0 9.12628
1 2 97.5 6 0 -1 4 0 0 0 99 0 0 2.95084
t 1 97.5 -3 1 1 0 0 0 0 -2
_00Alto
1 1 97.5 10 0 0 4 0 0 -2
1 2 97.5 6 0 0 4 0 0 -2
1 2 97.5 102 0 1 4 0 0 -1.66
1 1 133.75 6 0 -1 4 0 0 0 99 0 0 3.72277
1 1 133.75 7 0 -1 4 0 0 0 99 0 0 2.79646
1 1 133.75 8 0 -1 4 0 0 0 99 0 0 6.03856
1 1 133.75 9 0 -1 4 0 0 0 99 0 0 4.64909
1 1 133.75 9 0 -1 4 0 0 0 99 0 0 4.64909
1 1 133.75 10 0 -1 4 0 0 0 99 0 0 17.1544
1 1 133.75 11 0 -1 4 0 0 0 99 0 0 3.72277
1 1 133.75 11 0 -1 4 0 0 0 99 0 0 19.9333
1 1 133.75 12 0 -1 4 0 0 0 99 0 0 16.228
1 2 133.75 1 0 -1 4 0 0 0 99 0 0 14.3754
1 2 133.75 1 0 -1 4 0 0 0 99 0 0 4.18593
1 2 133.75 2 0 -1 4 0 0 0 99 0 0 12.0596
1 2 133.75 3 0 -1 4 0 0 0 99 0 0 7.42804
t 1 133.75 -3 1 1 0 0 0 0 -2
_00Tenore
1 1 133.75 6 0 0 4 0 0 -2
1 2 133.75 3 0 0 4 0 0 -2
1 1 133.75 111 0 1 4 0 0 -1.66
1 1 170 3 0 -1 4 0 0 0 99 0 0 6.58158
1 1 170 4 0 -1 4 0 0 0 99 0 0 11.4367
1 1 170 5 0 -1 4 0 0 0 99 0 0 4.76089
1 1 170 6 0 -1 4 0 0 0 99 0 0 15.685
1 1 170 7 0 -1 4 0 0 0 99 0 0 14.4712
1 1 170 8 0 -1 4 0 0 0 99 0 0 19.9333
1 1 170 9 0 -1 4 0 0 0 99 0 0 12.0436
1 1 170 9 0 -1 4 0 0 0 99 0 0 4.15399
1 1 170 10 0 -1 4 0 0 0 99 0 0 16.8988
1 1 170 11 0 -1 4 0 0 0 99 0 0 11.4367
1 1 170 12 0 -1 4 0 0 0 99 0 0 2.9402
1 2 170 1 0 -1 4 0 0 0 99 0 0 2.9402
t 1 170 -3 1 1 0 0 0 0 -2
_00Basso
1 1 170 3 0 0 4 0 0 -2
1 2 170 1 0 0 4 0 0 -2
1 1 170 108 0 1 4 0 0 -1.66
