#define SVG t 1 1 \n_99%svg%
t 2 10 14 1 1 0 0 0 0 -1.35
_00
8 1 0 0 0 200
8 2 0 -6 0 200
14 1 0 2
14 1 200 2
14 1 0 2 8
3 2 2
3 1 2 0 1
1 2 25 1 0 -1 4 0 0 0 99 0 0 3.06663
1 2 25 4 0 -1 4 0 0 0 99 0 0 8.9333
1 2 25 4 0 -1 4 0 0 0 99 0 0 3.06663
1 2 25 5 0 -1 4 0 0 0 99 0 0 13.3333
1 2 25 6 0 -1 4 0 0 0 99 0 0 18.4666
1 2 25 7 0 -1 4 0 0 0 99 0 0 15.5333
1 2 25 7 0 -1 4 0 0 0 99 0 0 5.26663
1 2 25 8 0 -1 4 0 0 0 99 0 0 19.9333
1 2 25 8 0 -1 4 0 0 0 99 0 0 3.06663
1 2 25 9 0 -1 4 0 0 0 99 0 0 14.0666
1 2 25 10 0 -1 4 0 0 0 99 0 0 5.26663
t 1 25 -3 1 1 0 0 0 0 -2
_00Canto
1 2 25 1 0 0 4 0 0 -2
1 2 25 10 0 0 4 0 0 -2
1 2 25 107 0 1 4 0 0 -1.66
1 1 73.3333 9 0 -1 4 0 0 0 99 0 0 2.78458
1 1 73.3333 10 0 -1 4 0 0 0 99 0 0 2.78458
1 1 73.3333 11 0 -1 4 0 0 0 99 0 0 4.13843
1 1 73.3333 12 0 -1 4 0 0 0 99 0 0 3.68715
1 2 73.3333 1 0 -1 4 0 0 0 99 0 0 5.94356
1 2 73.3333 2 0 -1 4 0 0 0 99 0 0 9.55381
1 2 73.3333 3 0 -1 4 0 0 0 99 0 0 2.78458
1 2 73.3333 3 0 -1 4 0 0 0 99 0 0 15.8718
1 2 73.3333 4 0 -1 4 0 0 0 99 0 0 19.9333
1 2 73.3333 4 0 -1 4 0 0 0 99 0 0 4.13843
1 2 73.3333 5 0 -1 4 0 0 0 99 0 0 12.2615
1 2 73.3333 6 0 -1 4 0 0 0 99 0 0 2.78458
t 1 73.3333 -3 1 1 0 0 0 0 -2
_00Alto
1 1 73.3333 9 0 0 4 0 0 -2
1 2 73.3333 6 0 0 4 0 0 -2
1 2 73.3333 104 0 1 4 0 0 -1.66
1 1 121.667 7 0 -1 4 0 0 0 99 0 0 2.86663
1 1 121.667 8 0 -1 4 0 0 0 99 0 0 2.86663
1 1 121.667 8 0 -1 4 0 0 0 99 0 0 2.86663
1 1 121.667 9 0 -1 4 0 0 0 99 0 0 5.5333
1 1 121.667 10 0 -1 4 0 0 0 99 0 0 9.79997
1 1 121.667 11 0 -1 4 0 0 0 99 0 0 3.39997
1 1 121.667 11 0 -1 4 0 0 0 99 0 0 15.6666
1 1 121.667 12 0 -1 4 0 0 0 99 0 0 11.9333
1 1 121.667 12 0 -1 4 0 0 0 99 0 0 6.06663
1 2 121.667 1 0 -1 4 0 0 0 99 0 0 19.9333
1 2 121.667 1 0 -1 4 0 0 0 99 0 0 2.86663
1 2 121.667 2 0 -1 4 0 0 0 99 0 0 9.79997
1 2 121.667 3 0 -1 4 0 0 0 99 0 0 3.39997
t 1 121.667 -3 1 1 0 0 0 0 -2
_00Tenore
1 1 121.667 7 0 0 4 0 0 -2
1 2 121.667 3 0 0 4 0 0 -2
1 1 121.667 112 0 1 4 0 0 -1.66
1 1 170 2 0 -1 4 0 0 0 99 0 0 5.26663
1 1 170 3 0 -1 4 0 0 0 99 0 0 4.28886
1 1 170 4 0 -1 4 0 0 0 99 0 0 7.22219
1 1 170 5 0 -1 4 0 0 0 99 0 0 10.1555
1 1 170 5 0 -1 4 0 0 0 99 0 0 3.31108
1 1 170 6 0 -1 4 0 0 0 99 0 0 17.9777
1 1 170 7 0 -1 4 0 0 0 99 0 0 17
1 1 170 8 0 -1 4 0 0 0 99 0 0 5.26663
1 1 170 8 0 -1 4 0 0 0 99 0 0 8.19997
1 1 170 9 0 -1 4 0 0 0 99 0 0 19.9333
1 1 170 9 0 -1 4 0 0 0 99 0 0 3.31108
1 1 170 10 0 -1 4 0 0 0 99 0 0 11.1333
1 1 170 11 0 -1 4 0 0 0 99 0 0 9.17774
1 1 170 12 0 -1 4 0 0 0 99 0 0 4.28886
1 2 170 1 0 -1 4 0 0 0 99 0 0 4.28886
t 1 170 -3 1 1 0 0 0 0 -2
_00Basso
1 1 170 2 0 0 4 0 0 -2
1 2 170 1 0 0 4 0 0 -2
1 1 170 107 0 1 4 0 0 -1.66
