#define SVG t 1 1 \n_99%svg%
t 2 10 14 1 1 0 0 0 0 -1.35
_00
8 1 0 0 0 200
8 2 0 -6 0 200
14 1 0 2
14 1 200 2
14 1 0 2 8
3 2 2
3 1 2 0 1
1 1 25 7 0 -1 4 0 0 0 99 0 0 3.54709
1 1 25 9 0 -1 4 0 0 0 99 0 0 3.54709
1 1 25 9 0 -1 4 0 0 0 99 0 0 2.9402
1 1 25 10 0 -1 4 0 0 0 99 0 0 10.8299
1 1 25 11 0 -1 4 0 0 0 99 0 0 12.6505
1 1 25 12 0 -1 4 0 0 0 99 0 0 10.8299
1 1 25 12 0 -1 4 0 0 0 99 0 0 2.9402
1 2 25 1 0 -1 4 0 0 0 99 0 0 19.9333
1 2 25 1 0 -1 4 0 0 0 99 0 0 2.9402
1 2 25 2 0 -1 4 0 0 0 99 0 0 16.8988
1 2 25 3 0 -1 4 0 0 0 99 0 0 9.00916
1 2 25 4 0 -1 4 0 0 0 99 0 0 5.97468
1 2 25 5 0 -1 4 0 0 0 99 0 0 6.58158
1 2 25 6 0 -1 4 0 0 0 99 0 0 4.15399
t 1 25 -3 1 1 0 0 0 0 -2
_00Tenore
1 1 25 7 0 0 4 0 0 -2
1 2 25 6 0 0 4 0 0 -2
1 2 25 101 0 1 4 0 0 -1.66
1 1 170 10 0 -1 4 0 0 0 99 0 0 2.9402
1 1 170 11 0 -1 4 0 0 0 99 0 0 3.54709
1 1 170 12 0 -1 4 0 0 0 99 0 0 3.54709
1 2 170 1 0 -1 4 0 0 0 99 0 0 12.6505
1 2 170 2 0 -1 4 0 0 0 99 0 0 19.9333
1 2 170 3 0 -1 4 0 0 0 99 0 0 16.2919
1 2 170 4 0 -1 4 0 0 0 99 0 0 14.4712
1 2 170 4 0 -1 4 0 0 0 99 0 0 4.15399
1 2 170 5 0 -1 4 0 0 0 99 0 0 15.685
1 2 170 6 0 -1 4 0 0 0 99 0 0 6.58158
t 1 170 -3 1 1 0 0 0 0 -2
_00Quinto
1 1 170 10 0 0 4 0 0 -2
1 2 170 6 0 0 4 0 0 -2
1 2 170 103 0 1 4 0 0 -1.66
