#define SVG t 1 1 \n_99%svg%
t 2 10 14 1 1 0 0 0 0 -1.35
_00
8 1 0 0 0 200
8 2 0 -6 0 200
14 1 0 2
14 1 200 2
14 1 0 2 8
3 2 2
3 1 2 0 1
1 2 25 4 0 -1 4 0 0 0 99 0 0 2.8833
1 2 25 5 0 -1 4 0 0 0 99 0 0 10.0333
1 2 25 6 0 -1 4 0 0 0 99 0 0 19.9333
1 2 25 7 0 -1 4 0 0 0 99 0 0 11.1333
1 2 25 7 0 -1 4 0 0 0 99 0 0 3.9833
1 2 25 8 0 -1 4 0 0 0 99 0 0 15.5333
1 2 25 8 0 -1 4 0 0 0 99 0 0 5.6333
1 2 25 9 0 -1 4 0 0 0 99 0 0 12.2333
1 2 25 10 0 -1 4 0 0 0 99 0 0 3.9833
1 2 25 10 0 -1 4 0 0 0 99 0 0 5.6333
1 2 25 11 0 -1 4 0 0 0 99 0 0 6.1833
t 1 25 -3 1 1 0 0 0 0 -2
_00Canto
1 2 25 4 0 0 4 0 0 -2
1 2 25 11 0 0 4 0 0 -2
1 2 25 107 0 1 4 0 0 -1.66
1 1 73.3333 9 0 -1 4 0 0 0 99 0 0 2.8833
1 1 73.3333 9 0 -1 4 0 0 0 99 0 0 2.8833
1 1 73.3333 10 0 -1 4 0 0 0 99 0 0 6.1833
1 1 73.3333 11 0 -1 4 0 0 0 99 0 0 8.3833
1 1 73.3333 12 0 -1 4 0 0 0 99 0 0 5.0833
1 1 73.3333 12 0 -1 4 0 0 0 99 0 0 4.5333
1 2 73.3333 1 0 -1 4 0 0 0 99 0 0 19.9333
1 2 73.3333 1 0 -1 4 0 0 0 99 0 0 2.8833
1 2 73.3333 2 0 -1 4 0 0 0 99 0 0 13.8833
1 2 73.3333 3 0 -1 4 0 0 0 99 0 0 3.4333
1 2 73.3333 3 0 -1 4 0 0 0 99 0 0 8.9333
1 2 73.3333 4 0 -1 4 0 0 0 99 0 0 8.3833
1 2 73.3333 5 0 -1 4 0 0 0 99 0 0 2.8833
t 1 73.3333 -3 1 1 0 0 0 0 -2
_00Tenore
1 1 73.3333 9 0 0 4 0 0 -2
1 2 73.3333 5 0 0 4 0 0 -2
1 2 73.3333 101 0 1 4 0 0 -1.66
1 1 121.667 9 0 -1 4 0 0 0 99 0 0 6.3333
1 1 121.667 10 0 -1 4 0 0 0 99 0 0 8.7333
1 1 121.667 11 0 -1 4 0 0 0 99 0 0 11.9333
1 1 121.667 12 0 -1 4 0 0 0 99 0 0 5.5333
1 1 121.667 12 0 -1 4 0 0 0 99 0 0 3.1333
1 2 121.667 1 0 -1 4 0 0 0 99 0 0 9.5333
1 2 121.667 1 0 -1 4 0 0 0 99 0 0 3.1333
1 2 121.667 2 0 -1 4 0 0 0 99 0 0 19.9333
1 2 121.667 3 0 -1 4 0 0 0 99 0 0 3.1333
1 2 121.667 3 0 -1 4 0 0 0 99 0 0 11.9333
1 2 121.667 4 0 -1 4 0 0 0 99 0 0 16.7333
1 2 121.667 5 0 -1 4 0 0 0 99 0 0 11.9333
1 2 121.667 6 0 -1 4 0 0 0 99 0 0 4.7333
t 1 121.667 -3 1 1 0 0 0 0 -2
_00Quinto
1 1 121.667 9 0 0 4 0 0 -2
1 2 121.667 6 0 0 4 0 0 -2
1 2 121.667 102 0 1 4 0 0 -1.66
1 1 170 6 0 -1 4 0 0 0 99 0 0 7.22219
1 1 170 7 0 -1 4 0 0 0 99 0 0 7.22219
1 1 170 8 0 -1 4 0 0 0 99 0 0 3.31108
1 1 170 8 0 -1 4 0 0 0 99 0 0 3.31108
1 1 170 9 0 -1 4 0 0 0 99 0 0 19.9333
1 1 170 10 0 -1 4 0 0 0 99 0 0 11.1333
1 1 170 11 0 -1 4 0 0 0 99 0 0 16.0222
1 1 170 12 0 -1 4 0 0 0 99 0 0 10.1555
1 1 170 12 0 -1 4 0 0 0 99 0 0 3.31108
1 2 170 1 0 -1 4 0 0 0 99 0 0 15.0444
1 2 170 2 0 -1 4 0 0 0 99 0 0 6.24441
1 2 170 3 0 -1 4 0 0 0 99 0 0 3.31108
t 1 170 -3 1 1 0 0 0 0 -2
_00Basso
1 1 170 6 0 0 4 0 0 -2
1 2 170 3 0 0 4 0 0 -2
1 1 170 111 0 1 4 0 0 -1.66
