#define SVG t 1 1 \n_99%svg%
t 2 10 14 1 1 0 0 0 0 -1.35
_00
8 1 0 0 0 200
8 2 0 -6 0 200
14 1 0 2
14 1 200 2
14 1 0 2 8
3 2 2
3 1 2 0 1
1 2 25 5 0 -1 4 0 0 0 99 0 0 3.637
1 2 25 6 0 -1 4 0 0 0 99 0 0 4.94071
1 2 25 6 0 -1 4 0 0 0 99 0 0 13.4148
1 2 25 7 0 -1 4 0 0 0 99 0 0 3.637
1 2 25 7 0 -1 4 0 0 0 99 0 0 12.1111
1 2 25 8 0 -1 4 0 0 0 99 0 0 17.3259
1 2 25 8 0 -1 4 0 0 0 99 0 0 2.98515
1 2 25 9 0 -1 4 0 0 0 99 0 0 15.3703
1 2 25 10 0 -1 4 0 0 0 99 0 0 19.9333
1 2 25 11 0 -1 4 0 0 0 99 0 0 8.19997
1 2 25 12 0 -1 4 0 0 0 99 0 0 9.50367
1 2 25 13 0 -1 4 0 0 0 99 0 0 3.637
t 1 25 -3 1 1 0 0 0 0 -2
_00Canto
1 2 25 5 0 0 4 0 0 -2
1 2 25 13 0 0 4 0 0 -2
1 2 25 109 0 1 4 0 0 -1.66
1 2 61.25 5 0 -1 4 0 0 0 99 0 0 5.59256
1 2 61.25 6 0 -1 4 0 0 0 99 0 0 8.19997
1 2 61.25 7 0 -1 4 0 0 0 99 0 0 10.1555
1 2 61.25 8 0 -1 4 0 0 0 99 0 0 19.9333
1 2 61.25 8 0 -1 4 0 0 0 99 0 0 4.94071
1 2 61.25 9 0 -1 4 0 0 0 99 0 0 13.4148
1 2 61.25 10 0 -1 4 0 0 0 99 0 0 17.3259
1 2 61.25 11 0 -1 4 0 0 0 99 0 0 7.54811
1 2 61.25 12 0 -1 4 0 0 0 99 0 0 9.50367
1 2 61.25 13 0 -1 4 0 0 0 99 0 0 3.637
t 1 61.25 -3 1 1 0 0 0 0 -2
_00Quinto
1 2 61.25 5 0 0 4 0 0 -2
1 2 61.25 13 0 0 4 0 0 -2
1 2 61.25 109 0 1 4 0 0 -1.66
1 1 97.5 10 0 -1 4 0 0 0 99 0 0 4.28886
1 1 97.5 11 0 -1 4 0 0 0 99 0 0 5.59256
1 1 97.5 12 0 -1 4 0 0 0 99 0 0 6.89626
1 2 97.5 1 0 -1 4 0 0 0 99 0 0 12.1111
1 2 97.5 2 0 -1 4 0 0 0 99 0 0 14.7185
1 2 97.5 3 0 -1 4 0 0 0 99 0 0 19.9333
1 2 97.5 4 0 -1 4 0 0 0 99 0 0 10.1555
1 2 97.5 4 0 -1 4 0 0 0 99 0 0 3.637
1 2 97.5 5 0 -1 4 0 0 0 99 0 0 16.674
1 2 97.5 6 0 -1 4 0 0 0 99 0 0 6.89626
1 2 97.5 6 0 -1 4 0 0 0 99 0 0 17.9777
1 2 97.5 7 0 -1 4 0 0 0 99 0 0 3.637
1 2 97.5 7 0 -1 4 0 0 0 99 0 0 5.59256
1 2 97.5 8 0 -1 4 0 0 0 99 0 0 4.28886
t 1 97.5 -3 1 1 0 0 0 0 -2
_00Alto
1 1 97.5 10 0 0 4 0 0 -2
1 2 97.5 8 0 0 4 0 0 -2
1 2 97.5 104 0 1 4 0 0 -1.66
1 1 133.75 10 0 -1 4 0 0 0 99 0 0 6.7333
1 1 133.75 11 0 -1 4 0 0 0 99 0 0 3.06663
1 1 133.75 11 0 -1 4 0 0 0 99 0 0 14.8
1 1 133.75 12 0 -1 4 0 0 0 99 0 0 3.06663
1 1 133.75 12 0 -1 4 0 0 0 99 0 0 11.8666
1 2 133.75 1 0 -1 4 0 0 0 99 0 0 19.9333
1 2 133.75 2 0 -1 4 0 0 0 99 0 0 13.3333
1 2 133.75 3 0 -1 4 0 0 0 99 0 0 14.8
1 2 133.75 4 0 -1 4 0 0 0 99 0 0 7.46663
1 2 133.75 5 0 -1 4 0 0 0 99 0 0 10.4
1 2 133.75 6 0 -1 4 0 0 0 99 0 0 4.5333
t 1 133.75 -3 1 1 0 0 0 0 -2
_00Tenore
1 1 133.75 10 0 0 4 0 0 -2
1 2 133.75 6 0 0 4 0 0 -2
1 2 133.75 101 0 1 4 0 0 -1.66
1 1 170 6 0 -1 4 0 0 0 99 0 0 6.15939
1 1 170 7 0 -1 4 0 0 0 99 0 0 6.9246
1 1 170 8 0 -1 4 0 0 0 99 0 0 11.5159
1 1 170 9 0 -1 4 0 0 0 99 0 0 9.22026
1 1 170 10 0 -1 4 0 0 0 99 0 0 13.8116
1 1 170 11 0 -1 4 0 0 0 99 0 0 19.9333
1 1 170 12 0 -1 4 0 0 0 99 0 0 3.09852
1 1 170 12 0 -1 4 0 0 0 99 0 0 4.62895
1 2 170 1 0 -1 4 0 0 0 99 0 0 11.5159
t 1 170 -3 1 1 0 0 0 0 -2
_00Basso
1 1 170 6 0 0 4 0 0 -2
1 2 170 1 0 0 4 0 0 -2
1 1 170 110 0 1 4 0 0 -1.66
