#define SVG t 1 1 \n_99%svg%
t 2 10 14 1 1 0 0 0 0 -1.35
_00
8 1 0 0 0 200
8 2 0 -6 0 200
14 1 0 2
14 1 200 2
14 1 0 2 8
3 2 2
3 1 2 0 1
1 2 25 1 0 -1 4 0 0 0 99 0 0 3.4333
1 2 25 2 0 -1 4 0 0 0 99 0 0 5.6333
1 2 25 3 0 -1 4 0 0 0 99 0 0 12.6
1 2 25 4 0 -1 4 0 0 0 99 0 0 10.7666
1 2 25 4 0 -1 4 0 0 0 99 0 0 3.79997
1 2 25 5 0 -1 4 0 0 0 99 0 0 11.8666
1 2 25 6 0 -1 4 0 0 0 99 0 0 2.69997
1 2 25 6 0 -1 4 0 0 0 99 0 0 19.9333
1 2 25 7 0 -1 4 0 0 0 99 0 0 5.99997
1 2 25 7 0 -1 4 0 0 0 99 0 0 4.89997
1 2 25 8 0 -1 4 0 0 0 99 0 0 8.19997
1 2 25 9 0 -1 4 0 0 0 99 0 0 3.4333
t 1 25 -3 1 1 0 0 0 0 -2
_00Canto
1 2 25 1 0 0 4 0 0 -2
1 2 25 9 0 0 4 0 0 -2
1 2 25 105 0 1 4 0 0 -1.66
1 2 61.25 1 0 -1 4 0 0 0 99 0 0 3.97051
1 2 61.25 2 0 -1 4 0 0 0 99 0 0 5.19842
1 2 61.25 3 0 -1 4 0 0 0 99 0 0 12.9752
1 2 61.25 4 0 -1 4 0 0 0 99 0 0 12.5659
1 2 61.25 4 0 -1 4 0 0 0 99 0 0 6.01702
1 2 61.25 5 0 -1 4 0 0 0 99 0 0 16.6589
1 2 61.25 6 0 -1 4 0 0 0 99 0 0 2.7426
1 2 61.25 6 0 -1 4 0 0 0 99 0 0 19.9333
1 2 61.25 7 0 -1 4 0 0 0 99 0 0 6.01702
1 2 61.25 7 0 -1 4 0 0 0 99 0 0 3.97051
1 2 61.25 8 0 -1 4 0 0 0 99 0 0 6.83563
1 2 61.25 9 0 -1 4 0 0 0 99 0 0 2.7426
t 1 61.25 -3 1 1 0 0 0 0 -2
_00Quinto
1 2 61.25 1 0 0 4 0 0 -2
1 2 61.25 9 0 0 4 0 0 -2
1 2 61.25 105 0 1 4 0 0 -1.66
1 1 97.5 9 0 -1 4 0 0 0 99 0 0 3.71369
1 1 97.5 10 0 -1 4 0 0 0 99 0 0 3.71369
1 1 97.5 11 0 -1 4 0 0 0 99 0 0 5.09408
1 1 97.5 12 0 -1 4 0 0 0 99 0 0 2.6784
1 1 97.5 12 0 -1 4 0 0 0 99 0 0 2.6784
1 2 97.5 1 0 -1 4 0 0 0 99 0 0 19.9333
1 2 97.5 1 0 -1 4 0 0 0 99 0 0 10.2706
1 2 97.5 2 0 -1 4 0 0 0 99 0 0 17.8627
1 2 97.5 3 0 -1 4 0 0 0 99 0 0 9.92546
1 2 97.5 4 0 -1 4 0 0 0 99 0 0 6.81957
1 2 97.5 5 0 -1 4 0 0 0 99 0 0 2.6784
t 1 97.5 -3 1 1 0 0 0 0 -2
_00Alto
1 1 97.5 9 0 0 4 0 0 -2
1 2 97.5 5 0 0 4 0 0 -2
1 2 97.5 101 0 1 4 0 0 -1.66
1 1 133.75 6 0 -1 4 0 0 0 99 0 0 5.1493
1 1 133.75 7 0 -1 4 0 0 0 99 0 0 7.9653
1 1 133.75 8 0 -1 4 0 0 0 99 0 0 10.0773
1 1 133.75 9 0 -1 4 0 0 0 99 0 0 12.1893
1 1 133.75 9 0 -1 4 0 0 0 99 0 0 2.6853
1 1 133.75 10 0 -1 4 0 0 0 99 0 0 19.9333
1 1 133.75 11 0 -1 4 0 0 0 99 0 0 16.4133
1 1 133.75 12 0 -1 4 0 0 0 99 0 0 5.5013
1 2 133.75 1 0 -1 4 0 0 0 99 0 0 5.8533
1 2 133.75 2 0 -1 4 0 0 0 99 0 0 3.7413
t 1 133.75 -3 1 1 0 0 0 0 -2
_00Tenore
1 1 133.75 6 0 0 4 0 0 -2
1 2 133.75 2 0 0 4 0 0 -2
1 1 133.75 110 0 1 4 0 0 -1.66
1 1 170 2 0 -1 4 0 0 0 99 0 0 7.86473
1 1 170 3 0 -1 4 0 0 0 99 0 0 5.8533
1 1 170 4 0 -1 4 0 0 0 99 0 0 15.9104
1 1 170 5 0 -1 4 0 0 0 99 0 0 8.36759
1 1 170 6 0 -1 4 0 0 0 99 0 0 19.9333
1 1 170 7 0 -1 4 0 0 0 99 0 0 14.4019
1 1 170 8 0 -1 4 0 0 0 99 0 0 5.8533
1 1 170 9 0 -1 4 0 0 0 99 0 0 9.87616
1 1 170 10 0 -1 4 0 0 0 99 0 0 3.84187
1 1 170 11 0 -1 4 0 0 0 99 0 0 2.83616
t 1 170 -3 1 1 0 0 0 0 -2
_00Basso
1 1 170 2 0 0 4 0 0 -2
1 1 170 11 0 0 4 0 0 -2
1 1 170 106 0 1 4 0 0 -1.66
