#define SVG t 1 1 \n_99%svg%
t 2 10 14 1 1 0 0 0 0 -1.35
_00
8 1 0 0 0 200
8 2 0 -6 0 200
14 1 0 2
14 1 200 2
14 1 0 2 8
3 2 2
3 1 2 0 1
1 2 25 2 0 -1 4 0 0 0 99 0 0 3.1714
1 2 25 3 0 -1 4 0 0 0 99 0 0 4.84759
1 2 25 4 0 -1 4 0 0 0 99 0 0 4.84759
1 2 25 4 0 -1 4 0 0 0 99 0 0 4.00949
1 2 25 5 0 -1 4 0 0 0 99 0 0 11.5523
1 2 25 6 0 -1 4 0 0 0 99 0 0 4.84759
1 2 25 6 0 -1 4 0 0 0 99 0 0 17.419
1 2 25 7 0 -1 4 0 0 0 99 0 0 19.9333
1 2 25 8 0 -1 4 0 0 0 99 0 0 13.2285
1 2 25 8 0 -1 4 0 0 0 99 0 0 3.1714
1 2 25 9 0 -1 4 0 0 0 99 0 0 9.03806
1 2 25 10 0 -1 4 0 0 0 99 0 0 3.1714
t 1 25 -3 1 1 0 0 0 0 -2
_00Canto
1 2 25 2 0 0 4 0 0 -2
1 2 25 10 0 0 4 0 0 -2
1 2 25 107 0 1 4 0 0 -1.66
1 1 61.25 10 0 -1 4 0 0 0 99 0 0 3.01022
1 1 61.25 11 0 -1 4 0 0 0 99 0 0 3.68715
1 1 61.25 12 0 -1 4 0 0 0 99 0 0 6.39484
1 2 61.25 1 0 -1 4 0 0 0 99 0 0 7.07176
1 2 61.25 1 0 -1 4 0 0 0 99 0 0 4.36407
1 2 61.25 2 0 -1 4 0 0 0 99 0 0 15.8718
1 2 61.25 3 0 -1 4 0 0 0 99 0 0 19.9333
1 2 61.25 4 0 -1 4 0 0 0 99 0 0 7.07176
1 2 61.25 4 0 -1 4 0 0 0 99 0 0 5.04099
1 2 61.25 5 0 -1 4 0 0 0 99 0 0 13.841
1 2 61.25 6 0 -1 4 0 0 0 99 0 0 3.68715
1 2 61.25 6 0 -1 4 0 0 0 99 0 0 5.71792
t 1 61.25 -3 1 1 0 0 0 0 -2
_00Alto
1 1 61.25 10 0 0 4 0 0 -2
1 2 61.25 6 0 0 4 0 0 -2
1 2 61.25 103 0 1 4 0 0 -1.66
1 1 97.5 6 0 -1 4 0 0 0 99 0 0 4.28886
1 1 97.5 7 0 -1 4 0 0 0 99 0 0 10.1555
1 1 97.5 8 0 -1 4 0 0 0 99 0 0 11.1333
1 1 97.5 9 0 -1 4 0 0 0 99 0 0 5.26663
1 1 97.5 9 0 -1 4 0 0 0 99 0 0 6.24441
1 1 97.5 10 0 -1 4 0 0 0 99 0 0 19.9333
1 1 97.5 11 0 -1 4 0 0 0 99 0 0 3.31108
1 1 97.5 11 0 -1 4 0 0 0 99 0 0 18.9555
1 1 97.5 12 0 -1 4 0 0 0 99 0 0 10.1555
1 2 97.5 1 0 -1 4 0 0 0 99 0 0 11.1333
1 2 97.5 1 0 -1 4 0 0 0 99 0 0 3.31108
1 2 97.5 2 0 -1 4 0 0 0 99 0 0 11.1333
1 2 97.5 3 0 -1 4 0 0 0 99 0 0 9.17774
1 2 97.5 4 0 -1 4 0 0 0 99 0 0 3.31108
t 1 97.5 -3 1 1 0 0 0 0 -2
_00Tenore
1 1 97.5 6 0 0 4 0 0 -2
1 2 97.5 4 0 0 4 0 0 -2
1 1 97.5 111 0 1 4 0 0 -1.66
1 1 133.75 7 0 -1 4 0 0 0 99 0 0 2.96187
1 1 133.75 8 0 -1 4 0 0 0 99 0 0 4.21901
1 1 133.75 9 0 -1 4 0 0 0 99 0 0 2.96187
1 1 133.75 9 0 -1 4 0 0 0 99 0 0 2.96187
1 1 133.75 10 0 -1 4 0 0 0 99 0 0 6.7333
1 1 133.75 11 0 -1 4 0 0 0 99 0 0 19.9333
1 1 133.75 12 0 -1 4 0 0 0 99 0 0 15.5333
1 2 133.75 1 0 -1 4 0 0 0 99 0 0 13.6476
1 2 133.75 1 0 -1 4 0 0 0 99 0 0 2.96187
1 2 133.75 2 0 -1 4 0 0 0 99 0 0 11.1333
1 2 133.75 3 0 -1 4 0 0 0 99 0 0 8.61901
1 2 133.75 4 0 -1 4 0 0 0 99 0 0 3.59044
t 1 133.75 -3 1 1 0 0 0 0 -2
_00Quinto
1 1 133.75 7 0 0 4 0 0 -2
1 2 133.75 4 0 0 4 0 0 -2
1 1 133.75 112 0 1 4 0 0 -1.66
1 1 170 2 0 -1 4 0 0 0 99 0 0 3.25962
1 1 170 2 0 -1 4 0 0 0 99 0 0 3.25962
1 1 170 3 0 -1 4 0 0 0 99 0 0 6.03856
1 1 170 4 0 -1 4 0 0 0 99 0 0 9.74383
1 1 170 5 0 -1 4 0 0 0 99 0 0 7.89119
1 1 170 6 0 -1 4 0 0 0 99 0 0 14.3754
1 1 170 7 0 -1 4 0 0 0 99 0 0 10.6701
1 1 170 8 0 -1 4 0 0 0 99 0 0 19.9333
1 1 170 9 0 -1 4 0 0 0 99 0 0 9.74383
1 1 170 9 0 -1 4 0 0 0 99 0 0 3.25962
1 1 170 10 0 -1 4 0 0 0 99 0 0 7.89119
1 1 170 11 0 -1 4 0 0 0 99 0 0 3.25962
1 1 170 11 0 -1 4 0 0 0 99 0 0 7.89119
1 1 170 12 0 -1 4 0 0 0 99 0 0 3.25962
t 1 170 -3 1 1 0 0 0 0 -2
_00Basso
1 1 170 2 0 0 4 0 0 -2
1 1 170 12 0 0 4 0 0 -2
1 1 170 107 0 1 4 0 0 -1.66
