#define SVG t 1 1 \n_99%svg%
t 2 10 14 1 1 0 0 0 0 -1.35
_00
8 1 0 0 0 200
8 2 0 -6 0 200
14 1 0 2
14 1 200 2
14 1 0 2 8
3 2 2
3 1 2 0 1
1 2 25 5 0 -1 4 0 0 0 99 0 0 4.64909
1 2 25 6 0 -1 4 0 0 0 99 0 0 4.18593
1 2 25 7 0 -1 4 0 0 0 99 0 0 6.50172
1 2 25 8 0 -1 4 0 0 0 99 0 0 10.207
1 2 25 8 0 -1 4 0 0 0 99 0 0 4.18593
1 2 25 9 0 -1 4 0 0 0 99 0 0 19.4701
1 2 25 10 0 -1 4 0 0 0 99 0 0 19.9333
1 2 25 11 0 -1 4 0 0 0 99 0 0 12.0596
1 2 25 11 0 -1 4 0 0 0 99 0 0 3.25962
1 2 25 12 0 -1 4 0 0 0 99 0 0 11.5965
1 2 25 13 0 -1 4 0 0 0 99 0 0 3.25962
t 1 25 -3 1 1 0 0 0 0 -2
_00Canto
1 2 25 5 0 0 4 0 0 -2
1 2 25 13 0 0 4 0 0 -2
1 2 25 110 0 1 4 0 0 -1.66
1 2 41.1111 4 0 -1 4 0 0 0 99 0 0 3.25962
1 2 41.1111 5 0 -1 4 0 0 0 99 0 0 7.89119
1 2 41.1111 6 0 -1 4 0 0 0 99 0 0 7.89119
1 2 41.1111 7 0 -1 4 0 0 0 99 0 0 2.79646
1 2 41.1111 7 0 -1 4 0 0 0 99 0 0 9.74383
1 2 41.1111 8 0 -1 4 0 0 0 99 0 0 19.9333
1 2 41.1111 9 0 -1 4 0 0 0 99 0 0 15.3017
1 2 41.1111 10 0 -1 4 0 0 0 99 0 0 12.0596
1 2 41.1111 11 0 -1 4 0 0 0 99 0 0 6.50172
1 2 41.1111 11 0 -1 4 0 0 0 99 0 0 3.25962
1 2 41.1111 12 0 -1 4 0 0 0 99 0 0 10.6701
1 2 41.1111 13 0 -1 4 0 0 0 99 0 0 3.72277
t 1 41.1111 -3 1 1 0 0 0 0 -2
_00Canto II ?[Sesto?]
1 2 41.1111 4 0 0 4 0 0 -2
1 2 41.1111 13 0 0 4 0 0 -2
1 2 41.1111 109 0 1 4 0 0 -1.66
1 2 57.2222 5 0 -1 4 0 0 0 99 0 0 6.94282
1 2 57.2222 6 0 -1 4 0 0 0 99 0 0 4.84759
1 2 57.2222 7 0 -1 4 0 0 0 99 0 0 8.19997
1 2 57.2222 8 0 -1 4 0 0 0 99 0 0 14.4857
1 2 57.2222 8 0 -1 4 0 0 0 99 0 0 3.59044
1 2 57.2222 9 0 -1 4 0 0 0 99 0 0 19.9333
1 2 57.2222 10 0 -1 4 0 0 0 99 0 0 14.9047
1 2 57.2222 11 0 -1 4 0 0 0 99 0 0 6.94282
1 2 57.2222 11 0 -1 4 0 0 0 99 0 0 3.1714
1 2 57.2222 12 0 -1 4 0 0 0 99 0 0 6.52378
1 2 57.2222 13 0 -1 4 0 0 0 99 0 0 2.75235
t 1 57.2222 -3 1 1 0 0 0 0 -2
_00Canto III ?[Settimo?]
1 2 57.2222 5 0 0 4 0 0 -2
1 2 57.2222 13 0 0 4 0 0 -2
1 2 57.2222 109 0 1 4 0 0 -1.66
1 1 73.3333 12 0 -1 4 0 0 0 99 0 0 2.8833
1 2 73.3333 1 0 -1 4 0 0 0 99 0 0 9.4833
1 2 73.3333 2 0 -1 4 0 0 0 99 0 0 13.3333
1 2 73.3333 3 0 -1 4 0 0 0 99 0 0 11.1333
1 2 73.3333 4 0 -1 4 0 0 0 99 0 0 7.2833
1 2 73.3333 4 0 -1 4 0 0 0 99 0 0 3.4333
1 2 73.3333 5 0 -1 4 0 0 0 99 0 0 19.9333
1 2 73.3333 6 0 -1 4 0 0 0 99 0 0 13.8833
1 2 73.3333 7 0 -1 4 0 0 0 99 0 0 7.8333
1 2 73.3333 8 0 -1 4 0 0 0 99 0 0 6.1833
t 1 73.3333 -3 1 1 0 0 0 0 -2
_00Alto
1 1 73.3333 12 0 0 4 0 0 -2
1 2 73.3333 8 0 0 4 0 0 -2
1 2 73.3333 105 0 1 4 0 0 -1.66
1 2 89.4444 1 0 -1 4 0 0 0 99 0 0 3.9333
1 2 89.4444 2 0 -1 4 0 0 0 99 0 0 5.1333
1 2 89.4444 3 0 -1 4 0 0 0 99 0 0 6.7333
1 2 89.4444 4 0 -1 4 0 0 0 99 0 0 3.5333
1 2 89.4444 4 0 -1 4 0 0 0 99 0 0 3.1333
1 2 89.4444 5 0 -1 4 0 0 0 99 0 0 15.1333
1 2 89.4444 6 0 -1 4 0 0 0 99 0 0 2.7333
1 2 89.4444 6 0 -1 4 0 0 0 99 0 0 19.9333
1 2 89.4444 7 0 -1 4 0 0 0 99 0 0 3.1333
1 2 89.4444 7 0 -1 4 0 0 0 99 0 0 9.5333
1 2 89.4444 8 0 -1 4 0 0 0 99 0 0 11.1333
1 2 89.4444 9 0 -1 4 0 0 0 99 0 0 2.7333
t 1 89.4444 -3 1 1 0 0 0 0 -2
_00Ottava parte ?[Ottavo?]
1 2 89.4444 1 0 0 4 0 0 -2
1 2 89.4444 9 0 0 4 0 0 -2
1 2 89.4444 106 0 1 4 0 0 -1.66
1 1 105.556 10 0 -1 4 0 0 0 99 0 0 3.11552
1 1 105.556 11 0 -1 4 0 0 0 99 0 0 3.50663
1 1 105.556 12 0 -1 4 0 0 0 99 0 0 3.11552
1 2 105.556 1 0 -1 4 0 0 0 99 0 0 5.8533
1 2 105.556 1 0 -1 4 0 0 0 99 0 0 5.07108
1 2 105.556 2 0 -1 4 0 0 0 99 0 0 6.24441
1 2 105.556 3 0 -1 4 0 0 0 99 0 0 9.76441
1 2 105.556 4 0 -1 4 0 0 0 99 0 0 5.8533
1 2 105.556 4 0 -1 4 0 0 0 99 0 0 4.28886
1 2 105.556 5 0 -1 4 0 0 0 99 0 0 19.9333
1 2 105.556 6 0 -1 4 0 0 0 99 0 0 7.41774
1 2 105.556 7 0 -1 4 0 0 0 99 0 0 5.07108
1 2 105.556 8 0 -1 4 0 0 0 99 0 0 6.63552
1 2 105.556 9 0 -1 4 0 0 0 99 0 0 2.72441
t 1 105.556 -3 1 1 0 0 0 0 -2
_00Nona parte ?[Nono?]
1 1 105.556 10 0 0 4 0 0 -2
1 2 105.556 9 0 0 4 0 0 -2
1 2 105.556 105 0 1 4 0 0 -1.66
1 1 121.667 9 0 -1 4 0 0 0 99 0 0 2.76257
1 1 121.667 10 0 -1 4 0 0 0 99 0 0 5.76745
1 1 121.667 11 0 -1 4 0 0 0 99 0 0 7.05525
1 1 121.667 12 0 -1 4 0 0 0 99 0 0 5.76745
1 2 121.667 1 0 -1 4 0 0 0 99 0 0 14.7821
1 2 121.667 2 0 -1 4 0 0 0 99 0 0 19.9333
1 2 121.667 3 0 -1 4 0 0 0 99 0 0 15.2113
1 2 121.667 4 0 -1 4 0 0 0 99 0 0 7.48452
1 2 121.667 4 0 -1 4 0 0 0 99 0 0 3.6211
1 2 121.667 5 0 -1 4 0 0 0 99 0 0 7.05525
1 2 121.667 6 0 -1 4 0 0 0 99 0 0 3.6211
t 1 121.667 -3 1 1 0 0 0 0 -2
_00Tenore
1 1 121.667 9 0 0 4 0 0 -2
1 2 121.667 6 0 0 4 0 0 -2
1 2 121.667 102 0 1 4 0 0 -1.66
1 1 137.778 9 0 -1 4 0 0 0 99 0 0 2.83616
1 1 137.778 10 0 -1 4 0 0 0 99 0 0 7.36187
1 1 137.778 11 0 -1 4 0 0 0 99 0 0 8.36759
1 1 137.778 12 0 -1 4 0 0 0 99 0 0 8.36759
1 2 137.778 1 0 -1 4 0 0 0 99 0 0 19.9333
1 2 137.778 2 0 -1 4 0 0 0 99 0 0 15.4076
1 2 137.778 3 0 -1 4 0 0 0 99 0 0 13.899
1 2 137.778 4 0 -1 4 0 0 0 99 0 0 6.85901
1 2 137.778 4 0 -1 4 0 0 0 99 0 0 2.83616
1 2 137.778 5 0 -1 4 0 0 0 99 0 0 6.85901
1 2 137.778 6 0 -1 4 0 0 0 99 0 0 2.83616
t 1 137.778 -3 1 1 0 0 0 0 -2
_00Quinto
1 1 137.778 9 0 0 4 0 0 -2
1 2 137.778 6 0 0 4 0 0 -2
1 2 137.778 101 0 1 4 0 0 -1.66
1 1 153.889 3 0 -1 4 0 0 0 99 0 0 3.46878
1 1 153.889 5 0 -1 4 0 0 0 99 0 0 2.90104
1 1 153.889 6 0 -1 4 0 0 0 99 0 0 19.9333
1 1 153.889 7 0 -1 4 0 0 0 99 0 0 11.4172
1 1 153.889 8 0 -1 4 0 0 0 99 0 0 3.46878
1 1 153.889 9 0 -1 4 0 0 0 99 0 0 10.8494
1 1 153.889 9 0 -1 4 0 0 0 99 0 0 2.90104
1 1 153.889 10 0 -1 4 0 0 0 99 0 0 19.9333
1 1 153.889 11 0 -1 4 0 0 0 99 0 0 10.8494
1 1 153.889 12 0 -1 4 0 0 0 99 0 0 3.46878
1 1 153.889 12 0 -1 4 0 0 0 99 0 0 7.44298
1 2 153.889 1 0 -1 4 0 0 0 99 0 0 9.71395
1 2 153.889 2 0 -1 4 0 0 0 99 0 0 3.46878
t 1 153.889 -3 1 1 0 0 0 0 -2
_00Basso
1 1 153.889 3 0 0 4 0 0 -2
1 2 153.889 2 0 0 4 0 0 -2
1 1 153.889 110 0 1 4 0 0 -1.66
1 1 170 6 0 -1 4 0 0 0 99 0 0 14.4333
1 1 170 7 0 -1 4 0 0 0 99 0 0 7.8333
1 1 170 8 0 -1 4 0 0 0 99 0 0 3.9833
1 1 170 9 0 -1 4 0 0 0 99 0 0 12.2333
1 1 170 9 0 -1 4 0 0 0 99 0 0 2.8833
1 1 170 10 0 -1 4 0 0 0 99 0 0 19.9333
1 1 170 11 0 -1 4 0 0 0 99 0 0 10.5833
1 1 170 12 0 -1 4 0 0 0 99 0 0 3.9833
1 1 170 12 0 -1 4 0 0 0 99 0 0 5.0833
1 2 170 1 0 -1 4 0 0 0 99 0 0 11.1333
1 2 170 2 0 -1 4 0 0 0 99 0 0 7.2833
1 2 170 3 0 -1 4 0 0 0 99 0 0 2.8833
t 1 170 -3 1 1 0 0 0 0 -2
_00Basso II ?[Decimo?]
1 1 170 6 0 0 4 0 0 -2
1 2 170 3 0 0 4 0 0 -2
1 1 170 110 0 1 4 0 0 -1.66
