#define SVG t 1 1 \n_99%svg%
t 2 10 14 1 1 0 0 0 0 -1.35
_00
8 1 0 0 0 200
8 2 0 -6 0 200
14 1 0 2
14 1 200 2
14 1 0 2 8
3 2 2
3 1 2 0 1
1 2 25 2 0 -1 4 0 0 0 99 0 0 6.542
1 2 25 3 0 -1 4 0 0 0 99 0 0 3.48113
1 2 25 4 0 -1 4 0 0 0 99 0 0 8.07243
1 2 25 4 0 -1 4 0 0 0 99 0 0 4.24634
1 2 25 5 0 -1 4 0 0 0 99 0 0 14.1942
1 2 25 6 0 -1 4 0 0 0 99 0 0 19.9333
1 2 25 7 0 -1 4 0 0 0 99 0 0 12.2811
1 2 25 7 0 -1 4 0 0 0 99 0 0 4.62895
1 2 25 8 0 -1 4 0 0 0 99 0 0 12.2811
1 2 25 8 0 -1 4 0 0 0 99 0 0 3.09852
1 2 25 9 0 -1 4 0 0 0 99 0 0 9.98547
t 1 25 -3 1 1 0 0 0 0 -2
_00Canto
1 2 25 2 0 0 4 0 0 -2
1 2 25 9 0 0 4 0 0 -2
1 2 25 106 0 1 4 0 0 -1.66
1 1 61.25 9 0 -1 4 0 0 0 99 0 0 2.62663
1 1 61.25 10 0 -1 4 0 0 0 99 0 0 3.50663
1 1 61.25 11 0 -1 4 0 0 0 99 0 0 3.50663
1 1 61.25 12 0 -1 4 0 0 0 99 0 0 3.50663
1 1 61.25 12 0 -1 4 0 0 0 99 0 0 2.91997
1 2 61.25 1 0 -1 4 0 0 0 99 0 0 5.26663
1 2 61.25 1 0 -1 4 0 0 0 99 0 0 3.79997
1 2 61.25 2 0 -1 4 0 0 0 99 0 0 12.0133
1 2 61.25 3 0 -1 4 0 0 0 99 0 0 2.62663
1 2 61.25 3 0 -1 4 0 0 0 99 0 0 11.72
1 2 61.25 4 0 -1 4 0 0 0 99 0 0 19.9333
1 2 61.25 4 0 -1 4 0 0 0 99 0 0 5.8533
1 2 61.25 5 0 -1 4 0 0 0 99 0 0 14.0666
1 2 61.25 6 0 -1 4 0 0 0 99 0 0 6.14663
t 1 61.25 -3 1 1 0 0 0 0 -2
_00Alto
1 1 61.25 9 0 0 4 0 0 -2
1 2 61.25 6 0 0 4 0 0 -2
1 2 61.25 104 0 1 4 0 0 -1.66
1 1 97.5 6 0 -1 4 0 0 0 99 0 0 3.9333
1 1 97.5 7 0 -1 4 0 0 0 99 0 0 5.5333
1 1 97.5 8 0 -1 4 0 0 0 99 0 0 2.86663
1 1 97.5 9 0 -1 4 0 0 0 99 0 0 10.8666
1 1 97.5 10 0 -1 4 0 0 0 99 0 0 14.6
1 1 97.5 11 0 -1 4 0 0 0 99 0 0 14.0666
1 1 97.5 12 0 -1 4 0 0 0 99 0 0 15.1333
1 1 97.5 12 0 -1 4 0 0 0 99 0 0 5.5333
1 2 97.5 1 0 -1 4 0 0 0 99 0 0 19.9333
1 2 97.5 1 0 -1 4 0 0 0 99 0 0 3.39997
1 2 97.5 2 0 -1 4 0 0 0 99 0 0 18.3333
1 2 97.5 3 0 -1 4 0 0 0 99 0 0 2.86663
1 2 97.5 3 0 -1 4 0 0 0 99 0 0 3.39997
1 2 97.5 4 0 -1 4 0 0 0 99 0 0 4.46663
t 1 97.5 -3 1 1 0 0 0 0 -2
_00Quinto
1 1 97.5 6 0 0 4 0 0 -2
1 2 97.5 4 0 0 4 0 0 -2
1 1 97.5 112 0 1 4 0 0 -1.66
1 1 133.75 6 0 -1 4 0 0 0 99 0 0 3.11552
1 1 133.75 7 0 -1 4 0 0 0 99 0 0 5.07108
1 1 133.75 8 0 -1 4 0 0 0 99 0 0 3.11552
1 1 133.75 9 0 -1 4 0 0 0 99 0 0 6.24441
1 1 133.75 10 0 -1 4 0 0 0 99 0 0 11.72
1 1 133.75 11 0 -1 4 0 0 0 99 0 0 19.9333
1 1 133.75 12 0 -1 4 0 0 0 99 0 0 10.9377
1 1 133.75 12 0 -1 4 0 0 0 99 0 0 3.89774
1 2 133.75 1 0 -1 4 0 0 0 99 0 0 17.1955
1 2 133.75 2 0 -1 4 0 0 0 99 0 0 15.24
1 2 133.75 3 0 -1 4 0 0 0 99 0 0 4.28886
1 2 133.75 3 0 -1 4 0 0 0 99 0 0 2.72441
1 2 133.75 4 0 -1 4 0 0 0 99 0 0 5.07108
t 1 133.75 -3 1 1 0 0 0 0 -2
_00Tenore
1 1 133.75 6 0 0 4 0 0 -2
1 2 133.75 4 0 0 4 0 0 -2
1 1 133.75 112 0 1 4 0 0 -1.66
1 1 170 2 0 -1 4 0 0 0 99 0 0 3.59044
1 1 170 3 0 -1 4 0 0 0 99 0 0 6.7333
1 1 170 4 0 -1 4 0 0 0 99 0 0 6.10473
1 1 170 5 0 -1 4 0 0 0 99 0 0 13.019
1 1 170 5 0 -1 4 0 0 0 99 0 0 2.96187
1 1 170 6 0 -1 4 0 0 0 99 0 0 13.019
1 1 170 7 0 -1 4 0 0 0 99 0 0 19.9333
1 1 170 8 0 -1 4 0 0 0 99 0 0 4.21901
1 1 170 8 0 -1 4 0 0 0 99 0 0 8.61901
1 1 170 9 0 -1 4 0 0 0 99 0 0 19.3047
1 1 170 10 0 -1 4 0 0 0 99 0 0 14.9047
1 1 170 11 0 -1 4 0 0 0 99 0 0 6.7333
1 1 170 12 0 -1 4 0 0 0 99 0 0 4.84759
t 1 170 -3 1 1 0 0 0 0 -2
_00Basso
1 1 170 2 0 0 4 0 0 -2
1 1 170 12 0 0 4 0 0 -2
1 1 170 107 0 1 4 0 0 -1.66
