#define SVG t 1 1 \n_99%svg%
t 2 10 14 1 1 0 0 0 0 -1.35
_00
8 1 0 0 0 200
8 2 0 -6 0 200
14 1 0 2
14 1 200 2
14 1 0 2 8
3 2 2
3 1 2 0 1
1 2 25 2 0 -1 4 0 0 0 99 0 0 4.62895
1 2 25 3 0 -1 4 0 0 0 99 0 0 2.71591
1 2 25 3 0 -1 4 0 0 0 99 0 0 5.39417
1 2 25 4 0 -1 4 0 0 0 99 0 0 11.8985
1 2 25 5 0 -1 4 0 0 0 99 0 0 18.7855
1 2 25 6 0 -1 4 0 0 0 99 0 0 19.9333
1 2 25 7 0 -1 4 0 0 0 99 0 0 10.7507
1 2 25 7 0 -1 4 0 0 0 99 0 0 3.86373
1 2 25 8 0 -1 4 0 0 0 99 0 0 19.1681
1 2 25 9 0 -1 4 0 0 0 99 0 0 11.1333
1 2 25 10 0 -1 4 0 0 0 99 0 0 2.71591
1 2 25 11 0 -1 4 0 0 0 99 0 0 2.71591
t 1 25 -3 1 1 0 0 0 0 -2
_00Canto
1 2 25 2 0 0 4 0 0 -2
1 2 25 11 0 0 4 0 0 -2
1 2 25 106 0 1 4 0 0 -1.66
1 2 61.25 1 0 -1 4 0 0 0 99 0 0 3.6133
1 2 61.25 2 0 -1 4 0 0 0 99 0 0 5.8533
1 2 61.25 3 0 -1 4 0 0 0 99 0 0 9.6933
1 2 61.25 4 0 -1 4 0 0 0 99 0 0 17.6933
1 2 61.25 4 0 -1 4 0 0 0 99 0 0 4.5733
1 2 61.25 5 0 -1 4 0 0 0 99 0 0 19.9333
1 2 61.25 6 0 -1 4 0 0 0 99 0 0 15.7733
1 2 61.25 7 0 -1 4 0 0 0 99 0 0 8.4133
1 2 61.25 7 0 -1 4 0 0 0 99 0 0 2.6533
1 2 61.25 8 0 -1 4 0 0 0 99 0 0 10.3333
1 2 61.25 9 0 -1 4 0 0 0 99 0 0 4.8933
t 1 61.25 -3 1 1 0 0 0 0 -2
_00Quinto
1 2 61.25 1 0 0 4 0 0 -2
1 2 61.25 9 0 0 4 0 0 -2
1 2 61.25 105 0 1 4 0 0 -1.66
1 1 97.5 9 0 -1 4 0 0 0 99 0 0 4.36407
1 1 97.5 10 0 -1 4 0 0 0 99 0 0 5.37945
1 1 97.5 11 0 -1 4 0 0 0 99 0 0 6.7333
1 1 97.5 12 0 -1 4 0 0 0 99 0 0 8.76407
1 1 97.5 12 0 -1 4 0 0 0 99 0 0 3.01022
1 2 97.5 1 0 -1 4 0 0 0 99 0 0 15.1948
1 2 97.5 1 0 -1 4 0 0 0 99 0 0 3.01022
1 2 97.5 2 0 -1 4 0 0 0 99 0 0 19.9333
1 2 97.5 3 0 -1 4 0 0 0 99 0 0 3.01022
1 2 97.5 3 0 -1 4 0 0 0 99 0 0 15.1948
1 2 97.5 4 0 -1 4 0 0 0 99 0 0 15.8718
1 2 97.5 4 0 -1 4 0 0 0 99 0 0 2.67176
1 2 97.5 5 0 -1 4 0 0 0 99 0 0 6.39484
1 2 97.5 6 0 -1 4 0 0 0 99 0 0 3.68715
t 1 97.5 -3 1 1 0 0 0 0 -2
_00Alto
1 1 97.5 9 0 0 4 0 0 -2
1 2 97.5 6 0 0 4 0 0 -2
1 2 97.5 102 0 1 4 0 0 -1.66
1 1 133.75 6 0 -1 4 0 0 0 99 0 0 2.6083
1 1 133.75 7 0 -1 4 0 0 0 99 0 0 2.8833
1 1 133.75 8 0 -1 4 0 0 0 99 0 0 2.8833
1 1 133.75 9 0 -1 4 0 0 0 99 0 0 7.0083
1 1 133.75 9 0 -1 4 0 0 0 99 0 0 2.6083
1 1 133.75 10 0 -1 4 0 0 0 99 0 0 11.6833
1 1 133.75 11 0 -1 4 0 0 0 99 0 0 12.7833
1 1 133.75 12 0 -1 4 0 0 0 99 0 0 10.3083
1 1 133.75 12 0 -1 4 0 0 0 99 0 0 6.1833
1 2 133.75 1 0 -1 4 0 0 0 99 0 0 19.9333
1 2 133.75 2 0 -1 4 0 0 0 99 0 0 7.5583
1 2 133.75 3 0 -1 4 0 0 0 99 0 0 2.6083
1 2 133.75 3 0 -1 4 0 0 0 99 0 0 2.6083
1 2 133.75 4 0 -1 4 0 0 0 99 0 0 3.1583
t 1 133.75 -3 1 1 0 0 0 0 -2
_00Tenore
1 1 133.75 6 0 0 4 0 0 -2
1 2 133.75 4 0 0 4 0 0 -2
1 1 133.75 112 0 1 4 0 0 -1.66
1 1 170 2 0 -1 4 0 0 0 99 0 0 5.73975
1 1 170 3 0 -1 4 0 0 0 99 0 0 3.46878
1 1 170 4 0 -1 4 0 0 0 99 0 0 4.03653
1 1 170 5 0 -1 4 0 0 0 99 0 0 6.87524
1 1 170 6 0 -1 4 0 0 0 99 0 0 15.3914
1 1 170 7 0 -1 4 0 0 0 99 0 0 13.6881
1 1 170 8 0 -1 4 0 0 0 99 0 0 4.60427
1 1 170 8 0 -1 4 0 0 0 99 0 0 10.8494
1 1 170 9 0 -1 4 0 0 0 99 0 0 19.9333
1 1 170 10 0 -1 4 0 0 0 99 0 0 14.2559
1 1 170 11 0 -1 4 0 0 0 99 0 0 8.01072
1 1 170 12 0 -1 4 0 0 0 99 0 0 4.60427
t 1 170 -3 1 1 0 0 0 0 -2
_00Basso
1 1 170 2 0 0 4 0 0 -2
1 1 170 12 0 0 4 0 0 -2
1 1 170 108 0 1 4 0 0 -1.66
