#define SVG t 1 1 \n_99%svg%
t 2 10 14 1 1 0 0 0 0 -1.35
_00
8 1 0 0 0 200
8 2 0 -6 0 200
14 1 0 2
14 1 200 2
14 1 0 2 8
3 2 2
3 1 2 0 1
1 1 25 10 0 -1 4 0 0 0 99 0 0 5.04099
1 1 25 11 0 -1 4 0 0 0 99 0 0 5.04099
1 1 25 12 0 -1 4 0 0 0 99 0 0 5.04099
1 2 25 1 0 -1 4 0 0 0 99 0 0 6.84612
1 2 25 1 0 -1 4 0 0 0 99 0 0 3.23586
1 2 25 2 0 -1 4 0 0 0 99 0 0 19.9333
1 2 25 3 0 -1 4 0 0 0 99 0 0 7.74868
1 2 25 4 0 -1 4 0 0 0 99 0 0 2.78458
1 2 25 4 0 -1 4 0 0 0 99 0 0 8.65125
1 2 25 5 0 -1 4 0 0 0 99 0 0 10.9077
1 2 25 6 0 -1 4 0 0 0 99 0 0 5.04099
t 1 25 -3 1 1 0 0 0 0 -2
_00Alto
1 1 25 10 0 0 4 0 0 -2
1 2 25 6 0 0 4 0 0 -2
1 2 25 102 0 1 4 0 0 -1.66
1 1 97.5 9 0 -1 4 0 0 0 99 0 0 3.09852
1 1 97.5 10 0 -1 4 0 0 0 99 0 0 8.45504
1 1 97.5 11 0 -1 4 0 0 0 99 0 0 12.2811
1 1 97.5 12 0 -1 4 0 0 0 99 0 0 3.09852
1 1 97.5 12 0 -1 4 0 0 0 99 0 0 12.2811
1 2 97.5 1 0 -1 4 0 0 0 99 0 0 9.22026
1 2 97.5 2 0 -1 4 0 0 0 99 0 0 19.9333
1 2 97.5 3 0 -1 4 0 0 0 99 0 0 9.98547
1 2 97.5 4 0 -1 4 0 0 0 99 0 0 6.9246
1 2 97.5 4 0 -1 4 0 0 0 99 0 0 4.62895
1 2 97.5 5 0 -1 4 0 0 0 99 0 0 6.15939
1 2 97.5 6 0 -1 4 0 0 0 99 0 0 3.09852
t 1 97.5 -3 1 1 0 0 0 0 -2
_00Quinto
1 1 97.5 9 0 0 4 0 0 -2
1 2 97.5 6 0 0 4 0 0 -2
1 2 97.5 102 0 1 4 0 0 -1.66
1 1 170 6 0 -1 4 0 0 0 99 0 0 3.01022
1 1 170 7 0 -1 4 0 0 0 99 0 0 4.36407
1 1 170 8 0 -1 4 0 0 0 99 0 0 4.36407
1 1 170 9 0 -1 4 0 0 0 99 0 0 3.01022
1 1 170 9 0 -1 4 0 0 0 99 0 0 7.07176
1 1 170 10 0 -1 4 0 0 0 99 0 0 19.9333
1 1 170 11 0 -1 4 0 0 0 99 0 0 15.1948
1 1 170 12 0 -1 4 0 0 0 99 0 0 12.4871
1 2 170 1 0 -1 4 0 0 0 99 0 0 10.4564
1 2 170 2 0 -1 4 0 0 0 99 0 0 5.04099
1 2 170 3 0 -1 4 0 0 0 99 0 0 3.01022
t 1 170 -3 1 1 0 0 0 0 -2
_00Tenore
1 1 170 6 0 0 4 0 0 -2
1 2 170 3 0 0 4 0 0 -2
1 1 170 111 0 1 4 0 0 -1.66
