#define SVG t 1 1 \n_99%svg%
t 2 10 14 1 1 0 0 0 0 -1.35
_00
8 1 0 0 0 200
8 2 0 -6 0 200
14 1 0 2
14 1 200 2
14 1 0 2 8
3 2 2
3 1 2 0 1
1 1 25 11 0 -1 4 0 0 0 99 0 0 2.77887
1 1 25 12 0 -1 4 0 0 0 99 0 0 2.77887
1 2 25 1 0 -1 4 0 0 0 99 0 0 4.33836
1 2 25 1 0 -1 4 0 0 0 99 0 0 2.77887
1 2 25 2 0 -1 4 0 0 0 99 0 0 4.56115
1 2 25 3 0 -1 4 0 0 0 99 0 0 6.56621
1 2 25 4 0 -1 4 0 0 0 99 0 0 10.3536
1 2 25 4 0 -1 4 0 0 0 99 0 0 2.77887
1 2 25 5 0 -1 4 0 0 0 99 0 0 7.45735
1 2 25 6 0 -1 4 0 0 0 99 0 0 2.77887
1 2 25 6 0 -1 4 0 0 0 99 0 0 19.9333
1 2 25 7 0 -1 4 0 0 0 99 0 0 3.67001
1 2 25 7 0 -1 4 0 0 0 99 0 0 6.34343
1 2 25 8 0 -1 4 0 0 0 99 0 0 7.90292
1 2 25 8 0 -1 4 0 0 0 99 0 0 3.00165
1 2 25 9 0 -1 4 0 0 0 99 0 0 4.56115
t 1 25 -3 1 1 0 0 0 0 -2
_00Canto
1 1 25 11 0 0 4 0 0 -2
1 2 25 9 0 0 4 0 0 -2
1 2 25 106 0 1 4 0 0 -1.66
1 1 61.25 10 0 -1 4 0 0 0 99 0 0 2.70777
1 1 61.25 11 0 -1 4 0 0 0 99 0 0 9.82266
1 1 61.25 12 0 -1 4 0 0 0 99 0 0 2.70777
1 1 61.25 12 0 -1 4 0 0 0 99 0 0 6.45245
1 2 61.25 1 0 -1 4 0 0 0 99 0 0 10.5716
1 2 61.25 1 0 -1 4 0 0 0 99 0 0 5.32904
1 2 61.25 2 0 -1 4 0 0 0 99 0 0 13.1929
1 2 61.25 3 0 -1 4 0 0 0 99 0 0 14.6907
1 2 61.25 4 0 -1 4 0 0 0 99 0 0 19.9333
1 2 61.25 4 0 -1 4 0 0 0 99 0 0 3.08224
1 2 61.25 5 0 -1 4 0 0 0 99 0 0 9.82266
1 2 61.25 6 0 -1 4 0 0 0 99 0 0 3.08224
1 2 61.25 6 0 -1 4 0 0 0 99 0 0 12.4439
t 1 61.25 -3 1 1 0 0 0 0 -2
_00Alto
1 1 61.25 10 0 0 4 0 0 -2
1 2 61.25 6 0 0 4 0 0 -2
1 2 61.25 103 0 1 4 0 0 -1.66
1 1 97.5 6 0 -1 4 0 0 0 99 0 0 3.62742
1 1 97.5 7 0 -1 4 0 0 0 99 0 0 9.32154
1 1 97.5 8 0 -1 4 0 0 0 99 0 0 8.02742
1 1 97.5 9 0 -1 4 0 0 0 99 0 0 9.06271
1 1 97.5 9 0 -1 4 0 0 0 99 0 0 2.59212
1 1 97.5 10 0 -1 4 0 0 0 99 0 0 7.50977
1 1 97.5 11 0 -1 4 0 0 0 99 0 0 2.85095
1 1 97.5 11 0 -1 4 0 0 0 99 0 0 19.9333
1 1 97.5 12 0 -1 4 0 0 0 99 0 0 3.88624
1 1 97.5 12 0 -1 4 0 0 0 99 0 0 4.40389
1 2 97.5 1 0 -1 4 0 0 0 99 0 0 7.25095
1 2 97.5 1 0 -1 4 0 0 0 99 0 0 2.85095
1 2 97.5 2 0 -1 4 0 0 0 99 0 0 8.28624
1 2 97.5 3 0 -1 4 0 0 0 99 0 0 3.62742
1 2 97.5 4 0 -1 4 0 0 0 99 0 0 3.62742
t 1 97.5 -3 1 1 0 0 0 0 -2
_00Tenore
1 1 97.5 6 0 0 4 0 0 -2
1 2 97.5 4 0 0 4 0 0 -2
1 1 97.5 111 0 1 4 0 0 -1.66
1 1 133.75 6 0 -1 4 0 0 0 99 0 0 2.76257
1 1 133.75 7 0 -1 4 0 0 0 99 0 0 7.91379
1 1 133.75 8 0 -1 4 0 0 0 99 0 0 8.77232
1 1 133.75 9 0 -1 4 0 0 0 99 0 0 12.6357
1 1 133.75 10 0 -1 4 0 0 0 99 0 0 10.0601
1 1 133.75 11 0 -1 4 0 0 0 99 0 0 2.76257
1 1 133.75 11 0 -1 4 0 0 0 99 0 0 19.9333
1 1 133.75 12 0 -1 4 0 0 0 99 0 0 3.19184
1 1 133.75 12 0 -1 4 0 0 0 99 0 0 7.05525
1 2 133.75 1 0 -1 4 0 0 0 99 0 0 15.6406
1 2 133.75 1 0 -1 4 0 0 0 99 0 0 3.6211
1 2 133.75 2 0 -1 4 0 0 0 99 0 0 16.9284
1 2 133.75 3 0 -1 4 0 0 0 99 0 0 15.2113
1 2 133.75 4 0 -1 4 0 0 0 99 0 0 7.91379
t 1 133.75 -3 1 1 0 0 0 0 -2
_00Quinto
1 1 133.75 6 0 0 4 0 0 -2
1 2 133.75 4 0 0 4 0 0 -2
1 1 133.75 112 0 1 4 0 0 -1.66
1 1 170 2 0 -1 4 0 0 0 99 0 0 4.0933
1 1 170 3 0 -1 4 0 0 0 99 0 0 4.0933
1 1 170 4 0 -1 4 0 0 0 99 0 0 10.7813
1 1 170 5 0 -1 4 0 0 0 99 0 0 2.6853
1 1 170 5 0 -1 4 0 0 0 99 0 0 4.4453
1 1 170 6 0 -1 4 0 0 0 99 0 0 7.2613
1 1 170 6 0 -1 4 0 0 0 99 0 0 3.3893
1 1 170 7 0 -1 4 0 0 0 99 0 0 19.9333
1 1 170 8 0 -1 4 0 0 0 99 0 0 7.6133
1 1 170 9 0 -1 4 0 0 0 99 0 0 6.2053
1 1 170 10 0 -1 4 0 0 0 99 0 0 3.0373
1 1 170 11 0 -1 4 0 0 0 99 0 0 2.6853
1 1 170 11 0 -1 4 0 0 0 99 0 0 4.7973
t 1 170 -3 1 1 0 0 0 0 -2
_00Basso
1 1 170 2 0 0 4 0 0 -2
1 1 170 11 0 0 4 0 0 -2
1 1 170 107 0 1 4 0 0 -1.66
