#define SVG t 1 1 \n_99%svg%
t 2 10 14 1 1 0 0 0 0 -1.35
_00
8 1 0 0 0 200
8 2 0 -6 0 200
14 1 0 2
14 1 200 2
14 1 0 2 8
3 2 2
3 1 2 0 1
1 1 170 10 0 -1 4 0 0 0 99 0 0 10.4
1 1 170 11 0 -1 4 0 0 0 99 0 0 8.19997
1 1 170 12 0 -1 4 0 0 0 99 0 0 13.3333
1 2 170 1 0 -1 4 0 0 0 99 0 0 16.2666
1 2 170 1 0 -1 4 0 0 0 99 0 0 5.26663
1 2 170 2 0 -1 4 0 0 0 99 0 0 19.9333
1 2 170 3 0 -1 4 0 0 0 99 0 0 7.46663
1 2 170 4 0 -1 4 0 0 0 99 0 0 6.7333
1 2 170 4 0 -1 4 0 0 0 99 0 0 3.06663
1 2 170 5 0 -1 4 0 0 0 99 0 0 13.3333
1 2 170 6 0 -1 4 0 0 0 99 0 0 6.7333
t 1 170 -3 1 1 0 0 0 0 -2
_00Tenore
1 1 170 10 0 0 4 0 0 -2
1 2 170 6 0 0 4 0 0 -2
1 2 170 102 0 1 4 0 0 -1.66
