#define SVG t 1 1 \n_99%svg%
t 2 10 14 1 1 0 0 0 0 -1.35
_00
8 1 0 0 0 200
8 2 0 -6 0 200
14 1 0 2
14 1 200 2
14 1 0 2 8
3 2 2
3 1 2 0 1
1 2 25 4 0 -1 4 0 0 0 99 0 0 2.64207
1 2 25 5 0 -1 4 0 0 0 99 0 0 4.4947
1 2 25 6 0 -1 4 0 0 0 99 0 0 2.95084
1 2 25 6 0 -1 4 0 0 0 99 0 0 17.4631
1 2 25 7 0 -1 4 0 0 0 99 0 0 2.64207
1 2 25 7 0 -1 4 0 0 0 99 0 0 14.0666
1 2 25 8 0 -1 4 0 0 0 99 0 0 16.228
1 2 25 8 0 -1 4 0 0 0 99 0 0 8.50874
1 2 25 9 0 -1 4 0 0 0 99 0 0 19.9333
1 2 25 10 0 -1 4 0 0 0 99 0 0 16.8456
1 2 25 11 0 -1 4 0 0 0 99 0 0 8.81751
1 2 25 12 0 -1 4 0 0 0 99 0 0 3.25962
t 1 25 -3 1 1 0 0 0 0 -2
_00Canto
1 2 25 4 0 0 4 0 0 -2
1 2 25 12 0 0 4 0 0 -2
1 2 25 108 0 1 4 0 0 -1.66
1 2 61.25 4 0 -1 4 0 0 0 99 0 0 2.63675
1 2 61.25 5 0 -1 4 0 0 0 99 0 0 3.54709
1 2 61.25 6 0 -1 4 0 0 0 99 0 0 2.63675
1 2 61.25 6 0 -1 4 0 0 0 99 0 0 19.9333
1 2 61.25 7 0 -1 4 0 0 0 99 0 0 9.00916
1 2 61.25 8 0 -1 4 0 0 0 99 0 0 15.3816
1 2 61.25 8 0 -1 4 0 0 0 99 0 0 5.67123
1 2 61.25 9 0 -1 4 0 0 0 99 0 0 16.5954
1 2 61.25 10 0 -1 4 0 0 0 99 0 0 19.6299
1 2 61.25 11 0 -1 4 0 0 0 99 0 0 10.5264
1 2 61.25 11 0 -1 4 0 0 0 99 0 0 2.63675
1 2 61.25 12 0 -1 4 0 0 0 99 0 0 5.67123
1 2 61.25 13 0 -1 4 0 0 0 99 0 0 2.9402
t 1 61.25 -3 1 1 0 0 0 0 -2
_00Quinto
1 2 61.25 4 0 0 4 0 0 -2
1 2 61.25 13 0 0 4 0 0 -2
1 2 61.25 109 0 1 4 0 0 -1.66
1 1 97.5 11 0 -1 4 0 0 0 99 0 0 2.94725
1 1 97.5 12 0 -1 4 0 0 0 99 0 0 3.1519
1 2 97.5 1 0 -1 4 0 0 0 99 0 0 3.35656
1 2 97.5 2 0 -1 4 0 0 0 99 0 0 8.06353
1 2 97.5 3 0 -1 4 0 0 0 99 0 0 12.7705
1 2 97.5 4 0 -1 4 0 0 0 99 0 0 10.724
1 2 97.5 4 0 -1 4 0 0 0 99 0 0 4.99377
1 2 97.5 5 0 -1 4 0 0 0 99 0 0 12.3612
1 2 97.5 6 0 -1 4 0 0 0 99 0 0 3.97051
1 2 97.5 6 0 -1 4 0 0 0 99 0 0 19.9333
1 2 97.5 7 0 -1 4 0 0 0 99 0 0 2.94725
1 2 97.5 8 0 -1 4 0 0 0 99 0 0 2.94725
1 2 97.5 9 0 -1 4 0 0 0 99 0 0 2.53795
t 1 97.5 -3 1 1 0 0 0 0 -2
_00Alto
1 1 97.5 11 0 0 4 0 0 -2
1 2 97.5 9 0 0 4 0 0 -2
1 2 97.5 105 0 1 4 0 0 -1.66
1 1 133.75 10 0 -1 4 0 0 0 99 0 0 4.28886
1 1 133.75 11 0 -1 4 0 0 0 99 0 0 19.2814
1 1 133.75 12 0 -1 4 0 0 0 99 0 0 8.52589
1 2 133.75 1 0 -1 4 0 0 0 99 0 0 15.6963
1 2 133.75 1 0 -1 4 0 0 0 99 0 0 5.59256
1 2 133.75 2 0 -1 4 0 0 0 99 0 0 19.9333
1 2 133.75 3 0 -1 4 0 0 0 99 0 0 17.3259
1 2 133.75 4 0 -1 4 0 0 0 99 0 0 8.85182
1 2 133.75 4 0 -1 4 0 0 0 99 0 0 2.98515
1 2 133.75 5 0 -1 4 0 0 0 99 0 0 5.59256
1 2 133.75 6 0 -1 4 0 0 0 99 0 0 3.31108
t 1 133.75 -3 1 1 0 0 0 0 -2
_00Tenore
1 1 133.75 10 0 0 4 0 0 -2
1 2 133.75 6 0 0 4 0 0 -2
1 2 133.75 102 0 1 4 0 0 -1.66
1 1 170 4 0 -1 4 0 0 0 99 0 0 3.79997
1 1 170 6 0 -1 4 0 0 0 99 0 0 2.69997
1 1 170 6 0 -1 4 0 0 0 99 0 0 3.06663
1 1 170 7 0 -1 4 0 0 0 99 0 0 17.7333
1 1 170 8 0 -1 4 0 0 0 99 0 0 7.09997
1 1 170 9 0 -1 4 0 0 0 99 0 0 13.3333
1 1 170 9 0 -1 4 0 0 0 99 0 0 3.4333
1 1 170 10 0 -1 4 0 0 0 99 0 0 11.1333
1 1 170 11 0 -1 4 0 0 0 99 0 0 19.9333
1 1 170 12 0 -1 4 0 0 0 99 0 0 3.06663
1 1 170 12 0 -1 4 0 0 0 99 0 0 3.79997
1 2 170 1 0 -1 4 0 0 0 99 0 0 5.99997
1 2 170 1 0 -1 4 0 0 0 99 0 0 3.4333
1 2 170 2 0 -1 4 0 0 0 99 0 0 4.89997
t 1 170 -3 1 1 0 0 0 0 -2
_00Basso
1 1 170 4 0 0 4 0 0 -2
1 2 170 2 0 0 4 0 0 -2
1 1 170 110 0 1 4 0 0 -1.66
