#define SVG t 1 1 \n_99%svg%
t 2 10 14 1 1 0 0 0 0 -1.35
_00
8 1 0 0 0 200
8 2 0 -6 0 200
14 1 0 2
14 1 200 2
14 1 0 2 8
3 2 2
3 1 2 0 1
1 1 25 9 0 -1 4 0 0 0 99 0 0 2.91997
1 1 25 10 0 -1 4 0 0 0 99 0 0 2.91997
1 1 25 11 0 -1 4 0 0 0 99 0 0 6.43997
1 1 25 12 0 -1 4 0 0 0 99 0 0 7.6133
1 1 25 12 0 -1 4 0 0 0 99 0 0 2.91997
1 2 25 1 0 -1 4 0 0 0 99 0 0 8.78663
1 2 25 1 0 -1 4 0 0 0 99 0 0 3.50663
1 2 25 2 0 -1 4 0 0 0 99 0 0 19.9333
1 2 25 3 0 -1 4 0 0 0 99 0 0 3.50663
1 2 25 3 0 -1 4 0 0 0 99 0 0 8.78663
1 2 25 4 0 -1 4 0 0 0 99 0 0 11.1333
1 2 25 4 0 -1 4 0 0 0 99 0 0 5.8533
1 2 25 5 0 -1 4 0 0 0 99 0 0 14.6533
1 2 25 6 0 -1 4 0 0 0 99 0 0 3.50663
t 1 25 -3 1 1 0 0 0 0 -2
_00Alto
1 1 25 9 0 0 4 0 0 -2
1 2 25 6 0 0 4 0 0 -2
1 2 25 102 0 1 4 0 0 -1.66
1 1 97.5 10 0 -1 4 0 0 0 99 0 0 6.06663
1 1 97.5 11 0 -1 4 0 0 0 99 0 0 4.46663
1 1 97.5 12 0 -1 4 0 0 0 99 0 0 4.99997
1 2 97.5 1 0 -1 4 0 0 0 99 0 0 9.26663
1 2 97.5 1 0 -1 4 0 0 0 99 0 0 3.9333
1 2 97.5 2 0 -1 4 0 0 0 99 0 0 19.9333
1 2 97.5 3 0 -1 4 0 0 0 99 0 0 3.9333
1 2 97.5 3 0 -1 4 0 0 0 99 0 0 10.8666
1 2 97.5 4 0 -1 4 0 0 0 99 0 0 9.26663
1 2 97.5 4 0 -1 4 0 0 0 99 0 0 5.5333
1 2 97.5 5 0 -1 4 0 0 0 99 0 0 5.5333
t 1 97.5 -3 1 1 0 0 0 0 -2
_00Quinto
1 1 97.5 10 0 0 4 0 0 -2
1 2 97.5 5 0 0 4 0 0 -2
1 2 97.5 102 0 1 4 0 0 -1.66
1 1 170 6 0 -1 4 0 0 0 99 0 0 3.09852
1 1 170 7 0 -1 4 0 0 0 99 0 0 6.9246
1 1 170 9 0 -1 4 0 0 0 99 0 0 6.15939
1 1 170 9 0 -1 4 0 0 0 99 0 0 3.09852
1 1 170 10 0 -1 4 0 0 0 99 0 0 19.9333
1 1 170 11 0 -1 4 0 0 0 99 0 0 18.4029
1 1 170 12 0 -1 4 0 0 0 99 0 0 15.342
1 1 170 12 0 -1 4 0 0 0 99 0 0 3.86373
1 2 170 1 0 -1 4 0 0 0 99 0 0 11.5159
1 2 170 1 0 -1 4 0 0 0 99 0 0 3.86373
1 2 170 2 0 -1 4 0 0 0 99 0 0 13.8116
1 2 170 3 0 -1 4 0 0 0 99 0 0 3.09852
1 2 170 3 0 -1 4 0 0 0 99 0 0 3.09852
t 1 170 -3 1 1 0 0 0 0 -2
_00Tenore
1 1 170 6 0 0 4 0 0 -2
1 2 170 3 0 0 4 0 0 -2
1 1 170 111 0 1 4 0 0 -1.66
