#define SVG t 1 1 \n_99%svg%
t 2 10 14 1 1 0 0 0 0 -1.35
_00
8 1 0 0 0 200
8 2 0 -6 0 200
14 1 0 2
14 1 200 2
14 1 0 2 8
3 2 2
3 1 2 0 1
1 2 25 4 0 -1 4 0 0 0 99 0 0 5.4133
1 2 25 4 0 -1 4 0 0 0 99 0 0 2.7733
1 2 25 5 0 -1 4 0 0 0 99 0 0 9.3733
1 2 25 6 0 -1 4 0 0 0 99 0 0 14.2133
1 2 25 7 0 -1 4 0 0 0 99 0 0 9.3733
1 2 25 7 0 -1 4 0 0 0 99 0 0 3.6533
1 2 25 8 0 -1 4 0 0 0 99 0 0 12.4533
1 2 25 8 0 -1 4 0 0 0 99 0 0 3.2133
1 2 25 9 0 -1 4 0 0 0 99 0 0 19.9333
1 2 25 10 0 -1 4 0 0 0 99 0 0 4.5333
1 2 25 10 0 -1 4 0 0 0 99 0 0 5.8533
1 2 25 11 0 -1 4 0 0 0 99 0 0 7.1733
1 2 25 12 0 -1 4 0 0 0 99 0 0 3.2133
t 1 25 -3 1 1 0 0 0 0 -2
_00Canto
1 2 25 4 0 0 4 0 0 -2
1 2 25 12 0 0 4 0 0 -2
1 2 25 108 0 1 4 0 0 -1.66
1 2 97.5 1 0 -1 4 0 0 0 99 0 0 3.31108
1 2 97.5 2 0 -1 4 0 0 0 99 0 0 7.87404
1 2 97.5 3 0 -1 4 0 0 0 99 0 0 7.54811
1 2 97.5 4 0 -1 4 0 0 0 99 0 0 11.1333
1 2 97.5 4 0 -1 4 0 0 0 99 0 0 6.89626
1 2 97.5 5 0 -1 4 0 0 0 99 0 0 19.9333
1 2 97.5 6 0 -1 4 0 0 0 99 0 0 13.7407
1 2 97.5 7 0 -1 4 0 0 0 99 0 0 9.50367
1 2 97.5 8 0 -1 4 0 0 0 99 0 0 4.28886
1 2 97.5 9 0 -1 4 0 0 0 99 0 0 2.98515
t 1 97.5 -3 1 1 0 0 0 0 -2
_00Tenore
1 2 97.5 1 0 0 4 0 0 -2
1 2 97.5 9 0 0 4 0 0 -2
1 2 97.5 105 0 1 4 0 0 -1.66
1 1 170 7 0 -1 4 0 0 0 99 0 0 5.6333
1 1 170 9 0 -1 4 0 0 0 99 0 0 7.8333
1 1 170 10 0 -1 4 0 0 0 99 0 0 14.4333
1 1 170 11 0 -1 4 0 0 0 99 0 0 8.9333
1 1 170 12 0 -1 4 0 0 0 99 0 0 17.1833
1 1 170 12 0 -1 4 0 0 0 99 0 0 3.4333
1 2 170 1 0 -1 4 0 0 0 99 0 0 16.0833
1 2 170 2 0 -1 4 0 0 0 99 0 0 19.9333
1 2 170 3 0 -1 4 0 0 0 99 0 0 5.6333
1 2 170 4 0 -1 4 0 0 0 99 0 0 5.6333
t 1 170 -3 1 1 0 0 0 0 -2
_00Basso
1 1 170 7 0 0 4 0 0 -2
1 2 170 4 0 0 4 0 0 -2
1 1 170 112 0 1 4 0 0 -1.66
