#define SVG t 1 1 \n_99%svg%
t 2 10 14 1 1 0 0 0 0 -1.35
_00
8 1 0 0 0 200
8 2 0 -6 0 200
14 1 0 2
14 1 200 2
14 1 0 2 8
3 2 2
3 1 2 0 1
1 1 25 11 0 -1 4 0 0 0 99 0 0 2.80898
1 1 25 12 0 -1 4 0 0 0 99 0 0 2.80898
1 2 25 1 0 -1 4 0 0 0 99 0 0 3.28465
1 2 25 1 0 -1 4 0 0 0 99 0 0 4.236
1 2 25 2 0 -1 4 0 0 0 99 0 0 9.94411
1 2 25 3 0 -1 4 0 0 0 99 0 0 3.28465
1 2 25 3 0 -1 4 0 0 0 99 0 0 6.61438
1 2 25 4 0 -1 4 0 0 0 99 0 0 14.2252
1 2 25 4 0 -1 4 0 0 0 99 0 0 4.236
1 2 25 5 0 -1 4 0 0 0 99 0 0 13.7495
1 2 25 6 0 -1 4 0 0 0 99 0 0 18.0306
1 2 25 7 0 -1 4 0 0 0 99 0 0 18.0306
1 2 25 7 0 -1 4 0 0 0 99 0 0 3.28465
1 2 25 8 0 -1 4 0 0 0 99 0 0 11.8468
1 2 25 8 0 -1 4 0 0 0 99 0 0 3.28465
1 2 25 9 0 -1 4 0 0 0 99 0 0 19.9333
1 2 25 10 0 -1 4 0 0 0 99 0 0 3.28465
1 2 25 10 0 -1 4 0 0 0 99 0 0 3.28465
1 2 25 11 0 -1 4 0 0 0 99 0 0 2.80898
t 1 25 -3 1 1 0 0 0 0 -2
_00Canto
1 1 25 11 0 0 4 0 0 -2
1 2 25 11 0 0 4 0 0 -2
1 2 25 106 0 1 4 0 0 -1.66
1 2 61.25 1 0 -1 4 0 0 0 99 0 0 2.79646
1 2 61.25 2 0 -1 4 0 0 0 99 0 0 9.74383
1 2 61.25 3 0 -1 4 0 0 0 99 0 0 6.96488
1 2 61.25 4 0 -1 4 0 0 0 99 0 0 12.5228
1 2 61.25 4 0 -1 4 0 0 0 99 0 0 5.11225
1 2 61.25 5 0 -1 4 0 0 0 99 0 0 15.7649
1 2 61.25 6 0 -1 4 0 0 0 99 0 0 19.9333
1 2 61.25 7 0 -1 4 0 0 0 99 0 0 17.1544
1 2 61.25 7 0 -1 4 0 0 0 99 0 0 3.25962
1 2 61.25 8 0 -1 4 0 0 0 99 0 0 11.5965
1 2 61.25 8 0 -1 4 0 0 0 99 0 0 3.25962
1 2 61.25 9 0 -1 4 0 0 0 99 0 0 17.1544
t 1 61.25 -3 1 1 0 0 0 0 -2
_00Quinto
1 2 61.25 1 0 0 4 0 0 -2
1 2 61.25 9 0 0 4 0 0 -2
1 2 61.25 106 0 1 4 0 0 -1.66
1 1 97.5 8 0 -1 4 0 0 0 99 0 0 2.64207
1 1 97.5 9 0 -1 4 0 0 0 99 0 0 3.25962
1 1 97.5 9 0 -1 4 0 0 0 99 0 0 2.95084
1 1 97.5 10 0 -1 4 0 0 0 99 0 0 4.80348
1 1 97.5 11 0 -1 4 0 0 0 99 0 0 5.72979
1 1 97.5 12 0 -1 4 0 0 0 99 0 0 9.43505
1 2 97.5 1 0 -1 4 0 0 0 99 0 0 8.50874
1 2 97.5 2 0 -1 4 0 0 0 99 0 0 19.9333
1 2 97.5 3 0 -1 4 0 0 0 99 0 0 3.56839
1 2 97.5 3 0 -1 4 0 0 0 99 0 0 6.96488
1 2 97.5 4 0 -1 4 0 0 0 99 0 0 12.8315
1 2 97.5 5 0 -1 4 0 0 0 99 0 0 8.50874
1 2 97.5 6 0 -1 4 0 0 0 99 0 0 6.34734
1 2 97.5 7 0 -1 4 0 0 0 99 0 0 2.95084
t 1 97.5 -3 1 1 0 0 0 0 -2
_00Alto
1 1 97.5 8 0 0 4 0 0 -2
1 2 97.5 7 0 0 4 0 0 -2
1 2 97.5 102 0 1 4 0 0 -1.66
1 1 133.75 7 0 -1 4 0 0 0 99 0 0 8.19997
1 1 133.75 8 0 -1 4 0 0 0 99 0 0 5.26663
1 1 133.75 9 0 -1 4 0 0 0 99 0 0 8.19997
1 1 133.75 10 0 -1 4 0 0 0 99 0 0 13.5777
1 1 133.75 11 0 -1 4 0 0 0 99 0 0 19.9333
1 1 133.75 12 0 -1 4 0 0 0 99 0 0 18.9555
1 2 133.75 1 0 -1 4 0 0 0 99 0 0 7.22219
1 2 133.75 2 0 -1 4 0 0 0 99 0 0 13.0889
1 2 133.75 3 0 -1 4 0 0 0 99 0 0 2.82219
1 2 133.75 3 0 -1 4 0 0 0 99 0 0 3.31108
1 2 133.75 4 0 -1 4 0 0 0 99 0 0 3.79997
t 1 133.75 -3 1 1 0 0 0 0 -2
_00Tenore
1 1 133.75 7 0 0 4 0 0 -2
1 2 133.75 4 0 0 4 0 0 -2
1 1 133.75 111 0 1 4 0 0 -1.66
1 1 170 2 0 -1 4 0 0 0 99 0 0 3.09852
1 1 170 3 0 -1 4 0 0 0 99 0 0 6.9246
1 1 170 4 0 -1 4 0 0 0 99 0 0 9.22026
1 1 170 5 0 -1 4 0 0 0 99 0 0 12.2811
1 1 170 6 0 -1 4 0 0 0 99 0 0 9.22026
1 1 170 6 0 -1 4 0 0 0 99 0 0 3.09852
1 1 170 7 0 -1 4 0 0 0 99 0 0 19.9333
1 1 170 8 0 -1 4 0 0 0 99 0 0 6.9246
1 1 170 8 0 -1 4 0 0 0 99 0 0 4.62895
1 1 170 9 0 -1 4 0 0 0 99 0 0 9.98547
1 1 170 9 0 -1 4 0 0 0 99 0 0 3.09852
1 1 170 10 0 -1 4 0 0 0 99 0 0 17.6376
1 1 170 11 0 -1 4 0 0 0 99 0 0 5.39417
1 1 170 12 0 -1 4 0 0 0 99 0 0 7.68982
t 1 170 -3 1 1 0 0 0 0 -2
_00Basso
1 1 170 2 0 0 4 0 0 -2
1 1 170 12 0 0 4 0 0 -2
1 1 170 107 0 1 4 0 0 -1.66
