#define SVG t 1 1 \n_99%svg%
t 2 10 14 1 1 0 0 0 0 -1.35
_00
8 1 0 0 0 200
8 2 0 -6 0 200
14 1 0 2
14 1 200 2
14 1 0 2 8
3 2 2
3 1 2 0 1
1 2 25 4 0 -1 4 0 0 0 99 0 0 2.76257
1 2 25 4 0 -1 4 0 0 0 99 0 0 2.76257
1 2 25 5 0 -1 4 0 0 0 99 0 0 7.91379
1 2 25 6 0 -1 4 0 0 0 99 0 0 10.9187
1 2 25 7 0 -1 4 0 0 0 99 0 0 14.3528
1 2 25 7 0 -1 4 0 0 0 99 0 0 3.6211
1 2 25 8 0 -1 4 0 0 0 99 0 0 15.6406
1 2 25 8 0 -1 4 0 0 0 99 0 0 4.05037
1 2 25 9 0 -1 4 0 0 0 99 0 0 19.9333
1 2 25 10 0 -1 4 0 0 0 99 0 0 3.6211
1 2 25 10 0 -1 4 0 0 0 99 0 0 11.3479
1 2 25 11 0 -1 4 0 0 0 99 0 0 14.7821
1 2 25 11 0 -1 4 0 0 0 99 0 0 3.19184
1 2 25 12 0 -1 4 0 0 0 99 0 0 11.3479
1 2 25 13 0 -1 4 0 0 0 99 0 0 4.47964
t 1 25 -3 1 1 0 0 0 0 -2
_00Canto
1 2 25 4 0 0 4 0 0 -2
1 2 25 13 0 0 4 0 0 -2
1 2 25 109 0 1 4 0 0 -1.66
1 2 54 3 0 -1 4 0 0 0 99 0 0 3.1714
1 2 54 4 0 -1 4 0 0 0 99 0 0 3.59044
1 2 54 4 0 -1 4 0 0 0 99 0 0 3.59044
1 2 54 5 0 -1 4 0 0 0 99 0 0 9.03806
1 2 54 6 0 -1 4 0 0 0 99 0 0 11.9714
1 2 54 7 0 -1 4 0 0 0 99 0 0 12.8095
1 2 54 7 0 -1 4 0 0 0 99 0 0 3.59044
1 2 54 8 0 -1 4 0 0 0 99 0 0 14.9047
1 2 54 8 0 -1 4 0 0 0 99 0 0 2.75235
1 2 54 9 0 -1 4 0 0 0 99 0 0 19.9333
1 2 54 10 0 -1 4 0 0 0 99 0 0 3.59044
1 2 54 10 0 -1 4 0 0 0 99 0 0 12.8095
1 2 54 11 0 -1 4 0 0 0 99 0 0 11.9714
1 2 54 11 0 -1 4 0 0 0 99 0 0 4.00949
1 2 54 12 0 -1 4 0 0 0 99 0 0 8.61901
1 2 54 13 0 -1 4 0 0 0 99 0 0 3.1714
t 1 54 -3 1 1 0 0 0 0 -2
_00Quinto
1 2 54 3 0 0 4 0 0 -2
1 2 54 13 0 0 4 0 0 -2
1 2 54 109 0 1 4 0 0 -1.66
1 1 83 10 0 -1 4 0 0 0 99 0 0 3.0373
1 1 83 11 0 -1 4 0 0 0 99 0 0 4.4453
1 1 83 12 0 -1 4 0 0 0 99 0 0 3.7413
1 1 83 12 0 -1 4 0 0 0 99 0 0 3.7413
1 2 83 1 0 -1 4 0 0 0 99 0 0 9.3733
1 2 83 2 0 -1 4 0 0 0 99 0 0 17.1173
1 2 83 3 0 -1 4 0 0 0 99 0 0 3.7413
1 2 83 3 0 -1 4 0 0 0 99 0 0 11.4853
1 2 83 4 0 -1 4 0 0 0 99 0 0 15.0053
1 2 83 4 0 -1 4 0 0 0 99 0 0 3.0373
1 2 83 5 0 -1 4 0 0 0 99 0 0 19.9333
1 2 83 6 0 -1 4 0 0 0 99 0 0 15.0053
1 2 83 7 0 -1 4 0 0 0 99 0 0 9.3733
1 2 83 7 0 -1 4 0 0 0 99 0 0 3.7413
1 2 83 8 0 -1 4 0 0 0 99 0 0 7.9653
t 1 83 -3 1 1 0 0 0 0 -2
_00Alto
1 1 83 10 0 0 4 0 0 -2
1 2 83 8 0 0 4 0 0 -2
1 2 83 104 0 1 4 0 0 -1.66
1 1 112 12 0 -1 4 0 0 0 99 0 0 2.90104
1 2 112 1 0 -1 4 0 0 0 99 0 0 4.60427
1 2 112 2 0 -1 4 0 0 0 99 0 0 8.57846
1 2 112 3 0 -1 4 0 0 0 99 0 0 5.17201
1 2 112 3 0 -1 4 0 0 0 99 0 0 6.87524
1 2 112 4 0 -1 4 0 0 0 99 0 0 15.3914
1 2 112 4 0 -1 4 0 0 0 99 0 0 4.60427
1 2 112 5 0 -1 4 0 0 0 99 0 0 19.9333
1 2 112 6 0 -1 4 0 0 0 99 0 0 14.2559
1 2 112 7 0 -1 4 0 0 0 99 0 0 11.9849
1 2 112 7 0 -1 4 0 0 0 99 0 0 5.17201
1 2 112 8 0 -1 4 0 0 0 99 0 0 13.1204
1 2 112 8 0 -1 4 0 0 0 99 0 0 4.03653
1 2 112 9 0 -1 4 0 0 0 99 0 0 10.2817
t 1 112 -3 1 1 0 0 0 0 -2
_00Sesto
1 1 112 12 0 0 4 0 0 -2
1 2 112 9 0 0 4 0 0 -2
1 2 112 105 0 1 4 0 0 -1.66
1 1 141 9 0 -1 4 0 0 0 99 0 0 3.9333
1 1 141 10 0 -1 4 0 0 0 99 0 0 7.9333
1 1 141 11 0 -1 4 0 0 0 99 0 0 9.5333
1 1 141 12 0 -1 4 0 0 0 99 0 0 10.3333
1 2 141 1 0 -1 4 0 0 0 99 0 0 15.9333
1 2 141 2 0 -1 4 0 0 0 99 0 0 19.9333
1 2 141 3 0 -1 4 0 0 0 99 0 0 3.1333
1 2 141 3 0 -1 4 0 0 0 99 0 0 11.9333
1 2 141 4 0 -1 4 0 0 0 99 0 0 15.9333
1 2 141 5 0 -1 4 0 0 0 99 0 0 12.7333
1 2 141 6 0 -1 4 0 0 0 99 0 0 7.1333
t 1 141 -3 1 1 0 0 0 0 -2
_00Tenore
1 1 141 9 0 0 4 0 0 -2
1 2 141 6 0 0 4 0 0 -2
1 2 141 102 0 1 4 0 0 -1.66
1 1 170 3 0 -1 4 0 0 0 99 0 0 4.00949
1 1 170 4 0 -1 4 0 0 0 99 0 0 4.00949
1 1 170 5 0 -1 4 0 0 0 99 0 0 10.7143
1 1 170 6 0 -1 4 0 0 0 99 0 0 13.2285
1 1 170 7 0 -1 4 0 0 0 99 0 0 11.5523
1 1 170 8 0 -1 4 0 0 0 99 0 0 4.00949
1 1 170 8 0 -1 4 0 0 0 99 0 0 6.52378
1 1 170 9 0 -1 4 0 0 0 99 0 0 14.9047
1 1 170 10 0 -1 4 0 0 0 99 0 0 19.9333
1 1 170 11 0 -1 4 0 0 0 99 0 0 12.3904
1 1 170 12 0 -1 4 0 0 0 99 0 0 14.9047
1 2 170 1 0 -1 4 0 0 0 99 0 0 10.7143
1 2 170 2 0 -1 4 0 0 0 99 0 0 4.84759
t 1 170 -3 1 1 0 0 0 0 -2
_00Basso
1 1 170 3 0 0 4 0 0 -2
1 2 170 2 0 0 4 0 0 -2
1 1 170 110 0 1 4 0 0 -1.66
