#define SVG t 1 1 \n_99%svg%
t 2 10 14 1 1 0 0 0 0 -1.35
_00
8 1 0 0 0 200
8 2 0 -6 0 200
14 1 0 2
14 1 200 2
14 1 0 2 8
3 2 2
3 1 2 0 1
1 2 25 4 0 -1 4 0 0 0 99 0 0 3.70473
1 2 25 5 0 -1 4 0 0 0 99 0 0 6.67616
1 2 25 6 0 -1 4 0 0 0 99 0 0 11.7047
1 2 25 7 0 -1 4 0 0 0 99 0 0 7.36187
1 2 25 7 0 -1 4 0 0 0 99 0 0 3.47616
1 2 25 8 0 -1 4 0 0 0 99 0 0 19.9333
1 2 25 9 0 -1 4 0 0 0 99 0 0 11.4762
1 2 25 10 0 -1 4 0 0 0 99 0 0 2.56187
1 2 25 10 0 -1 4 0 0 0 99 0 0 8.96187
1 2 25 11 0 -1 4 0 0 0 99 0 0 11.4762
1 2 25 12 0 -1 4 0 0 0 99 0 0 4.16187
t 1 25 -3 1 1 0 0 0 0 -2
_00Canto
1 2 25 4 0 0 4 0 0 -2
1 2 25 12 0 0 4 0 0 -2
1 2 25 108 0 1 4 0 0 -1.66
1 2 61.25 4 0 -1 4 0 0 0 99 0 0 3.9833
1 2 61.25 5 0 -1 4 0 0 0 99 0 0 7.0083
1 2 61.25 6 0 -1 4 0 0 0 99 0 0 13.0583
1 2 61.25 7 0 -1 4 0 0 0 99 0 0 6.4583
1 2 61.25 7 0 -1 4 0 0 0 99 0 0 4.2583
1 2 61.25 8 0 -1 4 0 0 0 99 0 0 19.9333
1 2 61.25 9 0 -1 4 0 0 0 99 0 0 12.7833
1 2 61.25 10 0 -1 4 0 0 0 99 0 0 15.8083
1 2 61.25 11 0 -1 4 0 0 0 99 0 0 18.2833
1 2 61.25 11 0 -1 4 0 0 0 99 0 0 2.6083
1 2 61.25 12 0 -1 4 0 0 0 99 0 0 8.3833
1 2 61.25 13 0 -1 4 0 0 0 99 0 0 3.4333
t 1 61.25 -3 1 1 0 0 0 0 -2
_00Quinto
1 2 61.25 4 0 0 4 0 0 -2
1 2 61.25 13 0 0 4 0 0 -2
1 2 61.25 109 0 1 4 0 0 -1.66
1 1 97.5 11 0 -1 4 0 0 0 99 0 0 2.56488
1 1 97.5 12 0 -1 4 0 0 0 99 0 0 2.56488
1 2 97.5 1 0 -1 4 0 0 0 99 0 0 6.03856
1 2 97.5 2 0 -1 4 0 0 0 99 0 0 5.57541
1 2 97.5 3 0 -1 4 0 0 0 99 0 0 2.56488
1 2 97.5 3 0 -1 4 0 0 0 99 0 0 9.74383
1 2 97.5 4 0 -1 4 0 0 0 99 0 0 17.1544
1 2 97.5 4 0 -1 4 0 0 0 99 0 0 3.49119
1 2 97.5 5 0 -1 4 0 0 0 99 0 0 17.8491
1 2 97.5 6 0 -1 4 0 0 0 99 0 0 19.9333
1 2 97.5 7 0 -1 4 0 0 0 99 0 0 7.89119
1 2 97.5 7 0 -1 4 0 0 0 99 0 0 3.02804
1 2 97.5 8 0 -1 4 0 0 0 99 0 0 7.42804
1 2 97.5 9 0 -1 4 0 0 0 99 0 0 2.79646
t 1 97.5 -3 1 1 0 0 0 0 -2
_00Alto
1 1 97.5 11 0 0 4 0 0 -2
1 2 97.5 9 0 0 4 0 0 -2
1 2 97.5 105 0 1 4 0 0 -1.66
1 1 133.75 9 0 -1 4 0 0 0 99 0 0 4.26207
1 1 133.75 10 0 -1 4 0 0 0 99 0 0 3.77988
1 1 133.75 11 0 -1 4 0 0 0 99 0 0 5.94974
1 1 133.75 12 0 -1 4 0 0 0 99 0 0 6.67303
1 1 133.75 12 0 -1 4 0 0 0 99 0 0 2.5744
1 2 133.75 1 0 -1 4 0 0 0 99 0 0 19.9333
1 2 133.75 2 0 -1 4 0 0 0 99 0 0 15.1114
1 2 133.75 3 0 -1 4 0 0 0 99 0 0 3.05659
1 2 133.75 3 0 -1 4 0 0 0 99 0 0 11.2538
1 2 133.75 4 0 -1 4 0 0 0 99 0 0 16.3169
1 2 133.75 5 0 -1 4 0 0 0 99 0 0 8.1196
1 2 133.75 6 0 -1 4 0 0 0 99 0 0 3.77988
t 1 133.75 -3 1 1 0 0 0 0 -2
_00Tenore
1 1 133.75 9 0 0 4 0 0 -2
1 2 133.75 6 0 0 4 0 0 -2
1 2 133.75 102 0 1 4 0 0 -1.66
1 1 170 5 0 -1 4 0 0 0 99 0 0 3.86373
1 1 170 6 0 -1 4 0 0 0 99 0 0 7.30721
1 1 170 7 0 -1 4 0 0 0 99 0 0 6.9246
1 1 170 8 0 -1 4 0 0 0 99 0 0 2.71591
1 1 170 8 0 -1 4 0 0 0 99 0 0 3.86373
1 1 170 9 0 -1 4 0 0 0 99 0 0 19.9333
1 1 170 10 0 -1 4 0 0 0 99 0 0 11.8985
1 1 170 11 0 -1 4 0 0 0 99 0 0 11.1333
1 1 170 12 0 -1 4 0 0 0 99 0 0 9.60287
1 1 170 12 0 -1 4 0 0 0 99 0 0 2.71591
1 2 170 1 0 -1 4 0 0 0 99 0 0 13.8116
1 2 170 2 0 -1 4 0 0 0 99 0 0 5.01156
t 1 170 -3 1 1 0 0 0 0 -2
_00Basso
1 1 170 5 0 0 4 0 0 -2
1 2 170 2 0 0 4 0 0 -2
1 1 170 110 0 1 4 0 0 -1.66
