#define SVG t 1 1 \n_99%svg%
t 2 10 14 1 1 0 0 0 0 -1.35
_00
8 1 0 0 0 200
8 2 0 -6 0 200
14 1 0 2
14 1 200 2
14 1 0 2 8
3 2 2
3 1 2 0 1
1 2 25 1 0 -1 4 0 0 0 99 0 0 2.9333
1 2 25 1 0 -1 4 0 0 0 99 0 0 2.5333
1 2 25 2 0 -1 4 0 0 0 99 0 0 5.1333
1 2 25 3 0 -1 4 0 0 0 99 0 0 6.5333
1 2 25 4 0 -1 4 0 0 0 99 0 0 5.3333
1 2 25 4 0 -1 4 0 0 0 99 0 0 4.1333
1 2 25 5 0 -1 4 0 0 0 99 0 0 19.9333
1 2 25 6 0 -1 4 0 0 0 99 0 0 2.5333
1 2 25 6 0 -1 4 0 0 0 99 0 0 16.9333
1 2 25 7 0 -1 4 0 0 0 99 0 0 18.9333
1 2 25 8 0 -1 4 0 0 0 99 0 0 16.7333
1 2 25 8 0 -1 4 0 0 0 99 0 0 2.9333
1 2 25 9 0 -1 4 0 0 0 99 0 0 14.3333
1 2 25 10 0 -1 4 0 0 0 99 0 0 6.5333
t 1 25 -3 1 1 0 0 0 0 -2
_00Canto
1 2 25 1 0 0 4 0 0 -2
1 2 25 10 0 0 4 0 0 -2
1 2 25 107 0 1 4 0 0 -1.66
1 1 61.25 10 0 -1 4 0 0 0 99 0 0 7.18847
1 1 61.25 11 0 -1 4 0 0 0 99 0 0 8.19997
1 1 61.25 12 0 -1 4 0 0 0 99 0 0 9.00916
1 2 61.25 1 0 -1 4 0 0 0 99 0 0 13.8643
1 2 61.25 1 0 -1 4 0 0 0 99 0 0 2.7379
1 2 61.25 2 0 -1 4 0 0 0 99 0 0 19.9333
1 2 61.25 3 0 -1 4 0 0 0 99 0 0 18.3149
1 2 61.25 4 0 -1 4 0 0 0 99 0 0 9.81836
1 2 61.25 4 0 -1 4 0 0 0 99 0 0 7.79537
1 2 61.25 5 0 -1 4 0 0 0 99 0 0 19.5287
1 2 61.25 6 0 -1 4 0 0 0 99 0 0 2.5356
1 2 61.25 6 0 -1 4 0 0 0 99 0 0 4.55859
1 2 61.25 7 0 -1 4 0 0 0 99 0 0 2.9402
t 1 61.25 -3 1 1 0 0 0 0 -2
_00Alto
1 1 61.25 10 0 0 4 0 0 -2
1 2 61.25 7 0 0 4 0 0 -2
1 2 61.25 103 0 1 4 0 0 -1.66
1 1 97.5 6 0 -1 4 0 0 0 99 0 0 4.55859
1 1 97.5 7 0 -1 4 0 0 0 99 0 0 5.36778
1 1 97.5 8 0 -1 4 0 0 0 99 0 0 5.57008
1 1 97.5 9 0 -1 4 0 0 0 99 0 0 4.76089
1 1 97.5 9 0 -1 4 0 0 0 99 0 0 3.34479
1 1 97.5 10 0 -1 4 0 0 0 99 0 0 19.9333
1 1 97.5 11 0 -1 4 0 0 0 99 0 0 14.4712
1 1 97.5 12 0 -1 4 0 0 0 99 0 0 14.0666
1 2 97.5 1 0 -1 4 0 0 0 99 0 0 14.4712
1 2 97.5 2 0 -1 4 0 0 0 99 0 0 13.2574
1 2 97.5 3 0 -1 4 0 0 0 99 0 0 7.18847
1 2 97.5 4 0 -1 4 0 0 0 99 0 0 5.36778
1 2 97.5 4 0 -1 4 0 0 0 99 0 0 3.54709
1 2 97.5 5 0 -1 4 0 0 0 99 0 0 4.76089
t 1 97.5 -3 1 1 0 0 0 0 -2
_00Tenore
1 1 97.5 6 0 0 4 0 0 -2
1 2 97.5 5 0 0 4 0 0 -2
1 1 97.5 112 0 1 4 0 0 -1.66
1 1 133.75 6 0 -1 4 0 0 0 99 0 0 4.91463
1 1 133.75 7 0 -1 4 0 0 0 99 0 0 6.5573
1 1 133.75 8 0 -1 4 0 0 0 99 0 0 8.6693
1 1 133.75 9 0 -1 4 0 0 0 99 0 0 6.32263
1 1 133.75 9 0 -1 4 0 0 0 99 0 0 3.97597
1 1 133.75 10 0 -1 4 0 0 0 99 0 0 15.7093
1 1 133.75 11 0 -1 4 0 0 0 99 0 0 11.9546
1 1 133.75 12 0 -1 4 0 0 0 99 0 0 15.7093
1 2 133.75 1 0 -1 4 0 0 0 99 0 0 19.9333
1 2 133.75 2 0 -1 4 0 0 0 99 0 0 15.24
1 2 133.75 3 0 -1 4 0 0 0 99 0 0 9.84263
1 2 133.75 4 0 -1 4 0 0 0 99 0 0 3.50663
1 2 133.75 4 0 -1 4 0 0 0 99 0 0 2.80263
1 2 133.75 5 0 -1 4 0 0 0 99 0 0 3.27197
t 1 133.75 -3 1 1 0 0 0 0 -2
_00Quinto
1 1 133.75 6 0 0 4 0 0 -2
1 2 133.75 5 0 0 4 0 0 -2
1 1 133.75 112 0 1 4 0 0 -1.66
1 1 170 3 0 -1 4 0 0 0 99 0 0 11.3058
1 1 170 4 0 -1 4 0 0 0 99 0 0 9.23526
1 1 170 5 0 -1 4 0 0 0 99 0 0 6.47448
1 1 170 6 0 -1 4 0 0 0 99 0 0 19.9333
1 1 170 7 0 -1 4 0 0 0 99 0 0 16.8274
1 1 170 8 0 -1 4 0 0 0 99 0 0 15.7921
1 1 170 9 0 -1 4 0 0 0 99 0 0 11.996
1 1 170 9 0 -1 4 0 0 0 99 0 0 4.40389
1 1 170 10 0 -1 4 0 0 0 99 0 0 18.2078
1 1 170 11 0 -1 4 0 0 0 99 0 0 6.81957
1 1 170 12 0 -1 4 0 0 0 99 0 0 4.40389
1 2 170 1 0 -1 4 0 0 0 99 0 0 4.74899
t 1 170 -3 1 1 0 0 0 0 -2
_00Basso
1 1 170 3 0 0 4 0 0 -2
1 2 170 1 0 0 4 0 0 -2
1 1 170 107 0 1 4 0 0 -1.66
