#define SVG t 1 1 \n_99%svg%
t 2 10 14 1 1 0 0 0 0 -1.35
_00
8 1 0 0 0 200
8 2 0 -6 0 200
14 1 0 2
14 1 200 2
14 1 0 2 8
3 2 2
3 1 2 0 1
1 2 25 1 0 -1 4 0 0 0 99 0 0 2.83616
1 2 25 2 0 -1 4 0 0 0 99 0 0 4.34473
1 2 25 3 0 -1 4 0 0 0 99 0 0 5.35044
1 2 25 4 0 -1 4 0 0 0 99 0 0 6.35616
1 2 25 4 0 -1 4 0 0 0 99 0 0 3.33901
1 2 25 5 0 -1 4 0 0 0 99 0 0 17.9219
1 2 25 6 0 -1 4 0 0 0 99 0 0 2.83616
1 2 25 6 0 -1 4 0 0 0 99 0 0 16.9162
1 2 25 7 0 -1 4 0 0 0 99 0 0 19.4304
1 2 25 8 0 -1 4 0 0 0 99 0 0 16.4133
1 2 25 8 0 -1 4 0 0 0 99 0 0 4.84759
1 2 25 9 0 -1 4 0 0 0 99 0 0 19.9333
1 2 25 10 0 -1 4 0 0 0 99 0 0 13.899
t 1 25 -3 1 1 0 0 0 0 -2
_00Canto
1 2 25 1 0 0 4 0 0 -2
1 2 25 10 0 0 4 0 0 -2
1 2 25 107 0 1 4 0 0 -1.66
1 2 54 2 0 -1 4 0 0 0 99 0 0 5.49227
1 2 54 3 0 -1 4 0 0 0 99 0 0 6.39484
1 2 54 4 0 -1 4 0 0 0 99 0 0 5.49227
1 2 54 4 0 -1 4 0 0 0 99 0 0 7.2974
1 2 54 5 0 -1 4 0 0 0 99 0 0 19.9333
1 2 54 6 0 -1 4 0 0 0 99 0 0 12.2615
1 2 54 7 0 -1 4 0 0 0 99 0 0 14.0666
1 2 54 8 0 -1 4 0 0 0 99 0 0 16.323
1 2 54 8 0 -1 4 0 0 0 99 0 0 4.13843
1 2 54 9 0 -1 4 0 0 0 99 0 0 19.9333
1 2 54 10 0 -1 4 0 0 0 99 0 0 5.49227
1 2 54 11 0 -1 4 0 0 0 99 0 0 3.23586
t 1 54 -3 1 1 0 0 0 0 -2
_00Quinto
1 2 54 2 0 0 4 0 0 -2
1 2 54 11 0 0 4 0 0 -2
1 2 54 107 0 1 4 0 0 -1.66
1 1 83 10 0 -1 4 0 0 0 99 0 0 4.7333
1 1 83 11 0 -1 4 0 0 0 99 0 0 5.5333
1 1 83 12 0 -1 4 0 0 0 99 0 0 4.3333
1 2 83 1 0 -1 4 0 0 0 99 0 0 7.9333
1 2 83 2 0 -1 4 0 0 0 99 0 0 19.9333
1 2 83 3 0 -1 4 0 0 0 99 0 0 18.7333
1 2 83 4 0 -1 4 0 0 0 99 0 0 10.3333
1 2 83 4 0 -1 4 0 0 0 99 0 0 7.5333
1 2 83 5 0 -1 4 0 0 0 99 0 0 19.5333
1 2 83 6 0 -1 4 0 0 0 99 0 0 5.1333
t 1 83 -3 1 1 0 0 0 0 -2
_00Alto
1 1 83 10 0 0 4 0 0 -2
1 2 83 6 0 0 4 0 0 -2
1 2 83 103 0 1 4 0 0 -1.66
1 1 112 6 0 -1 4 0 0 0 99 0 0 4.05037
1 1 112 7 0 -1 4 0 0 0 99 0 0 5.33818
1 1 112 8 0 -1 4 0 0 0 99 0 0 4.47964
1 1 112 9 0 -1 4 0 0 0 99 0 0 3.6211
1 1 112 9 0 -1 4 0 0 0 99 0 0 3.19184
1 1 112 10 0 -1 4 0 0 0 99 0 0 19.9333
1 1 112 11 0 -1 4 0 0 0 99 0 0 14.3528
1 1 112 12 0 -1 4 0 0 0 99 0 0 14.7821
1 2 112 1 0 -1 4 0 0 0 99 0 0 12.2065
1 2 112 2 0 -1 4 0 0 0 99 0 0 10.0601
1 2 112 3 0 -1 4 0 0 0 99 0 0 5.33818
1 2 112 4 0 -1 4 0 0 0 99 0 0 2.76257
t 1 112 -3 1 1 0 0 0 0 -2
_00Tenore
1 1 112 6 0 0 4 0 0 -2
1 2 112 4 0 0 4 0 0 -2
1 1 112 111 0 1 4 0 0 -1.66
1 1 141 6 0 -1 4 0 0 0 99 0 0 5.43918
1 1 141 7 0 -1 4 0 0 0 99 0 0 6.99212
1 1 141 8 0 -1 4 0 0 0 99 0 0 5.95683
1 1 141 9 0 -1 4 0 0 0 99 0 0 4.92154
1 1 141 9 0 -1 4 0 0 0 99 0 0 5.95683
1 1 141 10 0 -1 4 0 0 0 99 0 0 19.9333
1 1 141 11 0 -1 4 0 0 0 99 0 0 17.8627
1 1 141 12 0 -1 4 0 0 0 99 0 0 15.7921
1 2 141 1 0 -1 4 0 0 0 99 0 0 17.8627
1 2 141 2 0 -1 4 0 0 0 99 0 0 15.7921
1 2 141 3 0 -1 4 0 0 0 99 0 0 7.50977
1 2 141 4 0 -1 4 0 0 0 99 0 0 3.36859
t 1 141 -3 1 1 0 0 0 0 -2
_00Sesto
1 1 141 6 0 0 4 0 0 -2
1 2 141 4 0 0 4 0 0 -2
1 1 141 111 0 1 4 0 0 -1.66
1 1 170 3 0 -1 4 0 0 0 99 0 0 10.5833
1 1 170 4 0 -1 4 0 0 0 99 0 0 6.1833
1 1 170 5 0 -1 4 0 0 0 99 0 0 6.7333
1 1 170 6 0 -1 4 0 0 0 99 0 0 19.9333
1 1 170 6 0 -1 4 0 0 0 99 0 0 2.8833
1 1 170 7 0 -1 4 0 0 0 99 0 0 18.2833
1 1 170 8 0 -1 4 0 0 0 99 0 0 13.8833
1 1 170 9 0 -1 4 0 0 0 99 0 0 10.0333
1 1 170 9 0 -1 4 0 0 0 99 0 0 3.4333
1 1 170 10 0 -1 4 0 0 0 99 0 0 16.0833
1 1 170 11 0 -1 4 0 0 0 99 0 0 3.4333
1 1 170 11 0 -1 4 0 0 0 99 0 0 4.5333
1 1 170 12 0 -1 4 0 0 0 99 0 0 2.8833
1 2 170 1 0 -1 4 0 0 0 99 0 0 3.9833
1 2 170 2 0 -1 4 0 0 0 99 0 0 2.8833
t 1 170 -3 1 1 0 0 0 0 -2
_00Basso
1 1 170 3 0 0 4 0 0 -2
1 2 170 2 0 0 4 0 0 -2
1 1 170 107 0 1 4 0 0 -1.66
