#define SVG t 1 1 \n_99%svg%
t 2 10 14 1 1 0 0 0 0 -1.35
_00
8 1 0 0 0 200
8 2 0 -6 0 200
14 1 0 2
14 1 200 2
14 1 0 2 8
3 2 2
3 1 2 0 1
1 2 25 1 0 -1 4 0 0 0 99 0 0 4.02561
1 2 25 2 0 -1 4 0 0 0 99 0 0 3.01022
1 2 25 3 0 -1 4 0 0 0 99 0 0 5.04099
1 2 25 4 0 -1 4 0 0 0 99 0 0 10.4564
1 2 25 4 0 -1 4 0 0 0 99 0 0 3.34868
1 2 25 5 0 -1 4 0 0 0 99 0 0 10.4564
1 2 25 6 0 -1 4 0 0 0 99 0 0 19.9333
1 2 25 7 0 -1 4 0 0 0 99 0 0 11.8102
1 2 25 7 0 -1 4 0 0 0 99 0 0 3.34868
1 2 25 8 0 -1 4 0 0 0 99 0 0 12.1487
1 2 25 9 0 -1 4 0 0 0 99 0 0 7.07176
t 1 25 -3 1 1 0 0 0 0 -2
_00Canto
1 2 25 1 0 0 4 0 0 -2
1 2 25 9 0 0 4 0 0 -2
1 2 25 106 0 1 4 0 0 -1.66
1 2 61.25 1 0 -1 4 0 0 0 99 0 0 4.28886
1 2 61.25 1 0 -1 4 0 0 0 99 0 0 2.72441
1 2 61.25 2 0 -1 4 0 0 0 99 0 0 4.28886
1 2 61.25 3 0 -1 4 0 0 0 99 0 0 4.67997
1 2 61.25 4 0 -1 4 0 0 0 99 0 0 10.1555
1 2 61.25 4 0 -1 4 0 0 0 99 0 0 2.72441
1 2 61.25 5 0 -1 4 0 0 0 99 0 0 9.3733
1 2 61.25 6 0 -1 4 0 0 0 99 0 0 19.9333
1 2 61.25 7 0 -1 4 0 0 0 99 0 0 12.1111
1 2 61.25 7 0 -1 4 0 0 0 99 0 0 3.89774
1 2 61.25 8 0 -1 4 0 0 0 99 0 0 15.6311
1 2 61.25 8 0 -1 4 0 0 0 99 0 0 2.72441
1 2 61.25 9 0 -1 4 0 0 0 99 0 0 8.59108
1 2 61.25 10 0 -1 4 0 0 0 99 0 0 2.72441
t 1 61.25 -3 1 1 0 0 0 0 -2
_00Quinto
1 2 61.25 1 0 0 4 0 0 -2
1 2 61.25 10 0 0 4 0 0 -2
1 2 61.25 106 0 1 4 0 0 -1.66
1 1 97.5 9 0 -1 4 0 0 0 99 0 0 3.32953
1 1 97.5 10 0 -1 4 0 0 0 99 0 0 5.32198
1 1 97.5 11 0 -1 4 0 0 0 99 0 0 8.31066
1 1 97.5 12 0 -1 4 0 0 0 99 0 0 6.31821
1 2 97.5 1 0 -1 4 0 0 0 99 0 0 19.6012
1 2 97.5 1 0 -1 4 0 0 0 99 0 0 2.66538
1 2 97.5 2 0 -1 4 0 0 0 99 0 0 19.9333
1 2 97.5 3 0 -1 4 0 0 0 99 0 0 8.31066
1 2 97.5 4 0 -1 4 0 0 0 99 0 0 7.97858
1 2 97.5 5 0 -1 4 0 0 0 99 0 0 3.32953
1 2 97.5 6 0 -1 4 0 0 0 99 0 0 2.66538
t 1 97.5 -3 1 1 0 0 0 0 -2
_00Alto
1 1 97.5 9 0 0 4 0 0 -2
1 2 97.5 6 0 0 4 0 0 -2
1 2 97.5 101 0 1 4 0 0 -1.66
1 1 133.75 6 0 -1 4 0 0 0 99 0 0 2.7426
1 1 133.75 7 0 -1 4 0 0 0 99 0 0 3.56121
1 1 133.75 8 0 -1 4 0 0 0 99 0 0 3.1519
1 1 133.75 9 0 -1 4 0 0 0 99 0 0 10.9286
1 1 133.75 9 0 -1 4 0 0 0 99 0 0 2.7426
1 1 133.75 10 0 -1 4 0 0 0 99 0 0 13.7938
1 1 133.75 11 0 -1 4 0 0 0 99 0 0 19.9333
1 1 133.75 12 0 -1 4 0 0 0 99 0 0 10.5193
1 2 133.75 1 0 -1 4 0 0 0 99 0 0 15.0217
1 2 133.75 1 0 -1 4 0 0 0 99 0 0 2.7426
1 2 133.75 2 0 -1 4 0 0 0 99 0 0 8.47283
1 2 133.75 3 0 -1 4 0 0 0 99 0 0 3.1519
1 2 133.75 4 0 -1 4 0 0 0 99 0 0 3.97051
t 1 133.75 -3 1 1 0 0 0 0 -2
_00Tenore
1 1 133.75 6 0 0 4 0 0 -2
1 2 133.75 4 0 0 4 0 0 -2
1 1 133.75 111 0 1 4 0 0 -1.66
1 1 170 1 0 -1 4 0 0 0 99 0 0 3.68715
1 1 170 2 0 -1 4 0 0 0 99 0 0 19.9333
1 1 170 3 0 -1 4 0 0 0 99 0 0 10.4564
1 1 170 4 0 -1 4 0 0 0 99 0 0 7.74868
1 1 170 5 0 -1 4 0 0 0 99 0 0 18.5795
1 1 170 6 0 -1 4 0 0 0 99 0 0 13.1641
1 1 170 6 0 -1 4 0 0 0 99 0 0 3.68715
1 1 170 7 0 -1 4 0 0 0 99 0 0 11.8102
1 1 170 8 0 -1 4 0 0 0 99 0 0 6.39484
1 1 170 9 0 -1 4 0 0 0 99 0 0 18.5795
1 1 170 9 0 -1 4 0 0 0 99 0 0 3.68715
1 1 170 10 0 -1 4 0 0 0 99 0 0 3.68715
1 1 170 11 0 -1 4 0 0 0 99 0 0 5.04099
1 1 170 12 0 -1 4 0 0 0 99 0 0 5.04099
1 2 170 1 0 -1 4 0 0 0 99 0 0 3.68715
t 1 170 -3 1 1 0 0 0 0 -2
_00Basso
1 1 170 1 0 0 4 0 0 -2
1 2 170 1 0 0 4 0 0 -2
1 1 170 106 0 1 4 0 0 -1.66
