#define SVG t 1 1 \n_99%svg%
t 2 10 14 1 1 0 0 0 0 -1.35
_00
8 1 0 0 0 200
8 2 0 -6 0 200
14 1 0 2
14 1 200 2
14 1 0 2 8
3 2 2
3 1 2 0 1
1 1 25 9 0 -1 4 0 0 0 99 0 0 2.75235
1 1 25 10 0 -1 4 0 0 0 99 0 0 3.59044
1 1 25 11 0 -1 4 0 0 0 99 0 0 4.00949
1 1 25 12 0 -1 4 0 0 0 99 0 0 3.59044
1 2 25 1 0 -1 4 0 0 0 99 0 0 4.84759
1 2 25 1 0 -1 4 0 0 0 99 0 0 3.59044
1 2 25 2 0 -1 4 0 0 0 99 0 0 18.6762
1 2 25 3 0 -1 4 0 0 0 99 0 0 2.75235
1 2 25 3 0 -1 4 0 0 0 99 0 0 13.2285
1 2 25 4 0 -1 4 0 0 0 99 0 0 19.9333
1 2 25 4 0 -1 4 0 0 0 99 0 0 9.03806
1 2 25 5 0 -1 4 0 0 0 99 0 0 19.5143
1 2 25 6 0 -1 4 0 0 0 99 0 0 3.59044
1 2 25 6 0 -1 4 0 0 0 99 0 0 10.7143
1 2 25 7 0 -1 4 0 0 0 99 0 0 6.10473
t 1 25 -3 1 1 0 0 0 0 -2
_00Alto
1 1 25 9 0 0 4 0 0 -2
1 2 25 7 0 0 4 0 0 -2
1 2 25 104 0 1 4 0 0 -1.66
1 1 97.5 7 0 -1 4 0 0 0 99 0 0 4.13843
1 1 97.5 8 0 -1 4 0 0 0 99 0 0 4.13843
1 1 97.5 9 0 -1 4 0 0 0 99 0 0 5.04099
1 1 97.5 9 0 -1 4 0 0 0 99 0 0 2.78458
1 1 97.5 10 0 -1 4 0 0 0 99 0 0 9.55381
1 1 97.5 11 0 -1 4 0 0 0 99 0 0 16.7743
1 1 97.5 12 0 -1 4 0 0 0 99 0 0 11.8102
1 1 97.5 12 0 -1 4 0 0 0 99 0 0 5.94356
1 2 97.5 1 0 -1 4 0 0 0 99 0 0 11.3589
1 2 97.5 1 0 -1 4 0 0 0 99 0 0 3.68715
1 2 97.5 2 0 -1 4 0 0 0 99 0 0 19.9333
1 2 97.5 3 0 -1 4 0 0 0 99 0 0 2.78458
1 2 97.5 3 0 -1 4 0 0 0 99 0 0 9.10253
1 2 97.5 4 0 -1 4 0 0 0 99 0 0 10.4564
1 2 97.5 5 0 -1 4 0 0 0 99 0 0 3.23586
t 1 97.5 -3 1 1 0 0 0 0 -2
_00Quinto
1 1 97.5 7 0 0 4 0 0 -2
1 2 97.5 5 0 0 4 0 0 -2
1 2 97.5 101 0 1 4 0 0 -1.66
1 1 170 3 0 -1 4 0 0 0 99 0 0 6.85901
1 1 170 4 0 -1 4 0 0 0 99 0 0 5.35044
1 1 170 5 0 -1 4 0 0 0 99 0 0 5.8533
1 1 170 5 0 -1 4 0 0 0 99 0 0 2.83616
1 1 170 6 0 -1 4 0 0 0 99 0 0 9.3733
1 1 170 6 0 -1 4 0 0 0 99 0 0 5.35044
1 1 170 7 0 -1 4 0 0 0 99 0 0 19.9333
1 1 170 8 0 -1 4 0 0 0 99 0 0 5.35044
1 1 170 8 0 -1 4 0 0 0 99 0 0 6.85901
1 1 170 9 0 -1 4 0 0 0 99 0 0 12.3904
1 1 170 9 0 -1 4 0 0 0 99 0 0 3.33901
1 1 170 10 0 -1 4 0 0 0 99 0 0 14.9047
1 1 170 11 0 -1 4 0 0 0 99 0 0 9.3733
1 1 170 12 0 -1 4 0 0 0 99 0 0 9.87616
t 1 170 -3 1 1 0 0 0 0 -2
_00Basso
1 1 170 3 0 0 4 0 0 -2
1 1 170 12 0 0 4 0 0 -2
1 1 170 108 0 1 4 0 0 -1.66
