#define SVG t 1 1 \n_99%svg%
t 2 10 14 1 1 0 0 0 0 -1.35
_00
8 1 0 0 0 200
8 2 0 -6 0 200
14 1 0 2
14 1 200 2
14 1 0 2 8
3 2 2
3 1 2 0 1
1 2 25 1 0 -1 4 0 0 0 99 0 0 2.88909
1 2 25 2 0 -1 4 0 0 0 99 0 0 7.52067
1 2 25 3 0 -1 4 0 0 0 99 0 0 2.51856
1 2 25 3 0 -1 4 0 0 0 99 0 0 7.52067
1 2 25 4 0 -1 4 0 0 0 99 0 0 7.52067
1 2 25 4 0 -1 4 0 0 0 99 0 0 6.40909
1 2 25 5 0 -1 4 0 0 0 99 0 0 18.6365
1 2 25 6 0 -1 4 0 0 0 99 0 0 19.9333
1 2 25 7 0 -1 4 0 0 0 99 0 0 18.2659
1 2 25 7 0 -1 4 0 0 0 99 0 0 3.44488
1 2 25 8 0 -1 4 0 0 0 99 0 0 12.8933
1 2 25 8 0 -1 4 0 0 0 99 0 0 2.70383
1 2 25 9 0 -1 4 0 0 0 99 0 0 13.2638
1 2 25 10 0 -1 4 0 0 0 99 0 0 3.07435
1 2 25 10 0 -1 4 0 0 0 99 0 0 2.88909
1 2 25 11 0 -1 4 0 0 0 99 0 0 2.88909
t 1 25 -3 1 1 0 0 0 0 -2
_00Canto
1 2 25 1 0 0 4 0 0 -2
1 2 25 11 0 0 4 0 0 -2
1 2 25 106 0 1 4 0 0 -1.66
1 1 61.25 11 0 -1 4 0 0 0 99 0 0 2.54535
1 1 61.25 12 0 -1 4 0 0 0 99 0 0 2.54535
1 2 61.25 1 0 -1 4 0 0 0 99 0 0 2.54535
1 2 61.25 2 0 -1 4 0 0 0 99 0 0 9.54294
1 2 61.25 3 0 -1 4 0 0 0 99 0 0 3.18149
1 2 61.25 3 0 -1 4 0 0 0 99 0 0 6.99836
1 2 61.25 4 0 -1 4 0 0 0 99 0 0 7.6345
1 2 61.25 4 0 -1 4 0 0 0 99 0 0 5.72607
1 2 61.25 5 0 -1 4 0 0 0 99 0 0 19.0851
1 2 61.25 6 0 -1 4 0 0 0 99 0 0 19.9333
1 2 61.25 7 0 -1 4 0 0 0 99 0 0 17.6008
1 2 61.25 7 0 -1 4 0 0 0 99 0 0 3.60559
1 2 61.25 8 0 -1 4 0 0 0 99 0 0 13.7839
1 2 61.25 8 0 -1 4 0 0 0 99 0 0 2.96944
1 2 61.25 9 0 -1 4 0 0 0 99 0 0 16.9646
1 2 61.25 10 0 -1 4 0 0 0 99 0 0 3.60559
1 2 61.25 10 0 -1 4 0 0 0 99 0 0 3.18149
1 2 61.25 11 0 -1 4 0 0 0 99 0 0 3.81764
t 1 61.25 -3 1 1 0 0 0 0 -2
_00Quinto
1 1 61.25 11 0 0 4 0 0 -2
1 2 61.25 11 0 0 4 0 0 -2
1 2 61.25 106 0 1 4 0 0 -1.66
1 1 97.5 9 0 -1 4 0 0 0 99 0 0 2.82676
1 1 97.5 10 0 -1 4 0 0 0 99 0 0 8.2548
1 1 97.5 11 0 -1 4 0 0 0 99 0 0 8.74825
1 1 97.5 12 0 -1 4 0 0 0 99 0 0 10.5576
1 1 97.5 12 0 -1 4 0 0 0 99 0 0 2.99124
1 2 97.5 1 0 -1 4 0 0 0 99 0 0 10.8866
1 2 97.5 1 0 -1 4 0 0 0 99 0 0 4.14265
1 2 97.5 2 0 -1 4 0 0 0 99 0 0 19.9333
1 2 97.5 3 0 -1 4 0 0 0 99 0 0 4.80059
1 2 97.5 3 0 -1 4 0 0 0 99 0 0 8.2548
1 2 97.5 4 0 -1 4 0 0 0 99 0 0 12.2025
1 2 97.5 4 0 -1 4 0 0 0 99 0 0 5.29405
1 2 97.5 5 0 -1 4 0 0 0 99 0 0 12.038
1 2 97.5 6 0 -1 4 0 0 0 99 0 0 4.30713
1 2 97.5 7 0 -1 4 0 0 0 99 0 0 2.99124
t 1 97.5 -3 1 1 0 0 0 0 -2
_00Alto
1 1 97.5 9 0 0 4 0 0 -2
1 2 97.5 7 0 0 4 0 0 -2
1 2 97.5 102 0 1 4 0 0 -1.66
1 1 133.75 7 0 -1 4 0 0 0 99 0 0 5.89786
1 1 133.75 8 0 -1 4 0 0 0 99 0 0 2.55608
1 1 133.75 8 0 -1 4 0 0 0 99 0 0 3.44722
1 1 133.75 9 0 -1 4 0 0 0 99 0 0 6.12064
1 1 133.75 9 0 -1 4 0 0 0 99 0 0 5.00672
1 1 133.75 10 0 -1 4 0 0 0 99 0 0 19.9333
1 1 133.75 11 0 -1 4 0 0 0 99 0 0 19.9333
1 1 133.75 12 0 -1 4 0 0 0 99 0 0 16.8143
1 1 133.75 12 0 -1 4 0 0 0 99 0 0 3.89279
1 2 133.75 1 0 -1 4 0 0 0 99 0 0 14.5865
1 2 133.75 1 0 -1 4 0 0 0 99 0 0 3.67001
1 2 133.75 2 0 -1 4 0 0 0 99 0 0 17.2599
1 2 133.75 3 0 -1 4 0 0 0 99 0 0 3.22444
1 2 133.75 3 0 -1 4 0 0 0 99 0 0 3.44722
1 2 133.75 4 0 -1 4 0 0 0 99 0 0 5.00672
1 2 133.75 4 0 -1 4 0 0 0 99 0 0 2.55608
1 2 133.75 5 0 -1 4 0 0 0 99 0 0 3.00165
t 1 133.75 -3 1 1 0 0 0 0 -2
_00Tenore
1 1 133.75 7 0 0 4 0 0 -2
1 2 133.75 5 0 0 4 0 0 -2
1 1 133.75 112 0 1 4 0 0 -1.66
1 1 170 3 0 -1 4 0 0 0 99 0 0 11.4367
1 1 170 4 0 -1 4 0 0 0 99 0 0 5.06433
1 1 170 5 0 -1 4 0 0 0 99 0 0 9.00916
1 1 170 6 0 -1 4 0 0 0 99 0 0 10.5264
1 1 170 6 0 -1 4 0 0 0 99 0 0 2.9402
1 1 170 7 0 -1 4 0 0 0 99 0 0 19.9333
1 1 170 8 0 -1 4 0 0 0 99 0 0 7.79537
1 1 170 8 0 -1 4 0 0 0 99 0 0 7.18847
1 1 170 9 0 -1 4 0 0 0 99 0 0 13.8643
1 1 170 9 0 -1 4 0 0 0 99 0 0 3.54709
1 1 170 10 0 -1 4 0 0 0 99 0 0 17.5057
1 1 170 11 0 -1 4 0 0 0 99 0 0 6.27813
1 1 170 12 0 -1 4 0 0 0 99 0 0 5.67123
1 2 170 1 0 -1 4 0 0 0 99 0 0 3.54709
1 2 170 2 0 -1 4 0 0 0 99 0 0 4.15399
t 1 170 -3 1 1 0 0 0 0 -2
_00Basso
1 1 170 3 0 0 4 0 0 -2
1 2 170 2 0 0 4 0 0 -2
1 1 170 108 0 1 4 0 0 -1.66
