#define SVG t 1 1 \n_99%svg%
t 2 10 14 1 1 0 0 0 0 -1.35
_00
8 1 0 0 0 200
8 2 0 -6 0 200
14 1 0 2
14 1 200 2
14 1 0 2 8
3 2 2
3 1 2 0 1
1 2 25 6 0 -1 4 0 0 0 99 0 0 9.07373
1 2 25 7 0 -1 4 0 0 0 99 0 0 10.9461
1 2 25 8 0 -1 4 0 0 0 99 0 0 15.8142
1 2 25 8 0 -1 4 0 0 0 99 0 0 3.4567
1 2 25 9 0 -1 4 0 0 0 99 0 0 15.0652
1 2 25 10 0 -1 4 0 0 0 99 0 0 19.9333
1 2 25 11 0 -1 4 0 0 0 99 0 0 6.82692
1 2 25 12 0 -1 4 0 0 0 99 0 0 3.4567
1 2 25 13 0 -1 4 0 0 0 99 0 0 2.70777
1 2 25 13 0 -1 4 0 0 0 99 0 0 3.4567
t 1 25 -3 1 1 0 0 0 0 -2
_00Canto
1 2 25 6 0 0 4 0 0 -2
1 2 25 13 0 0 4 0 0 -2
1 2 25 109 0 1 4 0 0 -1.66
1 1 170 4 0 -1 4 0 0 0 99 0 0 3.11552
1 1 170 6 0 -1 4 0 0 0 99 0 0 4.28886
1 1 170 6 0 -1 4 0 0 0 99 0 0 3.11552
1 1 170 7 0 -1 4 0 0 0 99 0 0 12.8933
1 1 170 8 0 -1 4 0 0 0 99 0 0 14.0666
1 1 170 9 0 -1 4 0 0 0 99 0 0 10.5466
1 1 170 10 0 -1 4 0 0 0 99 0 0 10.5466
1 1 170 11 0 -1 4 0 0 0 99 0 0 3.89774
1 1 170 11 0 -1 4 0 0 0 99 0 0 19.9333
1 1 170 12 0 -1 4 0 0 0 99 0 0 3.11552
1 1 170 12 0 -1 4 0 0 0 99 0 0 4.67997
1 2 170 1 0 -1 4 0 0 0 99 0 0 5.46219
1 2 170 2 0 -1 4 0 0 0 99 0 0 3.89774
t 1 170 -3 1 1 0 0 0 0 -2
_00Basso
1 1 170 4 0 0 4 0 0 -2
1 2 170 2 0 0 4 0 0 -2
1 1 170 110 0 1 4 0 0 -1.66
