#define SVG t 1 1 \n_99%svg%
t 2 10 14 1 1 0 0 0 0 -1.35
_00
8 1 0 0 0 200
8 2 0 -6 0 200
14 1 0 2
14 1 200 2
14 1 0 2 8
3 2 2
3 1 2 0 1
1 1 25 12 0 -1 4 0 0 0 99 0 0 3.1519
1 2 25 1 0 -1 4 0 0 0 99 0 0 3.1519
1 2 25 1 0 -1 4 0 0 0 99 0 0 2.7426
1 2 25 2 0 -1 4 0 0 0 99 0 0 3.97051
1 2 25 3 0 -1 4 0 0 0 99 0 0 6.01702
1 2 25 4 0 -1 4 0 0 0 99 0 0 6.83563
1 2 25 4 0 -1 4 0 0 0 99 0 0 4.37981
1 2 25 5 0 -1 4 0 0 0 99 0 0 13.7938
1 2 25 6 0 -1 4 0 0 0 99 0 0 3.1519
1 2 25 6 0 -1 4 0 0 0 99 0 0 19.9333
1 2 25 7 0 -1 4 0 0 0 99 0 0 3.1519
1 2 25 7 0 -1 4 0 0 0 99 0 0 15.0217
1 2 25 8 0 -1 4 0 0 0 99 0 0 14.2031
1 2 25 8 0 -1 4 0 0 0 99 0 0 3.97051
1 2 25 9 0 -1 4 0 0 0 99 0 0 11.338
1 2 25 10 0 -1 4 0 0 0 99 0 0 8.88214
t 1 25 -3 1 1 0 0 0 0 -2
_00Canto
1 1 25 12 0 0 4 0 0 -2
1 2 25 10 0 0 4 0 0 -2
1 2 25 106 0 1 4 0 0 -1.66
1 1 61.25 10 0 -1 4 0 0 0 99 0 0 3.27616
1 1 61.25 11 0 -1 4 0 0 0 99 0 0 5.47616
1 1 61.25 12 0 -1 4 0 0 0 99 0 0 6.10473
1 2 61.25 1 0 -1 4 0 0 0 99 0 0 9.56187
1 2 61.25 1 0 -1 4 0 0 0 99 0 0 4.5333
1 2 61.25 2 0 -1 4 0 0 0 99 0 0 17.7333
1 2 61.25 3 0 -1 4 0 0 0 99 0 0 2.96187
1 2 61.25 3 0 -1 4 0 0 0 99 0 0 19.9333
1 2 61.25 4 0 -1 4 0 0 0 99 0 0 10.819
1 2 61.25 4 0 -1 4 0 0 0 99 0 0 7.04759
1 2 61.25 5 0 -1 4 0 0 0 99 0 0 16.4762
1 2 61.25 6 0 -1 4 0 0 0 99 0 0 5.16187
t 1 61.25 -3 1 1 0 0 0 0 -2
_00Alto
1 1 61.25 10 0 0 4 0 0 -2
1 2 61.25 6 0 0 4 0 0 -2
1 2 61.25 103 0 1 4 0 0 -1.66
1 1 97.5 4 0 -1 4 0 0 0 99 0 0 2.72441
1 1 97.5 6 0 -1 4 0 0 0 99 0 0 3.11552
1 1 97.5 7 0 -1 4 0 0 0 99 0 0 3.50663
1 1 97.5 8 0 -1 4 0 0 0 99 0 0 5.46219
1 1 97.5 9 0 -1 4 0 0 0 99 0 0 4.28886
1 1 97.5 9 0 -1 4 0 0 0 99 0 0 2.72441
1 1 97.5 10 0 -1 4 0 0 0 99 0 0 14.4577
1 1 97.5 11 0 -1 4 0 0 0 99 0 0 3.11552
1 1 97.5 11 0 -1 4 0 0 0 99 0 0 19.1511
1 1 97.5 12 0 -1 4 0 0 0 99 0 0 2.72441
1 1 97.5 12 0 -1 4 0 0 0 99 0 0 14.8489
1 2 97.5 1 0 -1 4 0 0 0 99 0 0 19.9333
1 2 97.5 1 0 -1 4 0 0 0 99 0 0 3.50663
1 2 97.5 2 0 -1 4 0 0 0 99 0 0 17.1955
1 2 97.5 3 0 -1 4 0 0 0 99 0 0 8.98219
1 2 97.5 4 0 -1 4 0 0 0 99 0 0 3.11552
t 1 97.5 -3 1 1 0 0 0 0 -2
_00Tenore
1 1 97.5 4 0 0 4 0 0 -2
1 2 97.5 4 0 0 4 0 0 -2
1 1 97.5 112 0 1 4 0 0 -1.66
1 1 133.75 1 0 -1 4 0 0 0 99 0 0 4.46663
1 1 133.75 2 0 -1 4 0 0 0 99 0 0 7.1333
1 1 133.75 2 0 -1 4 0 0 0 99 0 0 2.86663
1 1 133.75 3 0 -1 4 0 0 0 99 0 0 9.79997
1 1 133.75 4 0 -1 4 0 0 0 99 0 0 10.3333
1 1 133.75 5 0 -1 4 0 0 0 99 0 0 3.9333
1 1 133.75 5 0 -1 4 0 0 0 99 0 0 7.66663
1 1 133.75 6 0 -1 4 0 0 0 99 0 0 15.1333
1 1 133.75 6 0 -1 4 0 0 0 99 0 0 3.9333
1 1 133.75 7 0 -1 4 0 0 0 99 0 0 19.9333
1 1 133.75 8 0 -1 4 0 0 0 99 0 0 14.6
1 1 133.75 9 0 -1 4 0 0 0 99 0 0 13
1 1 133.75 9 0 -1 4 0 0 0 99 0 0 5.5333
1 1 133.75 10 0 -1 4 0 0 0 99 0 0 16.2
1 1 133.75 11 0 -1 4 0 0 0 99 0 0 10.8666
1 1 133.75 12 0 -1 4 0 0 0 99 0 0 2.86663
1 1 133.75 12 0 -1 4 0 0 0 99 0 0 2.86663
1 2 133.75 1 0 -1 4 0 0 0 99 0 0 5.5333
t 1 133.75 -3 1 1 0 0 0 0 -2
_00Basso
1 1 133.75 1 0 0 4 0 0 -2
1 2 133.75 1 0 0 4 0 0 -2
1 1 133.75 107 0 1 4 0 0 -1.66
1 1 170 1 0 -1 4 0 0 0 99 0 0 3.79997
1 1 170 2 0 -1 4 0 0 0 99 0 0 5.26663
1 1 170 2 0 -1 4 0 0 0 99 0 0 2.82219
1 1 170 3 0 -1 4 0 0 0 99 0 0 11.1333
1 1 170 4 0 -1 4 0 0 0 99 0 0 2.82219
1 1 170 4 0 -1 4 0 0 0 99 0 0 11.1333
1 1 170 5 0 -1 4 0 0 0 99 0 0 3.31108
1 1 170 5 0 -1 4 0 0 0 99 0 0 7.71108
1 1 170 6 0 -1 4 0 0 0 99 0 0 17
1 1 170 6 0 -1 4 0 0 0 99 0 0 3.79997
1 1 170 7 0 -1 4 0 0 0 99 0 0 19.9333
1 1 170 8 0 -1 4 0 0 0 99 0 0 16.5111
1 1 170 9 0 -1 4 0 0 0 99 0 0 13.5777
1 1 170 9 0 -1 4 0 0 0 99 0 0 5.26663
1 1 170 10 0 -1 4 0 0 0 99 0 0 17.9777
1 1 170 11 0 -1 4 0 0 0 99 0 0 2.82219
1 1 170 11 0 -1 4 0 0 0 99 0 0 11.6222
1 1 170 12 0 -1 4 0 0 0 99 0 0 2.82219
1 1 170 12 0 -1 4 0 0 0 99 0 0 5.26663
1 2 170 1 0 -1 4 0 0 0 99 0 0 6.7333
t 1 170 -3 1 1 0 0 0 0 -2
_00Basso continuo
1 1 170 1 0 0 4 0 0 -2
1 2 170 1 0 0 4 0 0 -2
1 1 170 107 0 1 4 0 0 -1.66
