#define SVG t 1 1 \n_99%svg%
t 2 10 14 1 1 0 0 0 0 -1.35
_00
8 1 0 0 0 200
8 2 0 -6 0 200
14 1 0 2
14 1 200 2
14 1 0 2 8
3 2 2
3 1 2 0 1
1 2 25 1 0 -1 4 0 0 0 99 0 0 2.9402
1 2 25 2 0 -1 4 0 0 0 99 0 0 4.15399
1 2 25 3 0 -1 4 0 0 0 99 0 0 8.40227
1 2 25 4 0 -1 4 0 0 0 99 0 0 5.97468
1 2 25 5 0 -1 4 0 0 0 99 0 0 9.61606
1 2 25 6 0 -1 4 0 0 0 99 0 0 4.76089
1 2 25 6 0 -1 4 0 0 0 99 0 0 14.4712
1 2 25 7 0 -1 4 0 0 0 99 0 0 15.685
1 2 25 8 0 -1 4 0 0 0 99 0 0 19.9333
1 2 25 8 0 -1 4 0 0 0 99 0 0 3.54709
1 2 25 9 0 -1 4 0 0 0 99 0 0 15.0781
1 2 25 10 0 -1 4 0 0 0 99 0 0 10.223
t 1 25 -3 1 1 0 0 0 0 -2
_00Canto
1 2 25 1 0 0 4 0 0 -2
1 2 25 10 0 0 4 0 0 -2
1 2 25 107 0 1 4 0 0 -1.66
1 2 54 1 0 -1 4 0 0 0 99 0 0 2.82219
1 2 54 2 0 -1 4 0 0 0 99 0 0 3.79997
1 2 54 3 0 -1 4 0 0 0 99 0 0 7.22219
1 2 54 4 0 -1 4 0 0 0 99 0 0 4.77774
1 2 54 4 0 -1 4 0 0 0 99 0 0 2.82219
1 2 54 5 0 -1 4 0 0 0 99 0 0 14.5555
1 2 54 6 0 -1 4 0 0 0 99 0 0 4.28886
1 2 54 6 0 -1 4 0 0 0 99 0 0 19.9333
1 2 54 7 0 -1 4 0 0 0 99 0 0 15.0444
1 2 54 8 0 -1 4 0 0 0 99 0 0 11.6222
1 2 54 8 0 -1 4 0 0 0 99 0 0 3.79997
1 2 54 9 0 -1 4 0 0 0 99 0 0 9.66663
1 2 54 10 0 -1 4 0 0 0 99 0 0 6.7333
1 2 54 11 0 -1 4 0 0 0 99 0 0 3.31108
t 1 54 -3 1 1 0 0 0 0 -2
_00Sesto
1 2 54 1 0 0 4 0 0 -2
1 2 54 11 0 0 4 0 0 -2
1 2 54 106 0 1 4 0 0 -1.66
1 1 83 10 0 -1 4 0 0 0 99 0 0 3.88624
1 1 83 11 0 -1 4 0 0 0 99 0 0 6.47448
1 1 83 12 0 -1 4 0 0 0 99 0 0 8.54506
1 2 83 1 0 -1 4 0 0 0 99 0 0 12.1686
1 2 83 1 0 -1 4 0 0 0 99 0 0 3.36859
1 2 83 2 0 -1 4 0 0 0 99 0 0 14.7568
1 2 83 3 0 -1 4 0 0 0 99 0 0 19.9333
1 2 83 4 0 -1 4 0 0 0 99 0 0 6.99212
1 2 83 4 0 -1 4 0 0 0 99 0 0 3.36859
1 2 83 5 0 -1 4 0 0 0 99 0 0 9.58036
1 2 83 6 0 -1 4 0 0 0 99 0 0 5.43918
t 1 83 -3 1 1 0 0 0 0 -2
_00Alto
1 1 83 10 0 0 4 0 0 -2
1 2 83 6 0 0 4 0 0 -2
1 2 83 102 0 1 4 0 0 -1.66
1 1 112 9 0 -1 4 0 0 0 99 0 0 3.31108
1 1 112 10 0 -1 4 0 0 0 99 0 0 6.24441
1 1 112 11 0 -1 4 0 0 0 99 0 0 13.0889
1 1 112 12 0 -1 4 0 0 0 99 0 0 13.0889
1 2 112 1 0 -1 4 0 0 0 99 0 0 14.0666
1 2 112 1 0 -1 4 0 0 0 99 0 0 4.28886
1 2 112 2 0 -1 4 0 0 0 99 0 0 14.0666
1 2 112 3 0 -1 4 0 0 0 99 0 0 17
1 2 112 4 0 -1 4 0 0 0 99 0 0 10.1555
1 2 112 4 0 -1 4 0 0 0 99 0 0 6.24441
1 2 112 5 0 -1 4 0 0 0 99 0 0 19.9333
1 2 112 6 0 -1 4 0 0 0 99 0 0 3.31108
t 1 112 -3 1 1 0 0 0 0 -2
_00Quinto
1 1 112 9 0 0 4 0 0 -2
1 2 112 6 0 0 4 0 0 -2
1 2 112 102 0 1 4 0 0 -1.66
1 1 141 6 0 -1 4 0 0 0 99 0 0 3.637
1 1 141 7 0 -1 4 0 0 0 99 0 0 3.637
1 1 141 8 0 -1 4 0 0 0 99 0 0 8.19997
1 1 141 9 0 -1 4 0 0 0 99 0 0 4.94071
1 1 141 9 0 -1 4 0 0 0 99 0 0 3.637
1 1 141 10 0 -1 4 0 0 0 99 0 0 12.1111
1 1 141 11 0 -1 4 0 0 0 99 0 0 4.28886
1 1 141 11 0 -1 4 0 0 0 99 0 0 19.9333
1 1 141 12 0 -1 4 0 0 0 99 0 0 2.98515
1 1 141 12 0 -1 4 0 0 0 99 0 0 12.7629
1 2 141 1 0 -1 4 0 0 0 99 0 0 19.2814
1 2 141 1 0 -1 4 0 0 0 99 0 0 2.98515
1 2 141 2 0 -1 4 0 0 0 99 0 0 8.19997
1 2 141 3 0 -1 4 0 0 0 99 0 0 4.94071
1 2 141 4 0 -1 4 0 0 0 99 0 0 3.637
1 2 141 5 0 -1 4 0 0 0 99 0 0 2.98515
t 1 141 -3 1 1 0 0 0 0 -2
_00Tenore
1 1 141 6 0 0 4 0 0 -2
1 2 141 5 0 0 4 0 0 -2
1 1 141 111 0 1 4 0 0 -1.66
1 1 170 4 0 -1 4 0 0 0 99 0 0 5.6333
1 1 170 6 0 -1 4 0 0 0 99 0 0 10.0333
1 1 170 7 0 -1 4 0 0 0 99 0 0 11.1333
1 1 170 8 0 -1 4 0 0 0 99 0 0 19.9333
1 1 170 9 0 -1 4 0 0 0 99 0 0 13.3333
1 1 170 9 0 -1 4 0 0 0 99 0 0 3.4333
1 1 170 10 0 -1 4 0 0 0 99 0 0 19.9333
1 1 170 11 0 -1 4 0 0 0 99 0 0 13.3333
1 1 170 12 0 -1 4 0 0 0 99 0 0 6.7333
1 2 170 1 0 -1 4 0 0 0 99 0 0 6.7333
t 1 170 -3 1 1 0 0 0 0 -2
_00Basso
1 1 170 4 0 0 4 0 0 -2
1 2 170 1 0 0 4 0 0 -2
1 1 170 109 0 1 4 0 0 -1.66
