#define SVG t 1 1 \n_99%svg%
t 2 10 14 1 1 0 0 0 0 -1.35
_00
8 1 0 0 0 200
8 2 0 -6 0 200
14 1 0 2
14 1 200 2
14 1 0 2 8
3 2 2
3 1 2 0 1
1 2 25 2 0 -1 4 0 0 0 99 0 0 2.64207
1 2 25 3 0 -1 4 0 0 0 99 0 0 4.18593
1 2 25 4 0 -1 4 0 0 0 99 0 0 4.18593
1 2 25 4 0 -1 4 0 0 0 99 0 0 3.87716
1 2 25 5 0 -1 4 0 0 0 99 0 0 12.8315
1 2 25 6 0 -1 4 0 0 0 99 0 0 13.7579
1 2 25 7 0 -1 4 0 0 0 99 0 0 2.64207
1 2 25 7 0 -1 4 0 0 0 99 0 0 14.3754
1 2 25 8 0 -1 4 0 0 0 99 0 0 19.9333
1 2 25 8 0 -1 4 0 0 0 99 0 0 3.25962
1 2 25 9 0 -1 4 0 0 0 99 0 0 19.007
1 2 25 10 0 -1 4 0 0 0 99 0 0 15.3017
1 2 25 11 0 -1 4 0 0 0 99 0 0 9.12628
1 2 25 11 0 -1 4 0 0 0 99 0 0 4.18593
1 2 25 12 0 -1 4 0 0 0 99 0 0 8.19997
t 1 25 -3 1 1 0 0 0 0 -2
_00Canto
1 2 25 2 0 0 4 0 0 -2
1 2 25 12 0 0 4 0 0 -2
1 2 25 108 0 1 4 0 0 -1.66
1 1 73.3333 11 0 -1 4 0 0 0 99 0 0 2.62182
1 1 73.3333 12 0 -1 4 0 0 0 99 0 0 3.19887
1 2 73.3333 1 0 -1 4 0 0 0 99 0 0 8.10379
1 2 73.3333 2 0 -1 4 0 0 0 99 0 0 11.5661
1 2 73.3333 3 0 -1 4 0 0 0 99 0 0 14.4513
1 2 73.3333 4 0 -1 4 0 0 0 99 0 0 10.989
1 2 73.3333 4 0 -1 4 0 0 0 99 0 0 4.06445
1 2 73.3333 5 0 -1 4 0 0 0 99 0 0 19.9333
1 2 73.3333 6 0 -1 4 0 0 0 99 0 0 2.91035
1 2 73.3333 6 0 -1 4 0 0 0 99 0 0 16.471
1 2 73.3333 7 0 -1 4 0 0 0 99 0 0 2.62182
1 2 73.3333 7 0 -1 4 0 0 0 99 0 0 13.8743
1 2 73.3333 8 0 -1 4 0 0 0 99 0 0 15.0284
1 2 73.3333 9 0 -1 4 0 0 0 99 0 0 4.35297
t 1 73.3333 -3 1 1 0 0 0 0 -2
_00Alto
1 1 73.3333 11 0 0 4 0 0 -2
1 2 73.3333 9 0 0 4 0 0 -2
1 2 73.3333 105 0 1 4 0 0 -1.66
1 1 121.667 10 0 -1 4 0 0 0 99 0 0 5.1391
1 1 121.667 11 0 -1 4 0 0 0 99 0 0 5.90431
1 1 121.667 12 0 -1 4 0 0 0 99 0 0 2.58837
1 1 121.667 12 0 -1 4 0 0 0 99 0 0 7.17968
1 2 121.667 1 0 -1 4 0 0 0 99 0 0 16.1072
1 2 121.667 1 0 -1 4 0 0 0 99 0 0 2.84344
1 2 121.667 2 0 -1 4 0 0 0 99 0 0 17.6376
1 2 121.667 3 0 -1 4 0 0 0 99 0 0 18.4029
1 2 121.667 4 0 -1 4 0 0 0 99 0 0 14.3217
1 2 121.667 4 0 -1 4 0 0 0 99 0 0 4.62895
1 2 121.667 5 0 -1 4 0 0 0 99 0 0 19.9333
1 2 121.667 6 0 -1 4 0 0 0 99 0 0 6.15939
1 2 121.667 7 0 -1 4 0 0 0 99 0 0 2.58837
t 1 121.667 -3 1 1 0 0 0 0 -2
_00Tenore
1 1 121.667 10 0 0 4 0 0 -2
1 2 121.667 7 0 0 4 0 0 -2
1 2 121.667 103 0 1 4 0 0 -1.66
1 1 170 6 0 -1 4 0 0 0 99 0 0 6.79897
1 1 170 7 0 -1 4 0 0 0 99 0 0 7.06166
1 1 170 8 0 -1 4 0 0 0 99 0 0 6.53629
1 1 170 9 0 -1 4 0 0 0 99 0 0 10.4766
1 1 170 9 0 -1 4 0 0 0 99 0 0 2.59599
1 1 170 10 0 -1 4 0 0 0 99 0 0 19.9333
1 1 170 11 0 -1 4 0 0 0 99 0 0 13.8915
1 1 170 12 0 -1 4 0 0 0 99 0 0 3.12136
1 1 170 12 0 -1 4 0 0 0 99 0 0 6.53629
1 2 170 1 0 -1 4 0 0 0 99 0 0 14.6796
1 2 170 2 0 -1 4 0 0 0 99 0 0 9.95121
1 2 170 3 0 -1 4 0 0 0 99 0 0 6.01091
1 2 170 4 0 -1 4 0 0 0 99 0 0 4.69748
1 2 170 4 0 -1 4 0 0 0 99 0 0 2.85867
1 2 170 5 0 -1 4 0 0 0 99 0 0 4.69748
t 1 170 -3 1 1 0 0 0 0 -2
_00Basso
1 1 170 6 0 0 4 0 0 -2
1 2 170 5 0 0 4 0 0 -2
1 1 170 111 0 1 4 0 0 -1.66
