#define SVG t 1 1 \n_99%svg%
t 2 10 14 1 1 0 0 0 0 -1.35
_00
8 1 0 0 0 200
8 2 0 -6 0 200
14 1 0 2
14 1 200 2
14 1 0 2 8
3 2 2
3 1 2 0 1
1 2 25 1 0 -1 4 0 0 0 99 0 0 3.24364
1 2 25 2 0 -1 4 0 0 0 99 0 0 4.45744
1 2 25 3 0 -1 4 0 0 0 99 0 0 6.88502
1 2 25 4 0 -1 4 0 0 0 99 0 0 11.1333
1 2 25 5 0 -1 4 0 0 0 99 0 0 15.685
1 2 25 6 0 -1 4 0 0 0 99 0 0 19.9333
1 2 25 7 0 -1 4 0 0 0 99 0 0 12.954
1 2 25 7 0 -1 4 0 0 0 99 0 0 3.24364
1 2 25 8 0 -1 4 0 0 0 99 0 0 12.954
1 2 25 8 0 -1 4 0 0 0 99 0 0 2.63675
1 2 25 9 0 -1 4 0 0 0 99 0 0 6.88502
1 2 25 11 0 -1 4 0 0 0 99 0 0 2.63675
t 1 25 -3 1 1 0 0 0 0 -2
_00Canto
1 2 25 1 0 0 4 0 0 -2
1 2 25 11 0 0 4 0 0 -2
1 2 25 106 0 1 4 0 0 -1.66
1 1 61.25 9 0 -1 4 0 0 0 99 0 0 3.1714
1 1 61.25 10 0 -1 4 0 0 0 99 0 0 4.00949
1 1 61.25 11 0 -1 4 0 0 0 99 0 0 6.52378
1 1 61.25 12 0 -1 4 0 0 0 99 0 0 4.00949
1 1 61.25 12 0 -1 4 0 0 0 99 0 0 2.89203
1 2 61.25 1 0 -1 4 0 0 0 99 0 0 10.1555
1 2 61.25 1 0 -1 4 0 0 0 99 0 0 2.61267
1 2 61.25 2 0 -1 4 0 0 0 99 0 0 13.7873
1 2 61.25 3 0 -1 4 0 0 0 99 0 0 2.89203
1 2 61.25 3 0 -1 4 0 0 0 99 0 0 19.0952
1 2 61.25 4 0 -1 4 0 0 0 99 0 0 19.9333
1 2 61.25 4 0 -1 4 0 0 0 99 0 0 2.89203
1 2 61.25 5 0 -1 4 0 0 0 99 0 0 11.273
1 2 61.25 6 0 -1 4 0 0 0 99 0 0 6.80314
t 1 61.25 -3 1 1 0 0 0 0 -2
_00Alto
1 1 61.25 9 0 0 4 0 0 -2
1 2 61.25 6 0 0 4 0 0 -2
1 2 61.25 103 0 1 4 0 0 -1.66
1 1 97.5 6 0 -1 4 0 0 0 99 0 0 3.50663
1 1 97.5 6 0 -1 4 0 0 0 99 0 0 3.11552
1 1 97.5 7 0 -1 4 0 0 0 99 0 0 4.28886
1 1 97.5 8 0 -1 4 0 0 0 99 0 0 4.28886
1 1 97.5 9 0 -1 4 0 0 0 99 0 0 11.3289
1 1 97.5 9 0 -1 4 0 0 0 99 0 0 2.72441
1 1 97.5 10 0 -1 4 0 0 0 99 0 0 14.4577
1 1 97.5 11 0 -1 4 0 0 0 99 0 0 17.9777
1 1 97.5 12 0 -1 4 0 0 0 99 0 0 13.2844
1 1 97.5 12 0 -1 4 0 0 0 99 0 0 3.89774
1 2 97.5 1 0 -1 4 0 0 0 99 0 0 19.9333
1 2 97.5 2 0 -1 4 0 0 0 99 0 0 10.9377
1 2 97.5 3 0 -1 4 0 0 0 99 0 0 2.72441
1 2 97.5 3 0 -1 4 0 0 0 99 0 0 5.46219
1 2 97.5 4 0 -1 4 0 0 0 99 0 0 6.63552
t 1 97.5 -3 1 1 0 0 0 0 -2
_00Tenore
1 1 97.5 6 0 0 4 0 0 -2
1 2 97.5 4 0 0 4 0 0 -2
1 1 97.5 112 0 1 4 0 0 -1.66
1 1 133.75 6 0 -1 4 0 0 0 99 0 0 3.68715
1 1 133.75 7 0 -1 4 0 0 0 99 0 0 3.68715
1 1 133.75 8 0 -1 4 0 0 0 99 0 0 4.02561
1 1 133.75 9 0 -1 4 0 0 0 99 0 0 9.10253
1 1 133.75 10 0 -1 4 0 0 0 99 0 0 10.4564
1 1 133.75 11 0 -1 4 0 0 0 99 0 0 15.1948
1 1 133.75 12 0 -1 4 0 0 0 99 0 0 8.76407
1 1 133.75 12 0 -1 4 0 0 0 99 0 0 4.02561
1 2 133.75 1 0 -1 4 0 0 0 99 0 0 19.9333
1 2 133.75 1 0 -1 4 0 0 0 99 0 0 3.01022
1 2 133.75 2 0 -1 4 0 0 0 99 0 0 12.1487
1 2 133.75 3 0 -1 4 0 0 0 99 0 0 3.01022
1 2 133.75 3 0 -1 4 0 0 0 99 0 0 6.39484
1 2 133.75 4 0 -1 4 0 0 0 99 0 0 5.71792
1 2 133.75 5 0 -1 4 0 0 0 99 0 0 2.67176
t 1 133.75 -3 1 1 0 0 0 0 -2
_00Quinto
1 1 133.75 6 0 0 4 0 0 -2
1 2 133.75 5 0 0 4 0 0 -2
1 1 133.75 112 0 1 4 0 0 -1.66
1 1 170 2 0 -1 4 0 0 0 99 0 0 8.81751
1 1 170 3 0 -1 4 0 0 0 99 0 0 10.207
1 1 170 4 0 -1 4 0 0 0 99 0 0 13.4491
1 1 170 5 0 -1 4 0 0 0 99 0 0 12.9859
1 1 170 5 0 -1 4 0 0 0 99 0 0 3.25962
1 1 170 6 0 -1 4 0 0 0 99 0 0 19.9333
1 1 170 7 0 -1 4 0 0 0 99 0 0 15.3017
1 1 170 8 0 -1 4 0 0 0 99 0 0 3.72277
1 1 170 8 0 -1 4 0 0 0 99 0 0 7.42804
1 1 170 9 0 -1 4 0 0 0 99 0 0 15.3017
1 1 170 10 0 -1 4 0 0 0 99 0 0 10.6701
1 1 170 11 0 -1 4 0 0 0 99 0 0 7.42804
1 1 170 12 0 -1 4 0 0 0 99 0 0 4.64909
1 2 170 1 0 -1 4 0 0 0 99 0 0 3.25962
t 1 170 -3 1 1 0 0 0 0 -2
_00Basso
1 1 170 2 0 0 4 0 0 -2
1 2 170 1 0 0 4 0 0 -2
1 1 170 106 0 1 4 0 0 -1.66
