#define SVG t 1 1 \n_99%svg%
t 2 10 14 1 1 0 0 0 0 -1.35
_00
8 1 0 0 0 200
8 2 0 -6 0 200
14 1 0 2
14 1 200 2
14 1 0 2 8
3 2 2
3 1 2 0 1
1 2 25 1 0 -1 4 0 0 0 99 0 0 3.31108
1 2 25 2 0 -1 4 0 0 0 99 0 0 3.31108
1 2 25 3 0 -1 4 0 0 0 99 0 0 2.82219
1 2 25 3 0 -1 4 0 0 0 99 0 0 4.28886
1 2 25 4 0 -1 4 0 0 0 99 0 0 8.68886
1 2 25 4 0 -1 4 0 0 0 99 0 0 4.77774
1 2 25 5 0 -1 4 0 0 0 99 0 0 14.0666
1 2 25 6 0 -1 4 0 0 0 99 0 0 19.4444
1 2 25 7 0 -1 4 0 0 0 99 0 0 19.4444
1 2 25 7 0 -1 4 0 0 0 99 0 0 3.31108
1 2 25 8 0 -1 4 0 0 0 99 0 0 15.5333
1 2 25 8 0 -1 4 0 0 0 99 0 0 3.79997
1 2 25 9 0 -1 4 0 0 0 99 0 0 19.9333
1 2 25 10 0 -1 4 0 0 0 99 0 0 4.77774
1 2 25 10 0 -1 4 0 0 0 99 0 0 3.31108
1 2 25 11 0 -1 4 0 0 0 99 0 0 3.31108
t 1 25 -3 1 1 0 0 0 0 -2
_00Canto
1 2 25 1 0 0 4 0 0 -2
1 2 25 11 0 0 4 0 0 -2
1 2 25 107 0 1 4 0 0 -1.66
1 2 61.25 1 0 -1 4 0 0 0 99 0 0 3.1714
1 2 61.25 2 0 -1 4 0 0 0 99 0 0 3.59044
1 2 61.25 3 0 -1 4 0 0 0 99 0 0 3.59044
1 2 61.25 4 0 -1 4 0 0 0 99 0 0 7.78092
1 2 61.25 4 0 -1 4 0 0 0 99 0 0 5.26663
1 2 61.25 5 0 -1 4 0 0 0 99 0 0 17.419
1 2 61.25 6 0 -1 4 0 0 0 99 0 0 19.9333
1 2 61.25 7 0 -1 4 0 0 0 99 0 0 17.8381
1 2 61.25 7 0 -1 4 0 0 0 99 0 0 3.1714
1 2 61.25 8 0 -1 4 0 0 0 99 0 0 9.03806
1 2 61.25 8 0 -1 4 0 0 0 99 0 0 3.1714
1 2 61.25 9 0 -1 4 0 0 0 99 0 0 8.61901
1 2 61.25 10 0 -1 4 0 0 0 99 0 0 2.75235
1 2 61.25 10 0 -1 4 0 0 0 99 0 0 3.1714
1 2 61.25 11 0 -1 4 0 0 0 99 0 0 3.1714
t 1 61.25 -3 1 1 0 0 0 0 -2
_00Sesto
1 2 61.25 1 0 0 4 0 0 -2
1 2 61.25 11 0 0 4 0 0 -2
1 2 61.25 106 0 1 4 0 0 -1.66
1 1 97.5 12 0 -1 4 0 0 0 99 0 0 2.91035
1 1 97.5 12 0 -1 4 0 0 0 99 0 0 3.4874
1 2 97.5 1 0 -1 4 0 0 0 99 0 0 4.35297
1 2 97.5 2 0 -1 4 0 0 0 99 0 0 17.6251
1 2 97.5 3 0 -1 4 0 0 0 99 0 0 5.7956
1 2 97.5 3 0 -1 4 0 0 0 99 0 0 9.83494
1 2 97.5 4 0 -1 4 0 0 0 99 0 0 19.9333
1 2 97.5 4 0 -1 4 0 0 0 99 0 0 5.21855
1 2 97.5 5 0 -1 4 0 0 0 99 0 0 6.66117
t 1 97.5 -3 1 1 0 0 0 0 -2
_00Alto
1 1 97.5 12 0 0 4 0 0 -2
1 2 97.5 5 0 0 4 0 0 -2
1 2 97.5 103 0 1 4 0 0 -1.66
1 1 133.75 7 0 -1 4 0 0 0 99 0 0 6.43997
1 1 133.75 8 0 -1 4 0 0 0 99 0 0 2.91997
1 1 133.75 8 0 -1 4 0 0 0 99 0 0 4.0933
1 1 133.75 9 0 -1 4 0 0 0 99 0 0 15.8266
1 1 133.75 9 0 -1 4 0 0 0 99 0 0 2.91997
1 1 133.75 10 0 -1 4 0 0 0 99 0 0 16.4133
1 1 133.75 11 0 -1 4 0 0 0 99 0 0 17
1 1 133.75 12 0 -1 4 0 0 0 99 0 0 19.9333
1 2 133.75 1 0 -1 4 0 0 0 99 0 0 12.8933
1 2 133.75 2 0 -1 4 0 0 0 99 0 0 18.76
1 2 133.75 3 0 -1 4 0 0 0 99 0 0 2.91997
1 2 133.75 3 0 -1 4 0 0 0 99 0 0 2.91997
1 2 133.75 4 0 -1 4 0 0 0 99 0 0 4.0933
t 1 133.75 -3 1 1 0 0 0 0 -2
_00Quinto
1 1 133.75 7 0 0 4 0 0 -2
1 2 133.75 4 0 0 4 0 0 -2
1 1 133.75 111 0 1 4 0 0 -1.66
1 1 170 2 0 -1 4 0 0 0 99 0 0 4.0933
1 1 170 3 0 -1 4 0 0 0 99 0 0 8.4933
1 1 170 4 0 -1 4 0 0 0 99 0 0 4.9733
1 1 170 5 0 -1 4 0 0 0 99 0 0 15.5333
1 1 170 5 0 -1 4 0 0 0 99 0 0 3.2133
1 1 170 6 0 -1 4 0 0 0 99 0 0 13.3333
1 1 170 7 0 -1 4 0 0 0 99 0 0 19.9333
1 1 170 8 0 -1 4 0 0 0 99 0 0 5.8533
1 1 170 8 0 -1 4 0 0 0 99 0 0 4.5333
1 1 170 9 0 -1 4 0 0 0 99 0 0 8.0533
1 1 170 10 0 -1 4 0 0 0 99 0 0 3.6533
1 1 170 11 0 -1 4 0 0 0 99 0 0 2.7733
1 1 170 12 0 -1 4 0 0 0 99 0 0 2.7733
t 1 170 -3 1 1 0 0 0 0 -2
_00Basso
1 1 170 2 0 0 4 0 0 -2
1 1 170 12 0 0 4 0 0 -2
1 1 170 106 0 1 4 0 0 -1.66
