#define SVG t 1 1 \n_99%svg%
t 2 10 14 1 1 0 0 0 0 -1.35
_00
8 1 0 0 0 200
8 2 0 -6 0 200
14 1 0 2
14 1 200 2
14 1 0 2 8
3 2 2
3 1 2 0 1
1 1 25 10 0 -1 4 0 0 0 99 0 0 4.0933
1 2 25 1 0 -1 4 0 0 0 99 0 0 4.5333
1 2 25 2 0 -1 4 0 0 0 99 0 0 6.7333
1 2 25 3 0 -1 4 0 0 0 99 0 0 4.0933
1 2 25 4 0 -1 4 0 0 0 99 0 0 7.6133
1 2 25 4 0 -1 4 0 0 0 99 0 0 4.5333
1 2 25 5 0 -1 4 0 0 0 99 0 0 19.9333
1 2 25 6 0 -1 4 0 0 0 99 0 0 15.0933
1 2 25 7 0 -1 4 0 0 0 99 0 0 6.2933
1 2 25 8 0 -1 4 0 0 0 99 0 0 5.4133
1 2 25 9 0 -1 4 0 0 0 99 0 0 2.7733
t 1 25 -3 1 1 0 0 0 0 -2
_00Alto
1 1 25 10 0 0 4 0 0 -2
1 2 25 9 0 0 4 0 0 -2
1 2 25 105 0 1 4 0 0 -1.66
1 1 97.5 9 0 -1 4 0 0 0 99 0 0 2.98515
1 1 97.5 10 0 -1 4 0 0 0 99 0 0 4.94071
1 1 97.5 11 0 -1 4 0 0 0 99 0 0 7.54811
1 1 97.5 12 0 -1 4 0 0 0 99 0 0 7.54811
1 2 97.5 1 0 -1 4 0 0 0 99 0 0 12.1111
1 2 97.5 1 0 -1 4 0 0 0 99 0 0 2.98515
1 2 97.5 2 0 -1 4 0 0 0 99 0 0 19.9333
1 2 97.5 3 0 -1 4 0 0 0 99 0 0 10.1555
1 2 97.5 4 0 -1 4 0 0 0 99 0 0 8.85182
1 2 97.5 5 0 -1 4 0 0 0 99 0 0 8.19997
1 2 97.5 6 0 -1 4 0 0 0 99 0 0 4.28886
t 1 97.5 -3 1 1 0 0 0 0 -2
_00Tenore
1 1 97.5 9 0 0 4 0 0 -2
1 2 97.5 6 0 0 4 0 0 -2
1 2 97.5 102 0 1 4 0 0 -1.66
1 1 170 5 0 -1 4 0 0 0 99 0 0 3.86373
1 1 170 6 0 -1 4 0 0 0 99 0 0 7.68982
1 1 170 7 0 -1 4 0 0 0 99 0 0 12.2811
1 1 170 8 0 -1 4 0 0 0 99 0 0 4.62895
1 1 170 8 0 -1 4 0 0 0 99 0 0 3.86373
1 1 170 9 0 -1 4 0 0 0 99 0 0 13.0463
1 1 170 9 0 -1 4 0 0 0 99 0 0 3.09852
1 1 170 10 0 -1 4 0 0 0 99 0 0 19.9333
1 1 170 11 0 -1 4 0 0 0 99 0 0 9.98547
1 1 170 12 0 -1 4 0 0 0 99 0 0 8.45504
1 2 170 1 0 -1 4 0 0 0 99 0 0 8.45504
1 2 170 2 0 -1 4 0 0 0 99 0 0 4.62895
t 1 170 -3 1 1 0 0 0 0 -2
_00Basso
1 1 170 5 0 0 4 0 0 -2
1 2 170 2 0 0 4 0 0 -2
1 1 170 110 0 1 4 0 0 -1.66
