#define SVG t 1 1 \n_99%svg%
t 2 10 14 1 1 0 0 0 0 -1.35
_00
8 1 0 0 0 200
8 2 0 -6 0 200
14 1 0 2
14 1 200 2
14 1 0 2 8
3 2 2
3 1 2 0 1
1 2 25 1 0 -1 4 0 0 0 99 0 0 3.1714
1 2 25 3 0 -1 4 0 0 0 99 0 0 8.61901
1 2 25 4 0 -1 4 0 0 0 99 0 0 6.94282
1 2 25 4 0 -1 4 0 0 0 99 0 0 2.75235
1 2 25 5 0 -1 4 0 0 0 99 0 0 9.03806
1 2 25 6 0 -1 4 0 0 0 99 0 0 4.42854
1 2 25 6 0 -1 4 0 0 0 99 0 0 19.9333
1 2 25 7 0 -1 4 0 0 0 99 0 0 10.7143
1 2 25 8 0 -1 4 0 0 0 99 0 0 11.9714
1 2 25 8 0 -1 4 0 0 0 99 0 0 3.1714
1 2 25 9 0 -1 4 0 0 0 99 0 0 9.03806
1 2 25 10 0 -1 4 0 0 0 99 0 0 7.36187
t 1 25 -3 1 1 0 0 0 0 -2
_00Sesto
1 2 25 1 0 0 4 0 0 -2
1 2 25 10 0 0 4 0 0 -2
1 2 25 106 0 1 4 0 0 -1.66
1 1 61.25 8 0 -1 4 0 0 0 99 0 0 2.8833
1 1 61.25 9 0 -1 4 0 0 0 99 0 0 3.4333
1 1 61.25 10 0 -1 4 0 0 0 99 0 0 5.6333
1 1 61.25 11 0 -1 4 0 0 0 99 0 0 18.8333
1 1 61.25 12 0 -1 4 0 0 0 99 0 0 3.4333
1 1 61.25 12 0 -1 4 0 0 0 99 0 0 13.3333
1 2 61.25 1 0 -1 4 0 0 0 99 0 0 17.1833
1 2 61.25 1 0 -1 4 0 0 0 99 0 0 3.4333
1 2 61.25 2 0 -1 4 0 0 0 99 0 0 19.9333
1 2 61.25 3 0 -1 4 0 0 0 99 0 0 18.8333
1 2 61.25 4 0 -1 4 0 0 0 99 0 0 8.3833
1 2 61.25 5 0 -1 4 0 0 0 99 0 0 8.3833
1 2 61.25 6 0 -1 4 0 0 0 99 0 0 5.6333
t 1 61.25 -3 1 1 0 0 0 0 -2
_00Alto
1 1 61.25 8 0 0 4 0 0 -2
1 2 61.25 6 0 0 4 0 0 -2
1 2 61.25 101 0 1 4 0 0 -1.66
1 1 97.5 8 0 -1 4 0 0 0 99 0 0 3.1333
1 1 97.5 10 0 -1 4 0 0 0 99 0 0 3.5333
1 1 97.5 11 0 -1 4 0 0 0 99 0 0 9.1333
1 1 97.5 12 0 -1 4 0 0 0 99 0 0 7.5333
1 2 97.5 1 0 -1 4 0 0 0 99 0 0 11.9333
1 2 97.5 2 0 -1 4 0 0 0 99 0 0 11.9333
1 2 97.5 3 0 -1 4 0 0 0 99 0 0 19.9333
1 2 97.5 4 0 -1 4 0 0 0 99 0 0 13.5333
1 2 97.5 4 0 -1 4 0 0 0 99 0 0 2.7333
1 2 97.5 5 0 -1 4 0 0 0 99 0 0 7.9333
1 2 97.5 6 0 -1 4 0 0 0 99 0 0 3.9333
t 1 97.5 -3 1 1 0 0 0 0 -2
_00Quinto
1 1 97.5 8 0 0 4 0 0 -2
1 2 97.5 6 0 0 4 0 0 -2
1 2 97.5 103 0 1 4 0 0 -1.66
1 1 133.75 6 0 -1 4 0 0 0 99 0 0 4.58971
1 1 133.75 7 0 -1 4 0 0 0 99 0 0 7.2974
1 1 133.75 8 0 -1 4 0 0 0 99 0 0 13.6154
1 1 133.75 9 0 -1 4 0 0 0 99 0 0 9.10253
1 1 133.75 10 0 -1 4 0 0 0 99 0 0 10.0051
1 1 133.75 11 0 -1 4 0 0 0 99 0 0 3.23586
1 1 133.75 11 0 -1 4 0 0 0 99 0 0 19.9333
1 1 133.75 12 0 -1 4 0 0 0 99 0 0 9.10253
1 2 133.75 1 0 -1 4 0 0 0 99 0 0 10.9077
1 2 133.75 2 0 -1 4 0 0 0 99 0 0 9.10253
1 2 133.75 3 0 -1 4 0 0 0 99 0 0 6.84612
1 2 133.75 4 0 -1 4 0 0 0 99 0 0 2.78458
t 1 133.75 -3 1 1 0 0 0 0 -2
_00Tenore
1 1 133.75 6 0 0 4 0 0 -2
1 2 133.75 4 0 0 4 0 0 -2
1 1 133.75 111 0 1 4 0 0 -1.66
1 1 170 2 0 -1 4 0 0 0 99 0 0 3.79997
1 1 170 3 0 -1 4 0 0 0 99 0 0 3.79997
1 1 170 4 0 -1 4 0 0 0 99 0 0 14.8
1 1 170 5 0 -1 4 0 0 0 99 0 0 3.06663
1 1 170 5 0 -1 4 0 0 0 99 0 0 5.99997
1 1 170 6 0 -1 4 0 0 0 99 0 0 11.1333
1 1 170 6 0 -1 4 0 0 0 99 0 0 3.06663
1 1 170 7 0 -1 4 0 0 0 99 0 0 19.9333
1 1 170 8 0 -1 4 0 0 0 99 0 0 3.06663
1 1 170 8 0 -1 4 0 0 0 99 0 0 18.4666
1 1 170 9 0 -1 4 0 0 0 99 0 0 14.8
1 1 170 10 0 -1 4 0 0 0 99 0 0 9.66663
1 1 170 11 0 -1 4 0 0 0 99 0 0 3.79997
1 1 170 11 0 -1 4 0 0 0 99 0 0 11.8666
1 1 170 12 0 -1 4 0 0 0 99 0 0 3.06663
t 1 170 -3 1 1 0 0 0 0 -2
_00Basso
1 1 170 2 0 0 4 0 0 -2
1 1 170 12 0 0 4 0 0 -2
1 1 170 108 0 1 4 0 0 -1.66
