#define SVG t 1 1 \n_99%svg%
t 2 10 14 1 1 0 0 0 0 -1.35
_00
8 1 0 0 0 200
8 2 0 -6 0 200
14 1 0 2
14 1 200 2
14 1 0 2 8
3 2 2
3 1 2 0 1
1 2 25 1 0 -1 4 0 0 0 99 0 0 3.0373
1 2 25 2 0 -1 4 0 0 0 99 0 0 4.4453
1 2 25 3 0 -1 4 0 0 0 99 0 0 4.4453
1 2 25 4 0 -1 4 0 0 0 99 0 0 7.2613
1 2 25 4 0 -1 4 0 0 0 99 0 0 4.4453
1 2 25 5 0 -1 4 0 0 0 99 0 0 19.2293
1 2 25 6 0 -1 4 0 0 0 99 0 0 16.4133
1 2 25 7 0 -1 4 0 0 0 99 0 0 19.9333
1 2 25 7 0 -1 4 0 0 0 99 0 0 3.7413
1 2 25 8 0 -1 4 0 0 0 99 0 0 18.5253
1 2 25 9 0 -1 4 0 0 0 99 0 0 17.1173
1 2 25 10 0 -1 4 0 0 0 99 0 0 3.7413
1 2 25 10 0 -1 4 0 0 0 99 0 0 3.7413
1 2 25 11 0 -1 4 0 0 0 99 0 0 5.8533
t 1 25 -3 1 1 0 0 0 0 -2
_00?[Canto I?]
1 2 25 1 0 0 4 0 0 -2
1 2 25 11 0 0 4 0 0 -2
1 2 25 107 0 1 4 0 0 -1.66
1 2 61.25 1 0 -1 4 0 0 0 99 0 0 2.85095
1 2 61.25 2 0 -1 4 0 0 0 99 0 0 3.88624
1 2 61.25 3 0 -1 4 0 0 0 99 0 0 5.43918
1 2 61.25 4 0 -1 4 0 0 0 99 0 0 7.50977
1 2 61.25 4 0 -1 4 0 0 0 99 0 0 3.88624
1 2 61.25 5 0 -1 4 0 0 0 99 0 0 15.7921
1 2 61.25 6 0 -1 4 0 0 0 99 0 0 18.3804
1 2 61.25 7 0 -1 4 0 0 0 99 0 0 19.9333
1 2 61.25 7 0 -1 4 0 0 0 99 0 0 3.36859
1 2 61.25 8 0 -1 4 0 0 0 99 0 0 14.7568
1 2 61.25 9 0 -1 4 0 0 0 99 0 0 13.2039
1 2 61.25 10 0 -1 4 0 0 0 99 0 0 3.88624
1 2 61.25 10 0 -1 4 0 0 0 99 0 0 3.36859
1 2 61.25 11 0 -1 4 0 0 0 99 0 0 3.36859
t 1 61.25 -3 1 1 0 0 0 0 -2
_00?[Canto II?]
1 2 61.25 1 0 0 4 0 0 -2
1 2 61.25 11 0 0 4 0 0 -2
1 2 61.25 107 0 1 4 0 0 -1.66
1 1 97.5 7 0 -1 4 0 0 0 99 0 0 3.01022
1 1 97.5 8 0 -1 4 0 0 0 99 0 0 3.68715
1 1 97.5 9 0 -1 4 0 0 0 99 0 0 6.39484
1 1 97.5 10 0 -1 4 0 0 0 99 0 0 8.42561
1 1 97.5 11 0 -1 4 0 0 0 99 0 0 9.10253
1 1 97.5 12 0 -1 4 0 0 0 99 0 0 10.4564
1 2 97.5 1 0 -1 4 0 0 0 99 0 0 14.5179
1 2 97.5 2 0 -1 4 0 0 0 99 0 0 19.9333
1 2 97.5 3 0 -1 4 0 0 0 99 0 0 8.42561
1 2 97.5 3 0 -1 4 0 0 0 99 0 0 7.07176
1 2 97.5 4 0 -1 4 0 0 0 99 0 0 6.39484
1 2 97.5 5 0 -1 4 0 0 0 99 0 0 3.68715
t 1 97.5 -3 1 1 0 0 0 0 -2
_00Tenore
1 1 97.5 7 0 0 4 0 0 -2
1 2 97.5 5 0 0 4 0 0 -2
1 2 97.5 101 0 1 4 0 0 -1.66
1 1 133.75 3 0 -1 4 0 0 0 99 0 0 9.74383
1 1 133.75 5 0 -1 4 0 0 0 99 0 0 5.11225
1 1 133.75 6 0 -1 4 0 0 0 99 0 0 13.4491
1 1 133.75 7 0 -1 4 0 0 0 99 0 0 18.0807
1 1 133.75 8 0 -1 4 0 0 0 99 0 0 9.74383
1 1 133.75 8 0 -1 4 0 0 0 99 0 0 9.74383
1 1 133.75 9 0 -1 4 0 0 0 99 0 0 19.9333
1 1 133.75 9 0 -1 4 0 0 0 99 0 0 3.25962
1 1 133.75 10 0 -1 4 0 0 0 99 0 0 18.0807
1 1 133.75 11 0 -1 4 0 0 0 99 0 0 12.5228
1 1 133.75 12 0 -1 4 0 0 0 99 0 0 8.81751
1 2 133.75 1 0 -1 4 0 0 0 99 0 0 6.03856
t 1 133.75 -3 1 1 0 0 0 0 -2
_00Basso
1 1 133.75 3 0 0 4 0 0 -2
1 2 133.75 1 0 0 4 0 0 -2
1 1 133.75 109 0 1 4 0 0 -1.66
1 1 170 2 0 -1 4 0 0 0 99 0 0 3.68715
1 1 170 3 0 -1 4 0 0 0 99 0 0 7.74868
1 1 170 4 0 -1 4 0 0 0 99 0 0 3.68715
1 1 170 5 0 -1 4 0 0 0 99 0 0 10.4564
1 1 170 6 0 -1 4 0 0 0 99 0 0 15.1948
1 1 170 7 0 -1 4 0 0 0 99 0 0 18.5795
1 1 170 8 0 -1 4 0 0 0 99 0 0 11.1333
1 1 170 8 0 -1 4 0 0 0 99 0 0 6.39484
1 1 170 9 0 -1 4 0 0 0 99 0 0 14.5179
1 1 170 9 0 -1 4 0 0 0 99 0 0 5.04099
1 1 170 10 0 -1 4 0 0 0 99 0 0 19.9333
1 1 170 11 0 -1 4 0 0 0 99 0 0 7.74868
1 1 170 12 0 -1 4 0 0 0 99 0 0 7.74868
1 2 170 1 0 -1 4 0 0 0 99 0 0 5.04099
t 1 170 -3 1 1 0 0 0 0 -2
_00Basso continuo
1 1 170 2 0 0 4 0 0 -2
1 2 170 1 0 0 4 0 0 -2
1 1 170 108 0 1 4 0 0 -1.66
