#define SVG t 1 1 \n_99%svg%
t 2 10 14 1 1 0 0 0 0 -1.35
_00
8 1 0 0 0 200
8 2 0 -6 0 200
14 1 0 2
14 1 200 2
14 1 0 2 8
3 2 2
3 1 2 0 1
1 2 25 1 0 -1 4 0 0 0 99 0 0 3.56121
1 2 25 1 0 -1 4 0 0 0 99 0 0 2.7426
1 2 25 2 0 -1 4 0 0 0 99 0 0 5.60772
1 2 25 3 0 -1 4 0 0 0 99 0 0 8.88214
1 2 25 4 0 -1 4 0 0 0 99 0 0 15.0217
1 2 25 4 0 -1 4 0 0 0 99 0 0 2.7426
1 2 25 5 0 -1 4 0 0 0 99 0 0 17.4775
1 2 25 6 0 -1 4 0 0 0 99 0 0 19.9333
1 2 25 7 0 -1 4 0 0 0 99 0 0 12.9752
1 2 25 7 0 -1 4 0 0 0 99 0 0 3.1519
1 2 25 8 0 -1 4 0 0 0 99 0 0 12.9752
1 2 25 8 0 -1 4 0 0 0 99 0 0 2.7426
1 2 25 9 0 -1 4 0 0 0 99 0 0 6.01702
t 1 25 -3 1 1 0 0 0 0 -2
_00Canto
1 2 25 1 0 0 4 0 0 -2
1 2 25 9 0 0 4 0 0 -2
1 2 25 106 0 1 4 0 0 -1.66
1 1 61.25 9 0 -1 4 0 0 0 99 0 0 2.79646
1 1 61.25 10 0 -1 4 0 0 0 99 0 0 4.64909
1 1 61.25 11 0 -1 4 0 0 0 99 0 0 7.42804
1 1 61.25 12 0 -1 4 0 0 0 99 0 0 6.96488
1 1 61.25 12 0 -1 4 0 0 0 99 0 0 3.72277
1 2 61.25 1 0 -1 4 0 0 0 99 0 0 16.6912
1 2 61.25 1 0 -1 4 0 0 0 99 0 0 3.25962
1 2 61.25 2 0 -1 4 0 0 0 99 0 0 19.9333
1 2 61.25 3 0 -1 4 0 0 0 99 0 0 15.7649
1 2 61.25 4 0 -1 4 0 0 0 99 0 0 17.6175
1 2 61.25 4 0 -1 4 0 0 0 99 0 0 6.96488
1 2 61.25 5 0 -1 4 0 0 0 99 0 0 12.9859
1 2 61.25 6 0 -1 4 0 0 0 99 0 0 5.57541
t 1 61.25 -3 1 1 0 0 0 0 -2
_00Alto
1 1 61.25 9 0 0 4 0 0 -2
1 2 61.25 6 0 0 4 0 0 -2
1 2 61.25 103 0 1 4 0 0 -1.66
1 1 97.5 6 0 -1 4 0 0 0 99 0 0 4.0933
1 1 97.5 7 0 -1 4 0 0 0 99 0 0 6.7333
1 1 97.5 8 0 -1 4 0 0 0 99 0 0 7.1733
1 1 97.5 9 0 -1 4 0 0 0 99 0 0 12.4533
1 1 97.5 9 0 -1 4 0 0 0 99 0 0 3.6533
1 1 97.5 10 0 -1 4 0 0 0 99 0 0 17.2933
1 1 97.5 11 0 -1 4 0 0 0 99 0 0 19.9333
1 1 97.5 12 0 -1 4 0 0 0 99 0 0 14.2133
1 1 97.5 12 0 -1 4 0 0 0 99 0 0 2.7733
1 2 97.5 1 0 -1 4 0 0 0 99 0 0 14.6533
1 2 97.5 1 0 -1 4 0 0 0 99 0 0 3.2133
1 2 97.5 2 0 -1 4 0 0 0 99 0 0 10.2533
1 2 97.5 3 0 -1 4 0 0 0 99 0 0 2.7733
1 2 97.5 4 0 -1 4 0 0 0 99 0 0 3.2133
t 1 97.5 -3 1 1 0 0 0 0 -2
_00Tenore
1 1 97.5 6 0 0 4 0 0 -2
1 2 97.5 4 0 0 4 0 0 -2
1 1 97.5 111 0 1 4 0 0 -1.66
1 1 133.75 6 0 -1 4 0 0 0 99 0 0 4.92154
1 1 133.75 6 0 -1 4 0 0 0 99 0 0 2.85095
1 1 133.75 7 0 -1 4 0 0 0 99 0 0 7.50977
1 1 133.75 8 0 -1 4 0 0 0 99 0 0 9.58036
1 1 133.75 9 0 -1 4 0 0 0 99 0 0 16.3098
1 1 133.75 9 0 -1 4 0 0 0 99 0 0 3.36859
1 1 133.75 10 0 -1 4 0 0 0 99 0 0 16.8274
1 1 133.75 11 0 -1 4 0 0 0 99 0 0 19.9333
1 1 133.75 12 0 -1 4 0 0 0 99 0 0 10.6157
1 2 133.75 1 0 -1 4 0 0 0 99 0 0 13.7215
1 2 133.75 2 0 -1 4 0 0 0 99 0 0 9.06271
1 2 133.75 3 0 -1 4 0 0 0 99 0 0 3.88624
1 2 133.75 4 0 -1 4 0 0 0 99 0 0 3.36859
t 1 133.75 -3 1 1 0 0 0 0 -2
_00Quinto
1 1 133.75 6 0 0 4 0 0 -2
1 2 133.75 4 0 0 4 0 0 -2
1 1 133.75 111 0 1 4 0 0 -1.66
1 1 170 1 0 -1 4 0 0 0 99 0 0 2.98515
1 1 170 2 0 -1 4 0 0 0 99 0 0 7.54811
1 1 170 2 0 -1 4 0 0 0 99 0 0 2.98515
1 1 170 3 0 -1 4 0 0 0 99 0 0 11.4592
1 1 170 4 0 -1 4 0 0 0 99 0 0 12.7629
1 1 170 5 0 -1 4 0 0 0 99 0 0 13.4148
1 1 170 5 0 -1 4 0 0 0 99 0 0 2.98515
1 1 170 6 0 -1 4 0 0 0 99 0 0 19.9333
1 1 170 7 0 -1 4 0 0 0 99 0 0 19.9333
1 1 170 8 0 -1 4 0 0 0 99 0 0 8.19997
1 1 170 9 0 -1 4 0 0 0 99 0 0 12.1111
1 1 170 10 0 -1 4 0 0 0 99 0 0 11.4592
1 1 170 11 0 -1 4 0 0 0 99 0 0 4.94071
t 1 170 -3 1 1 0 0 0 0 -2
_00Basso
1 1 170 1 0 0 4 0 0 -2
1 1 170 11 0 0 4 0 0 -2
1 1 170 106 0 1 4 0 0 -1.66
