#define SVG t 1 1 \n_99%svg%
t 2 10 14 1 1 0 0 0 0 -1.35
_00
8 1 0 0 0 200
8 2 0 -6 0 200
14 1 0 2
14 1 200 2
14 1 0 2 8
3 2 2
3 1 2 0 1
1 1 25 12 0 -1 4 0 0 0 99 0 0 2.84344
1 2 25 1 0 -1 4 0 0 0 99 0 0 4.37388
1 2 25 2 0 -1 4 0 0 0 99 0 0 8.19997
1 2 25 3 0 -1 4 0 0 0 99 0 0 3.86373
1 2 25 3 0 -1 4 0 0 0 99 0 0 6.41446
1 2 25 4 0 -1 4 0 0 0 99 0 0 10.2405
1 2 25 4 0 -1 4 0 0 0 99 0 0 3.09852
1 2 25 5 0 -1 4 0 0 0 99 0 0 17.6376
1 2 25 6 0 -1 4 0 0 0 99 0 0 18.6579
1 2 25 7 0 -1 4 0 0 0 99 0 0 19.9333
1 2 25 7 0 -1 4 0 0 0 99 0 0 2.84344
1 2 25 8 0 -1 4 0 0 0 99 0 0 16.8724
1 2 25 9 0 -1 4 0 0 0 99 0 0 11.5159
1 2 25 10 0 -1 4 0 0 0 99 0 0 4.37388
1 2 25 10 0 -1 4 0 0 0 99 0 0 3.35359
1 2 25 11 0 -1 4 0 0 0 99 0 0 3.86373
t 1 25 -3 1 1 0 0 0 0 -2
_00?[Canto?]
1 1 25 12 0 0 4 0 0 -2
1 2 25 11 0 0 4 0 0 -2
1 2 25 106 0 1 4 0 0 -1.66
1 1 170 0 0 -1 4 0 0 0 99 0 0 4.84759
1 1 170 2 0 -1 4 0 0 0 99 0 0 5.68568
1 1 170 3 0 -1 4 0 0 0 99 0 0 8.19997
1 1 170 5 0 -1 4 0 0 0 99 0 0 9.87616
1 1 170 6 0 -1 4 0 0 0 99 0 0 6.52378
1 1 170 7 0 -1 4 0 0 0 99 0 0 19.9333
1 1 170 8 0 -1 4 0 0 0 99 0 0 11.5523
1 1 170 9 0 -1 4 0 0 0 99 0 0 10.7143
1 1 170 10 0 -1 4 0 0 0 99 0 0 13.2285
1 1 170 11 0 -1 4 0 0 0 99 0 0 4.84759
1 2 170 1 0 -1 4 0 0 0 99 0 0 4.00949
t 1 170 -4 1 1 0 0 0 0 -2
_00?[Basso continuo?]
1 1 170 0 0 0 4 0 0 -2
1 2 170 1 0 0 4 0 0 -2
1 1 170 107 0 1 4 0 0 -1.66
