#define SVG t 1 1 \n_99%svg%
t 2 10 14 1 1 0 0 0 0 -1.35
_00
8 1 0 0 0 200
8 2 0 -6 0 200
14 1 0 2
14 1 200 2
14 1 0 2 8
3 2 2
3 1 2 0 1
1 1 25 12 0 -1 4 0 0 0 99 0 0 2.46367
1 2 25 1 0 -1 4 0 0 0 99 0 0 2.98515
1 2 25 2 0 -1 4 0 0 0 99 0 0 4.81034
1 2 25 3 0 -1 4 0 0 0 99 0 0 3.24589
1 2 25 3 0 -1 4 0 0 0 99 0 0 4.94071
1 2 25 4 0 -1 4 0 0 0 99 0 0 8.98219
1 2 25 4 0 -1 4 0 0 0 99 0 0 3.37626
1 2 25 5 0 -1 4 0 0 0 99 0 0 16.1526
1 2 25 6 0 -1 4 0 0 0 99 0 0 2.46367
1 2 25 6 0 -1 4 0 0 0 99 0 0 19.9333
1 2 25 7 0 -1 4 0 0 0 99 0 0 15.6311
1 2 25 8 0 -1 4 0 0 0 99 0 0 15.6311
1 2 25 9 0 -1 4 0 0 0 99 0 0 11.1985
1 2 25 10 0 -1 4 0 0 0 99 0 0 4.15849
1 2 25 10 0 -1 4 0 0 0 99 0 0 5.59256
1 2 25 11 0 -1 4 0 0 0 99 0 0 6.24441
1 2 25 11 0 -1 4 0 0 0 99 0 0 2.59404
1 2 25 12 0 -1 4 0 0 0 99 0 0 4.15849
t 1 25 -3 1 1 0 0 0 0 -2
_00?[Canto I?]
1 1 25 12 0 0 4 0 0 -2
1 2 25 12 0 0 4 0 0 -2
1 2 25 107 0 1 4 0 0 -1.66
1 1 97.5 12 0 -1 4 0 0 0 99 0 0 2.66854
1 2 97.5 1 0 -1 4 0 0 0 99 0 0 3.1714
1 2 97.5 2 0 -1 4 0 0 0 99 0 0 4.51235
1 2 97.5 3 0 -1 4 0 0 0 99 0 0 3.1714
1 2 97.5 3 0 -1 4 0 0 0 99 0 0 5.0152
1 2 97.5 4 0 -1 4 0 0 0 99 0 0 9.20568
1 2 97.5 4 0 -1 4 0 0 0 99 0 0 3.50663
1 2 97.5 5 0 -1 4 0 0 0 99 0 0 15.9104
1 2 97.5 6 0 -1 4 0 0 0 99 0 0 19.0952
1 2 97.5 7 0 -1 4 0 0 0 99 0 0 17.9219
1 2 97.5 8 0 -1 4 0 0 0 99 0 0 19.9333
1 2 97.5 9 0 -1 4 0 0 0 99 0 0 15.5752
1 2 97.5 10 0 -1 4 0 0 0 99 0 0 7.36187
1 2 97.5 10 0 -1 4 0 0 0 99 0 0 4.00949
1 2 97.5 11 0 -1 4 0 0 0 99 0 0 7.69711
1 2 97.5 12 0 -1 4 0 0 0 99 0 0 5.8533
t 1 97.5 -3 1 1 0 0 0 0 -2
_00?[Canto II?]
1 1 97.5 12 0 0 4 0 0 -2
1 2 97.5 12 0 0 4 0 0 -2
1 2 97.5 107 0 1 4 0 0 -1.66
1 1 170 3 0 -1 4 0 0 0 99 0 0 5.43918
1 1 170 5 0 -1 4 0 0 0 99 0 0 4.92154
1 1 170 6 0 -1 4 0 0 0 99 0 0 10.6157
1 1 170 7 0 -1 4 0 0 0 99 0 0 19.9333
1 1 170 8 0 -1 4 0 0 0 99 0 0 7.50977
1 1 170 8 0 -1 4 0 0 0 99 0 0 10.098
1 1 170 9 0 -1 4 0 0 0 99 0 0 14.7568
1 1 170 10 0 -1 4 0 0 0 99 0 0 12.6862
1 1 170 11 0 -1 4 0 0 0 99 0 0 7.50977
1 1 170 12 0 -1 4 0 0 0 99 0 0 4.92154
t 1 170 -3 1 1 0 0 0 0 -2
_00?[Basso continuo?]
1 1 170 3 0 0 4 0 0 -2
1 1 170 12 0 0 4 0 0 -2
1 1 170 108 0 1 4 0 0 -1.66
