#define SVG t 1 1 \n_99%svg%
t 2 10 14 1 1 0 0 0 0 -1.35
_00
8 1 0 0 0 200
8 2 0 -6 0 200
14 1 0 2
14 1 200 2
14 1 0 2 8
3 2 2
3 1 2 0 1
1 2 25 3 0 -1 4 0 0 0 99 0 0 2.69248
1 2 25 4 0 -1 4 0 0 0 99 0 0 4.4884
1 2 25 5 0 -1 4 0 0 0 99 0 0 3.77003
1 2 25 6 0 -1 4 0 0 0 99 0 0 8.79861
1 2 25 7 0 -1 4 0 0 0 99 0 0 5.92514
1 2 25 8 0 -1 4 0 0 0 99 0 0 19.9333
1 2 25 8 0 -1 4 0 0 0 99 0 0 2.69248
1 2 25 9 0 -1 4 0 0 0 99 0 0 9.15779
1 2 25 10 0 -1 4 0 0 0 99 0 0 7.72106
1 2 25 11 0 -1 4 0 0 0 99 0 0 5.20677
t 1 25 -3 1 1 0 0 0 0 -2
_00Canto
1 2 25 3 0 0 4 0 0 -2
1 2 25 11 0 0 4 0 0 -2
1 2 25 108 0 1 4 0 0 -1.66
1 1 170 8 0 -1 4 0 0 0 99 0 0 2.91997
1 1 170 9 0 -1 4 0 0 0 99 0 0 9.3733
1 1 170 10 0 -1 4 0 0 0 99 0 0 6.43997
1 1 170 11 0 -1 4 0 0 0 99 0 0 13.48
1 1 170 12 0 -1 4 0 0 0 99 0 0 5.8533
1 1 170 12 0 -1 4 0 0 0 99 0 0 6.43997
1 2 170 1 0 -1 4 0 0 0 99 0 0 19.9333
1 2 170 2 0 -1 4 0 0 0 99 0 0 15.8266
1 2 170 3 0 -1 4 0 0 0 99 0 0 17.5866
1 2 170 4 0 -1 4 0 0 0 99 0 0 18.76
1 2 170 5 0 -1 4 0 0 0 99 0 0 9.3733
1 2 170 6 0 -1 4 0 0 0 99 0 0 8.78663
t 1 170 -3 1 1 0 0 0 0 -2
_00Quinto
1 1 170 8 0 0 4 0 0 -2
1 2 170 6 0 0 4 0 0 -2
1 2 170 102 0 1 4 0 0 -1.66
