#define SVG t 1 1 \n_99%svg%
t 2 10 14 1 1 0 0 0 0 -1.35
_00
8 1 0 0 0 200
8 2 0 -6 0 200
14 1 0 2
14 1 200 2
14 1 0 2 8
3 2 2
3 1 2 0 1
1 2 25 2 0 -1 4 0 0 0 99 0 0 2.78458
1 2 25 3 0 -1 4 0 0 0 99 0 0 3.68715
1 2 25 4 0 -1 4 0 0 0 99 0 0 7.2974
1 2 25 4 0 -1 4 0 0 0 99 0 0 5.49227
1 2 25 5 0 -1 4 0 0 0 99 0 0 11.8102
1 2 25 6 0 -1 4 0 0 0 99 0 0 17.6769
1 2 25 7 0 -1 4 0 0 0 99 0 0 15.4205
1 2 25 8 0 -1 4 0 0 0 99 0 0 19.9333
1 2 25 9 0 -1 4 0 0 0 99 0 0 18.1282
1 2 25 10 0 -1 4 0 0 0 99 0 0 6.84612
1 2 25 10 0 -1 4 0 0 0 99 0 0 7.2974
1 2 25 11 0 -1 4 0 0 0 99 0 0 10.9077
t 1 25 -3 1 1 0 0 0 0 -2
_00Canto I
1 2 25 2 0 0 4 0 0 -2
1 2 25 11 0 0 4 0 0 -2
1 2 25 108 0 1 4 0 0 -1.66
1 2 97.5 1 0 -1 4 0 0 0 99 0 0 2.69248
1 2 97.5 2 0 -1 4 0 0 0 99 0 0 4.84759
1 2 97.5 3 0 -1 4 0 0 0 99 0 0 4.12922
1 2 97.5 4 0 -1 4 0 0 0 99 0 0 9.15779
1 2 97.5 4 0 -1 4 0 0 0 99 0 0 5.56595
1 2 97.5 5 0 -1 4 0 0 0 99 0 0 15.9823
1 2 97.5 6 0 -1 4 0 0 0 99 0 0 19.9333
1 2 97.5 7 0 -1 4 0 0 0 99 0 0 15.9823
1 2 97.5 8 0 -1 4 0 0 0 99 0 0 14.1864
1 2 97.5 9 0 -1 4 0 0 0 99 0 0 11.3129
1 2 97.5 10 0 -1 4 0 0 0 99 0 0 4.84759
1 2 97.5 10 0 -1 4 0 0 0 99 0 0 3.77003
1 2 97.5 11 0 -1 4 0 0 0 99 0 0 6.28432
1 2 97.5 12 0 -1 4 0 0 0 99 0 0 2.69248
t 1 97.5 -3 1 1 0 0 0 0 -2
_00Canto II
1 2 97.5 1 0 0 4 0 0 -2
1 2 97.5 12 0 0 4 0 0 -2
1 2 97.5 106 0 1 4 0 0 -1.66
1 1 170 2 0 -1 4 0 0 0 99 0 0 3.68715
1 1 170 3 0 -1 4 0 0 0 99 0 0 9.10253
1 1 170 4 0 -1 4 0 0 0 99 0 0 3.68715
1 1 170 5 0 -1 4 0 0 0 99 0 0 9.10253
1 1 170 6 0 -1 4 0 0 0 99 0 0 11.8102
1 1 170 7 0 -1 4 0 0 0 99 0 0 19.9333
1 1 170 8 0 -1 4 0 0 0 99 0 0 5.04099
1 1 170 8 0 -1 4 0 0 0 99 0 0 3.68715
1 1 170 9 0 -1 4 0 0 0 99 0 0 19.9333
1 1 170 9 0 -1 4 0 0 0 99 0 0 5.04099
1 1 170 10 0 -1 4 0 0 0 99 0 0 19.9333
1 1 170 11 0 -1 4 0 0 0 99 0 0 9.10253
1 1 170 12 0 -1 4 0 0 0 99 0 0 7.07176
t 1 170 -3 1 1 0 0 0 0 -2
_00Basso continuo
1 1 170 2 0 0 4 0 0 -2
1 1 170 12 0 0 4 0 0 -2
1 1 170 109 0 1 4 0 0 -1.66
