#define SVG t 1 1 \n_99%svg%
t 2 10 14 1 1 0 0 0 0 -1.35
_00
8 1 0 0 0 200
8 2 0 -6 0 200
14 1 0 2
14 1 200 2
14 1 0 2 8
3 2 2
3 1 2 0 1
1 2 25 5 0 -1 4 0 0 0 99 0 0 3.0373
1 2 25 6 0 -1 4 0 0 0 99 0 0 7.9653
1 2 25 7 0 -1 4 0 0 0 99 0 0 2.6853
1 2 25 7 0 -1 4 0 0 0 99 0 0 6.2053
1 2 25 8 0 -1 4 0 0 0 99 0 0 19.9333
1 2 25 8 0 -1 4 0 0 0 99 0 0 2.6853
1 2 25 9 0 -1 4 0 0 0 99 0 0 12.8933
1 2 25 10 0 -1 4 0 0 0 99 0 0 9.7253
1 2 25 11 0 -1 4 0 0 0 99 0 0 7.2613
1 2 25 12 0 -1 4 0 0 0 99 0 0 4.0933
t 1 25 -3 1 1 0 0 0 0 -2
_00Canto
1 2 25 5 0 0 4 0 0 -2
1 2 25 12 0 0 4 0 0 -2
1 2 25 108 0 1 4 0 0 -1.66
1 1 170 10 0 -1 4 0 0 0 99 0 0 2.83616
1 1 170 11 0 -1 4 0 0 0 99 0 0 6.35616
1 1 170 12 0 -1 4 0 0 0 99 0 0 2.83616
1 1 170 12 0 -1 4 0 0 0 99 0 0 5.8533
1 2 170 1 0 -1 4 0 0 0 99 0 0 15.4076
1 2 170 1 0 -1 4 0 0 0 99 0 0 4.84759
1 2 170 2 0 -1 4 0 0 0 99 0 0 16.4133
1 2 170 3 0 -1 4 0 0 0 99 0 0 19.9333
1 2 170 4 0 -1 4 0 0 0 99 0 0 17.9219
1 2 170 5 0 -1 4 0 0 0 99 0 0 10.379
1 2 170 6 0 -1 4 0 0 0 99 0 0 3.84187
t 1 170 -3 1 1 0 0 0 0 -2
_00Quinto
1 1 170 10 0 0 4 0 0 -2
1 2 170 6 0 0 4 0 0 -2
1 2 170 103 0 1 4 0 0 -1.66
