#define SVG t 1 1 \n_99%svg%
t 2 10 14 1 1 0 0 0 0 -1.35
_00
8 1 0 0 0 200
8 2 0 -6 0 200
14 1 0 2
14 1 200 2
14 1 0 2 8
3 2 2
3 1 2 0 1
1 2 25 1 0 -1 4 0 0 0 99 0 0 2.55058
1 2 25 2 0 -1 4 0 0 0 99 0 0 3.85429
1 2 25 3 0 -1 4 0 0 0 99 0 0 2.98515
1 2 25 3 0 -1 4 0 0 0 99 0 0 5.15799
1 2 25 4 0 -1 4 0 0 0 99 0 0 7.98268
1 2 25 4 0 -1 4 0 0 0 99 0 0 4.28886
1 2 25 5 0 -1 4 0 0 0 99 0 0 13.8493
1 2 25 6 0 -1 4 0 0 0 99 0 0 15.3703
1 2 25 7 0 -1 4 0 0 0 99 0 0 19.9333
1 2 25 8 0 -1 4 0 0 0 99 0 0 16.4568
1 2 25 9 0 -1 4 0 0 0 99 0 0 12.3284
1 2 25 10 0 -1 4 0 0 0 99 0 0 7.7654
1 2 25 10 0 -1 4 0 0 0 99 0 0 4.07157
1 2 25 11 0 -1 4 0 0 0 99 0 0 6.02713
1 2 25 12 0 -1 4 0 0 0 99 0 0 2.76787
t 1 25 -3 1 1 0 0 0 0 -2
_00?[Canto?]
1 2 25 1 0 0 4 0 0 -2
1 2 25 12 0 0 4 0 0 -2
1 2 25 107 0 1 4 0 0 -1.66
1 1 170 0 0 -1 4 0 0 0 99 0 0 4.7333
1 1 170 2 0 -1 4 0 0 0 99 0 0 5.5333
1 1 170 3 0 -1 4 0 0 0 99 0 0 3.9333
1 1 170 5 0 -1 4 0 0 0 99 0 0 9.5333
1 1 170 6 0 -1 4 0 0 0 99 0 0 9.5333
1 1 170 7 0 -1 4 0 0 0 99 0 0 15.1333
1 1 170 8 0 -1 4 0 0 0 99 0 0 9.5333
1 1 170 9 0 -1 4 0 0 0 99 0 0 19.9333
1 1 170 10 0 -1 4 0 0 0 99 0 0 14.3333
1 1 170 11 0 -1 4 0 0 0 99 0 0 3.1333
t 1 170 -4 1 1 0 0 0 0 -2
_00Basso continuo
1 1 170 0 0 0 4 0 0 -2
1 1 170 11 0 0 4 0 0 -2
1 1 170 108 0 1 4 0 0 -1.66
