#define SVG t 1 1 \n_99%svg%
t 2 10 14 1 1 0 0 0 0 -1.35
_00
8 1 0 0 0 200
8 2 0 -6 0 200
14 1 0 2
14 1 200 2
14 1 0 2 8
3 2 2
3 1 2 0 1
1 2 25 2 0 -1 4 0 0 0 99 0 0 5.57541
1 2 25 3 0 -1 4 0 0 0 99 0 0 3.72277
1 2 25 3 0 -1 4 0 0 0 99 0 0 3.72277
1 2 25 4 0 -1 4 0 0 0 99 0 0 9.74383
1 2 25 4 0 -1 4 0 0 0 99 0 0 5.57541
1 2 25 5 0 -1 4 0 0 0 99 0 0 14.3754
1 2 25 6 0 -1 4 0 0 0 99 0 0 11.5965
1 2 25 7 0 -1 4 0 0 0 99 0 0 19.9333
1 2 25 7 0 -1 4 0 0 0 99 0 0 4.18593
1 2 25 8 0 -1 4 0 0 0 99 0 0 15.7649
1 2 25 9 0 -1 4 0 0 0 99 0 0 10.207
1 2 25 10 0 -1 4 0 0 0 99 0 0 3.72277
1 2 25 10 0 -1 4 0 0 0 99 0 0 4.18593
1 2 25 11 0 -1 4 0 0 0 99 0 0 4.64909
t 1 25 -3 1 1 0 0 0 0 -2
_00?[Canto I?]
1 2 25 2 0 0 4 0 0 -2
1 2 25 11 0 0 4 0 0 -2
1 2 25 107 0 1 4 0 0 -1.66
1 1 61.25 10 0 -1 4 0 0 0 99 0 0 4.18593
1 1 61.25 11 0 -1 4 0 0 0 99 0 0 2.79646
1 1 61.25 12 0 -1 4 0 0 0 99 0 0 3.72277
1 2 61.25 1 0 -1 4 0 0 0 99 0 0 6.50172
1 2 61.25 1 0 -1 4 0 0 0 99 0 0 2.79646
1 2 61.25 2 0 -1 4 0 0 0 99 0 0 15.7649
1 2 61.25 3 0 -1 4 0 0 0 99 0 0 7.89119
1 2 61.25 3 0 -1 4 0 0 0 99 0 0 9.28067
1 2 61.25 4 0 -1 4 0 0 0 99 0 0 19.9333
1 2 61.25 4 0 -1 4 0 0 0 99 0 0 4.64909
1 2 61.25 5 0 -1 4 0 0 0 99 0 0 19.9333
1 2 61.25 6 0 -1 4 0 0 0 99 0 0 6.50172
1 2 61.25 7 0 -1 4 0 0 0 99 0 0 4.18593
t 1 61.25 -3 1 1 0 0 0 0 -2
_00?[Alto?]
1 1 61.25 10 0 0 4 0 0 -2
1 2 61.25 7 0 0 4 0 0 -2
1 2 61.25 104 0 1 4 0 0 -1.66
1 1 97.5 6 0 -1 4 0 0 0 99 0 0 2.90104
1 1 97.5 7 0 -1 4 0 0 0 99 0 0 3.46878
1 1 97.5 8 0 -1 4 0 0 0 99 0 0 2.90104
1 1 97.5 9 0 -1 4 0 0 0 99 0 0 5.73975
1 1 97.5 10 0 -1 4 0 0 0 99 0 0 12.5527
1 1 97.5 11 0 -1 4 0 0 0 99 0 0 17.0946
1 1 97.5 12 0 -1 4 0 0 0 99 0 0 13.6881
1 1 97.5 12 0 -1 4 0 0 0 99 0 0 4.60427
1 2 97.5 1 0 -1 4 0 0 0 99 0 0 17.0946
1 2 97.5 2 0 -1 4 0 0 0 99 0 0 19.9333
1 2 97.5 3 0 -1 4 0 0 0 99 0 0 8.01072
1 2 97.5 3 0 -1 4 0 0 0 99 0 0 5.73975
1 2 97.5 4 0 -1 4 0 0 0 99 0 0 6.87524
t 1 97.5 -3 1 1 0 0 0 0 -2
_00?[Tenore?]
1 1 97.5 6 0 0 4 0 0 -2
1 2 97.5 4 0 0 4 0 0 -2
1 2 97.5 101 0 1 4 0 0 -1.66
1 1 133.75 2 0 -1 4 0 0 0 99 0 0 3.01022
1 1 133.75 3 0 -1 4 0 0 0 99 0 0 8.42561
1 1 133.75 5 0 -1 4 0 0 0 99 0 0 10.4564
1 1 133.75 6 0 -1 4 0 0 0 99 0 0 17.9025
1 1 133.75 7 0 -1 4 0 0 0 99 0 0 17.9025
1 1 133.75 8 0 -1 4 0 0 0 99 0 0 14.5179
1 1 133.75 8 0 -1 4 0 0 0 99 0 0 7.74868
1 1 133.75 9 0 -1 4 0 0 0 99 0 0 19.9333
1 1 133.75 9 0 -1 4 0 0 0 99 0 0 3.01022
1 1 133.75 10 0 -1 4 0 0 0 99 0 0 14.5179
1 1 133.75 11 0 -1 4 0 0 0 99 0 0 7.07176
1 1 133.75 12 0 -1 4 0 0 0 99 0 0 8.42561
1 2 133.75 1 0 -1 4 0 0 0 99 0 0 3.68715
t 1 133.75 -3 1 1 0 0 0 0 -2
_00?[Basso?]
1 1 133.75 2 0 0 4 0 0 -2
1 2 133.75 1 0 0 4 0 0 -2
1 1 133.75 108 0 1 4 0 0 -1.66
1 1 170 0 0 -1 4 0 0 0 99 0 0 3.01022
1 1 170 1 0 -1 4 0 0 0 99 0 0 3.01022
1 1 170 2 0 -1 4 0 0 0 99 0 0 3.68715
1 1 170 3 0 -1 4 0 0 0 99 0 0 8.42561
1 1 170 4 0 -1 4 0 0 0 99 0 0 3.68715
1 1 170 5 0 -1 4 0 0 0 99 0 0 10.4564
1 1 170 6 0 -1 4 0 0 0 99 0 0 14.5179
1 1 170 7 0 -1 4 0 0 0 99 0 0 18.5795
1 1 170 8 0 -1 4 0 0 0 99 0 0 11.1333
1 1 170 8 0 -1 4 0 0 0 99 0 0 5.71792
1 1 170 9 0 -1 4 0 0 0 99 0 0 13.841
1 1 170 9 0 -1 4 0 0 0 99 0 0 4.36407
1 1 170 10 0 -1 4 0 0 0 99 0 0 19.9333
1 1 170 11 0 -1 4 0 0 0 99 0 0 7.74868
1 1 170 12 0 -1 4 0 0 0 99 0 0 8.42561
1 2 170 1 0 -1 4 0 0 0 99 0 0 5.04099
t 1 170 -4 1 1 0 0 0 0 -2
_00?[Basso continuo?]
1 1 170 0 0 0 4 0 0 -2
1 2 170 1 0 0 4 0 0 -2
1 1 170 108 0 1 4 0 0 -1.66
