#define SVG t 1 1 \n_99%svg%
t 2 10 14 1 1 0 0 0 0 -1.35
_00
8 1 0 0 0 200
8 2 0 -6 0 200
14 1 0 2
14 1 200 2
14 1 0 2 8
3 2 2
3 1 2 0 1
1 2 25 1 0 -1 4 0 0 0 99 0 0 3.1714
1 2 25 2 0 -1 4 0 0 0 99 0 0 3.1714
1 2 25 3 0 -1 4 0 0 0 99 0 0 3.59044
1 2 25 3 0 -1 4 0 0 0 99 0 0 3.59044
1 2 25 4 0 -1 4 0 0 0 99 0 0 9.87616
1 2 25 4 0 -1 4 0 0 0 99 0 0 4.84759
1 2 25 5 0 -1 4 0 0 0 99 0 0 19.9333
1 2 25 6 0 -1 4 0 0 0 99 0 0 16.1619
1 2 25 7 0 -1 4 0 0 0 99 0 0 15.3238
1 2 25 7 0 -1 4 0 0 0 99 0 0 6.52378
1 2 25 8 0 -1 4 0 0 0 99 0 0 12.8095
1 2 25 8 0 -1 4 0 0 0 99 0 0 2.75235
1 2 25 9 0 -1 4 0 0 0 99 0 0 10.2952
1 2 25 10 0 -1 4 0 0 0 99 0 0 5.26663
1 2 25 10 0 -1 4 0 0 0 99 0 0 3.59044
1 2 25 11 0 -1 4 0 0 0 99 0 0 6.10473
1 2 25 12 0 -1 4 0 0 0 99 0 0 3.1714
t 1 25 -3 1 1 0 0 0 0 -2
_00?[Canto I?]
1 2 25 1 0 0 4 0 0 -2
1 2 25 12 0 0 4 0 0 -2
1 2 25 106 0 1 4 0 0 -1.66
1 1 61.25 10 0 -1 4 0 0 0 99 0 0 3.28465
1 1 61.25 11 0 -1 4 0 0 0 99 0 0 2.80898
1 1 61.25 12 0 -1 4 0 0 0 99 0 0 4.71168
1 2 61.25 1 0 -1 4 0 0 0 99 0 0 8.51708
1 2 61.25 1 0 -1 4 0 0 0 99 0 0 3.28465
1 2 61.25 2 0 -1 4 0 0 0 99 0 0 15.1765
1 2 61.25 3 0 -1 4 0 0 0 99 0 0 8.04141
1 2 61.25 3 0 -1 4 0 0 0 99 0 0 8.04141
1 2 61.25 4 0 -1 4 0 0 0 99 0 0 18.5063
1 2 61.25 4 0 -1 4 0 0 0 99 0 0 3.28465
1 2 61.25 5 0 -1 4 0 0 0 99 0 0 19.9333
1 2 61.25 6 0 -1 4 0 0 0 99 0 0 8.04141
1 2 61.25 7 0 -1 4 0 0 0 99 0 0 7.09006
t 1 61.25 -3 1 1 0 0 0 0 -2
_00?[Alto?]
1 1 61.25 10 0 0 4 0 0 -2
1 2 61.25 7 0 0 4 0 0 -2
1 2 61.25 104 0 1 4 0 0 -1.66
1 1 97.5 8 0 -1 4 0 0 0 99 0 0 3.23586
1 1 97.5 9 0 -1 4 0 0 0 99 0 0 4.58971
1 1 97.5 10 0 -1 4 0 0 0 99 0 0 13.1641
1 1 97.5 11 0 -1 4 0 0 0 99 0 0 18.1282
1 1 97.5 12 0 -1 4 0 0 0 99 0 0 14.0666
1 1 97.5 12 0 -1 4 0 0 0 99 0 0 5.94356
1 2 97.5 1 0 -1 4 0 0 0 99 0 0 19.9333
1 2 97.5 2 0 -1 4 0 0 0 99 0 0 19.482
1 2 97.5 3 0 -1 4 0 0 0 99 0 0 8.65125
1 2 97.5 3 0 -1 4 0 0 0 99 0 0 3.68715
1 2 97.5 4 0 -1 4 0 0 0 99 0 0 5.04099
t 1 97.5 -3 1 1 0 0 0 0 -2
_00?[Tenore?]
1 1 97.5 8 0 0 4 0 0 -2
1 2 97.5 4 0 0 4 0 0 -2
1 2 97.5 101 0 1 4 0 0 -1.66
1 1 133.75 2 0 -1 4 0 0 0 99 0 0 4.99997
1 1 133.75 3 0 -1 4 0 0 0 99 0 0 9.26663
1 1 133.75 4 0 -1 4 0 0 0 99 0 0 3.39997
1 1 133.75 5 0 -1 4 0 0 0 99 0 0 9.26663
1 1 133.75 6 0 -1 4 0 0 0 99 0 0 19.9333
1 1 133.75 7 0 -1 4 0 0 0 99 0 0 15.6666
1 1 133.75 8 0 -1 4 0 0 0 99 0 0 9.26663
1 1 133.75 8 0 -1 4 0 0 0 99 0 0 7.1333
1 1 133.75 9 0 -1 4 0 0 0 99 0 0 13
1 1 133.75 9 0 -1 4 0 0 0 99 0 0 4.99997
1 1 133.75 10 0 -1 4 0 0 0 99 0 0 13.5333
1 1 133.75 11 0 -1 4 0 0 0 99 0 0 6.06663
1 1 133.75 12 0 -1 4 0 0 0 99 0 0 4.46663
t 1 133.75 -3 1 1 0 0 0 0 -2
_00?[Basso?]
1 1 133.75 2 0 0 4 0 0 -2
1 1 133.75 12 0 0 4 0 0 -2
1 1 133.75 107 0 1 4 0 0 -1.66
1 1 170 0 0 -1 4 0 0 0 99 0 0 3.01022
1 1 170 1 0 -1 4 0 0 0 99 0 0 3.01022
1 1 170 2 0 -1 4 0 0 0 99 0 0 3.68715
1 1 170 3 0 -1 4 0 0 0 99 0 0 8.42561
1 1 170 4 0 -1 4 0 0 0 99 0 0 3.68715
1 1 170 5 0 -1 4 0 0 0 99 0 0 10.4564
1 1 170 6 0 -1 4 0 0 0 99 0 0 12.4871
1 1 170 7 0 -1 4 0 0 0 99 0 0 17.2256
1 1 170 8 0 -1 4 0 0 0 99 0 0 9.77945
1 1 170 8 0 -1 4 0 0 0 99 0 0 5.71792
1 1 170 9 0 -1 4 0 0 0 99 0 0 13.841
1 1 170 9 0 -1 4 0 0 0 99 0 0 5.04099
1 1 170 10 0 -1 4 0 0 0 99 0 0 19.9333
1 1 170 11 0 -1 4 0 0 0 99 0 0 7.74868
1 1 170 12 0 -1 4 0 0 0 99 0 0 7.74868
1 2 170 1 0 -1 4 0 0 0 99 0 0 5.04099
t 1 170 -4 1 1 0 0 0 0 -2
_00?[Basso continuo?]
1 1 170 0 0 0 4 0 0 -2
1 2 170 1 0 0 4 0 0 -2
1 1 170 108 0 1 4 0 0 -1.66
