#define SVG t 1 1 \n_99%svg%
t 2 10 14 1 1 0 0 0 0 -1.35
_00
8 1 0 0 0 200
8 2 0 -6 0 200
14 1 0 2
14 1 200 2
14 1 0 2 8
3 2 2
3 1 2 0 1
1 1 25 12 0 -1 4 0 0 0 99 0 0 2.99745
1 2 25 1 0 -1 4 0 0 0 99 0 0 3.6616
1 2 25 2 0 -1 4 0 0 0 99 0 0 5.32198
1 2 25 3 0 -1 4 0 0 0 99 0 0 4.9899
1 2 25 3 0 -1 4 0 0 0 99 0 0 4.65783
1 2 25 4 0 -1 4 0 0 0 99 0 0 7.64651
1 2 25 4 0 -1 4 0 0 0 99 0 0 3.6616
1 2 25 5 0 -1 4 0 0 0 99 0 0 19.9333
1 2 25 6 0 -1 4 0 0 0 99 0 0 14.9522
1 2 25 7 0 -1 4 0 0 0 99 0 0 19.2691
1 2 25 7 0 -1 4 0 0 0 99 0 0 3.32953
1 2 25 8 0 -1 4 0 0 0 99 0 0 19.2691
1 2 25 9 0 -1 4 0 0 0 99 0 0 18.605
1 2 25 10 0 -1 4 0 0 0 99 0 0 5.32198
1 2 25 10 0 -1 4 0 0 0 99 0 0 4.65783
1 2 25 11 0 -1 4 0 0 0 99 0 0 4.32575
t 1 25 -3 1 1 0 0 0 0 -2
_00?[Canto?]
1 1 25 12 0 0 4 0 0 -2
1 2 25 11 0 0 4 0 0 -2
1 2 25 107 0 1 4 0 0 -1.66
1 1 170 0 0 -1 4 0 0 0 99 0 0 5.39417
1 1 170 1 0 -1 4 0 0 0 99 0 0 3.09852
1 1 170 2 0 -1 4 0 0 0 99 0 0 3.09852
1 1 170 3 0 -1 4 0 0 0 99 0 0 10.7507
1 1 170 4 0 -1 4 0 0 0 99 0 0 3.86373
1 1 170 5 0 -1 4 0 0 0 99 0 0 14.5768
1 1 170 5 0 -1 4 0 0 0 99 0 0 3.86373
1 1 170 6 0 -1 4 0 0 0 99 0 0 14.5768
1 1 170 7 0 -1 4 0 0 0 99 0 0 19.9333
1 1 170 8 0 -1 4 0 0 0 99 0 0 6.9246
1 1 170 8 0 -1 4 0 0 0 99 0 0 8.45504
1 1 170 9 0 -1 4 0 0 0 99 0 0 15.342
1 1 170 9 0 -1 4 0 0 0 99 0 0 3.09852
1 1 170 10 0 -1 4 0 0 0 99 0 0 18.4029
1 1 170 11 0 -1 4 0 0 0 99 0 0 5.39417
1 1 170 12 0 -1 4 0 0 0 99 0 0 3.09852
1 2 170 1 0 -1 4 0 0 0 99 0 0 3.09852
1 2 170 2 0 -1 4 0 0 0 99 0 0 3.09852
t 1 170 -4 1 1 0 0 0 0 -2
_00?[Basso continuo?]
1 1 170 0 0 0 4 0 0 -2
1 2 170 2 0 0 4 0 0 -2
1 1 170 107 0 1 4 0 0 -1.66
