#define SVG t 1 1 \n_99%svg%
t 2 10 14 1 1 0 0 0 0 -1.35
_00
8 1 0 0 0 200
8 2 0 -6 0 200
14 1 0 2
14 1 200 2
14 1 0 2 8
3 2 2
3 1 2 0 1
1 2 25 4 0 -1 4 0 0 0 99 0 0 2.80898
1 2 25 6 0 -1 4 0 0 0 99 0 0 3.28465
1 2 25 6 0 -1 4 0 0 0 99 0 0 7.09006
1 2 25 7 0 -1 4 0 0 0 99 0 0 5.66303
1 2 25 8 0 -1 4 0 0 0 99 0 0 19.9333
1 2 25 8 0 -1 4 0 0 0 99 0 0 3.76033
1 2 25 9 0 -1 4 0 0 0 99 0 0 14.7009
1 2 25 10 0 -1 4 0 0 0 99 0 0 2.80898
1 2 25 10 0 -1 4 0 0 0 99 0 0 18.5063
1 2 25 11 0 -1 4 0 0 0 99 0 0 12.3225
1 2 25 12 0 -1 4 0 0 0 99 0 0 5.66303
t 1 25 -3 1 1 0 0 0 0 -2
_00Canto
1 2 25 4 0 0 4 0 0 -2
1 2 25 12 0 0 4 0 0 -2
1 2 25 109 0 1 4 0 0 -1.66
1 1 170 9 0 -1 4 0 0 0 99 0 0 3.36859
1 1 170 10 0 -1 4 0 0 0 99 0 0 5.95683
1 1 170 11 0 -1 4 0 0 0 99 0 0 9.06271
1 1 170 12 0 -1 4 0 0 0 99 0 0 2.85095
1 1 170 12 0 -1 4 0 0 0 99 0 0 5.95683
1 2 170 1 0 -1 4 0 0 0 99 0 0 19.9333
1 2 170 1 0 -1 4 0 0 0 99 0 0 4.40389
1 2 170 2 0 -1 4 0 0 0 99 0 0 13.7215
1 2 170 3 0 -1 4 0 0 0 99 0 0 18.3804
1 2 170 4 0 -1 4 0 0 0 99 0 0 12.6862
1 2 170 4 0 -1 4 0 0 0 99 0 0 2.85095
1 2 170 5 0 -1 4 0 0 0 99 0 0 17.8627
1 2 170 6 0 -1 4 0 0 0 99 0 0 7.50977
t 1 170 -3 1 1 0 0 0 0 -2
_00Quinto
1 1 170 9 0 0 4 0 0 -2
1 2 170 6 0 0 4 0 0 -2
1 2 170 103 0 1 4 0 0 -1.66
