#define SVG t 1 1 \n_99%svg%
t 2 10 14 1 1 0 0 0 0 -1.35
_00
8 1 0 0 0 200
8 2 0 -6 0 200
14 1 0 2
14 1 200 2
14 1 0 2 8
3 2 2
3 1 2 0 1
1 1 25 11 0 -1 4 0 0 0 99 0 0 2.50092
1 1 25 12 0 -1 4 0 0 0 99 0 0 2.66854
1 2 25 1 0 -1 4 0 0 0 99 0 0 4.00949
1 2 25 2 0 -1 4 0 0 0 99 0 0 5.18282
1 2 25 3 0 -1 4 0 0 0 99 0 0 2.66854
1 2 25 3 0 -1 4 0 0 0 99 0 0 6.35616
1 2 25 4 0 -1 4 0 0 0 99 0 0 8.5352
1 2 25 4 0 -1 4 0 0 0 99 0 0 4.00949
1 2 25 5 0 -1 4 0 0 0 99 0 0 14.5695
1 2 25 6 0 -1 4 0 0 0 99 0 0 17.5866
1 2 25 7 0 -1 4 0 0 0 99 0 0 19.9333
1 2 25 7 0 -1 4 0 0 0 99 0 0 2.66854
1 2 25 8 0 -1 4 0 0 0 99 0 0 17.7543
1 2 25 9 0 -1 4 0 0 0 99 0 0 15.9104
1 2 25 10 0 -1 4 0 0 0 99 0 0 6.02092
1 2 25 10 0 -1 4 0 0 0 99 0 0 4.51235
1 2 25 11 0 -1 4 0 0 0 99 0 0 5.18282
1 2 25 12 0 -1 4 0 0 0 99 0 0 3.00378
t 1 25 -3 1 1 0 0 0 0 -2
_00Canto I
1 1 25 11 0 0 4 0 0 -2
1 2 25 12 0 0 4 0 0 -2
1 2 25 107 0 1 4 0 0 -1.66
1 1 97.5 12 0 -1 4 0 0 0 99 0 0 3.09852
1 2 97.5 1 0 -1 4 0 0 0 99 0 0 4.24634
1 2 97.5 2 0 -1 4 0 0 0 99 0 0 6.7333
1 2 97.5 3 0 -1 4 0 0 0 99 0 0 3.86373
1 2 97.5 3 0 -1 4 0 0 0 99 0 0 8.07243
1 2 97.5 4 0 -1 4 0 0 0 99 0 0 10.3681
1 2 97.5 4 0 -1 4 0 0 0 99 0 0 3.28982
1 2 97.5 5 0 -1 4 0 0 0 99 0 0 15.342
1 2 97.5 6 0 -1 4 0 0 0 99 0 0 19.3594
1 2 97.5 7 0 -1 4 0 0 0 99 0 0 19.9333
1 2 97.5 8 0 -1 4 0 0 0 99 0 0 16.2985
1 2 97.5 9 0 -1 4 0 0 0 99 0 0 11.1333
1 2 97.5 10 0 -1 4 0 0 0 99 0 0 3.86373
1 2 97.5 10 0 -1 4 0 0 0 99 0 0 6.35069
1 2 97.5 11 0 -1 4 0 0 0 99 0 0 5.96808
1 2 97.5 12 0 -1 4 0 0 0 99 0 0 3.28982
t 1 97.5 -3 1 1 0 0 0 0 -2
_00Canto II
1 1 97.5 12 0 0 4 0 0 -2
1 2 97.5 12 0 0 4 0 0 -2
1 2 97.5 106 0 1 4 0 0 -1.66
1 1 170 3 0 -1 4 0 0 0 99 0 0 5.6333
1 1 170 5 0 -1 4 0 0 0 99 0 0 4.5333
1 1 170 6 0 -1 4 0 0 0 99 0 0 10.0333
1 1 170 7 0 -1 4 0 0 0 99 0 0 19.9333
1 1 170 8 0 -1 4 0 0 0 99 0 0 7.8333
1 1 170 8 0 -1 4 0 0 0 99 0 0 10.0333
1 1 170 9 0 -1 4 0 0 0 99 0 0 16.0833
1 1 170 10 0 -1 4 0 0 0 99 0 0 14.4333
1 1 170 11 0 -1 4 0 0 0 99 0 0 8.9333
1 1 170 12 0 -1 4 0 0 0 99 0 0 5.6333
t 1 170 -3 1 1 0 0 0 0 -2
_00Basso continuo
1 1 170 3 0 0 4 0 0 -2
1 1 170 12 0 0 4 0 0 -2
1 1 170 108 0 1 4 0 0 -1.66
