#define SVG t 1 1 \n_99%svg%
t 2 10 14 1 1 0 0 0 0 -1.35
_00
8 1 0 0 0 200
8 2 0 -6 0 200
14 1 0 2
14 1 200 2
14 1 0 2 8
3 2 2
3 1 2 0 1
1 1 25 7 0 -1 4 0 0 0 99 0 0 2.91997
1 1 25 8 0 -1 4 0 0 0 99 0 0 3.50663
1 1 25 8 0 -1 4 0 0 0 99 0 0 7.6133
1 1 25 9 0 -1 4 0 0 0 99 0 0 7.02663
1 1 25 9 0 -1 4 0 0 0 99 0 0 6.43997
1 1 25 10 0 -1 4 0 0 0 99 0 0 9.95997
1 1 25 11 0 -1 4 0 0 0 99 0 0 5.26663
1 1 25 11 0 -1 4 0 0 0 99 0 0 19.9333
1 1 25 12 0 -1 4 0 0 0 99 0 0 3.50663
1 1 25 12 0 -1 4 0 0 0 99 0 0 19.9333
1 2 25 1 0 -1 4 0 0 0 99 0 0 12.3066
1 2 25 1 0 -1 4 0 0 0 99 0 0 5.8533
1 2 25 2 0 -1 4 0 0 0 99 0 0 10.5466
1 2 25 3 0 -1 4 0 0 0 99 0 0 8.78663
1 2 25 4 0 -1 4 0 0 0 99 0 0 2.91997
t 1 25 -3 1 1 0 0 0 0 -2
_00?[Tenore?]
1 1 25 7 0 0 4 0 0 -2
1 2 25 4 0 0 4 0 0 -2
1 1 25 112 0 1 4 0 0 -1.66
1 1 170 1 0 -1 4 0 0 0 99 0 0 3.4333
1 1 170 2 0 -1 4 0 0 0 99 0 0 3.4333
1 1 170 2 0 -1 4 0 0 0 99 0 0 3.4333
1 1 170 3 0 -1 4 0 0 0 99 0 0 6.7333
1 1 170 4 0 -1 4 0 0 0 99 0 0 5.6333
1 1 170 4 0 -1 4 0 0 0 99 0 0 19.9333
1 1 170 5 0 -1 4 0 0 0 99 0 0 4.5333
1 1 170 5 0 -1 4 0 0 0 99 0 0 10.0333
1 1 170 6 0 -1 4 0 0 0 99 0 0 6.7333
1 1 170 6 0 -1 4 0 0 0 99 0 0 3.4333
1 1 170 7 0 -1 4 0 0 0 99 0 0 11.1333
1 1 170 8 0 -1 4 0 0 0 99 0 0 4.5333
1 1 170 9 0 -1 4 0 0 0 99 0 0 3.4333
t 1 170 -3 1 1 0 0 0 0 -2
_00?[Basso continuo?]
1 1 170 1 0 0 4 0 0 -2
1 1 170 9 0 0 4 0 0 -2
1 1 170 104 0 1 4 0 0 -1.66
