#define SVG t 1 1 \n_99%svg%
t 2 10 14 1 1 0 0 0 0 -1.35
_00
8 1 0 0 0 200
8 2 0 -6 0 200
14 1 0 2
14 1 200 2
14 1 0 2 8
3 2 2
3 1 2 0 1
1 2 25 1 0 -1 4 0 0 0 99 0 0 3.01022
1 2 25 2 0 -1 4 0 0 0 99 0 0 3.68715
1 2 25 3 0 -1 4 0 0 0 99 0 0 5.04099
1 2 25 4 0 -1 4 0 0 0 99 0 0 5.71792
1 2 25 4 0 -1 4 0 0 0 99 0 0 3.01022
1 2 25 5 0 -1 4 0 0 0 99 0 0 9.10253
1 2 25 6 0 -1 4 0 0 0 99 0 0 4.36407
1 2 25 6 0 -1 4 0 0 0 99 0 0 12.4871
1 2 25 7 0 -1 4 0 0 0 99 0 0 3.01022
1 2 25 7 0 -1 4 0 0 0 99 0 0 19.9333
1 2 25 8 0 -1 4 0 0 0 99 0 0 8.42561
1 2 25 9 0 -1 4 0 0 0 99 0 0 6.39484
1 2 25 10 0 -1 4 0 0 0 99 0 0 3.68715
t 1 25 -3 1 1 0 0 0 0 -2
_00Canto
1 2 25 1 0 0 4 0 0 -2
1 2 25 10 0 0 4 0 0 -2
1 2 25 107 0 1 4 0 0 -1.66
1 1 73.3333 10 0 -1 4 0 0 0 99 0 0 3.68715
1 1 73.3333 11 0 -1 4 0 0 0 99 0 0 4.36407
1 1 73.3333 12 0 -1 4 0 0 0 99 0 0 3.01022
1 1 73.3333 12 0 -1 4 0 0 0 99 0 0 5.04099
1 2 73.3333 1 0 -1 4 0 0 0 99 0 0 6.39484
1 2 73.3333 1 0 -1 4 0 0 0 99 0 0 3.68715
1 2 73.3333 2 0 -1 4 0 0 0 99 0 0 10.4564
1 2 73.3333 3 0 -1 4 0 0 0 99 0 0 5.04099
1 2 73.3333 3 0 -1 4 0 0 0 99 0 0 19.9333
1 2 73.3333 4 0 -1 4 0 0 0 99 0 0 7.74868
1 2 73.3333 4 0 -1 4 0 0 0 99 0 0 7.07176
1 2 73.3333 5 0 -1 4 0 0 0 99 0 0 15.8718
1 2 73.3333 6 0 -1 4 0 0 0 99 0 0 3.68715
1 2 73.3333 6 0 -1 4 0 0 0 99 0 0 7.07176
t 1 73.3333 -3 1 1 0 0 0 0 -2
_00Alto
1 1 73.3333 10 0 0 4 0 0 -2
1 2 73.3333 6 0 0 4 0 0 -2
1 2 73.3333 103 0 1 4 0 0 -1.66
1 1 121.667 6 0 -1 4 0 0 0 99 0 0 4.67997
1 1 121.667 7 0 -1 4 0 0 0 99 0 0 3.50663
1 1 121.667 8 0 -1 4 0 0 0 99 0 0 4.67997
1 1 121.667 10 0 -1 4 0 0 0 99 0 0 9.3733
1 1 121.667 11 0 -1 4 0 0 0 99 0 0 5.8533
1 1 121.667 11 0 -1 4 0 0 0 99 0 0 16.4133
1 1 121.667 12 0 -1 4 0 0 0 99 0 0 19.9333
1 2 121.667 1 0 -1 4 0 0 0 99 0 0 17.5866
1 2 121.667 1 0 -1 4 0 0 0 99 0 0 3.50663
1 2 121.667 2 0 -1 4 0 0 0 99 0 0 11.72
1 2 121.667 3 0 -1 4 0 0 0 99 0 0 10.5466
1 2 121.667 4 0 -1 4 0 0 0 99 0 0 3.50663
t 1 121.667 -3 1 1 0 0 0 0 -2
_00Tenore
1 1 121.667 6 0 0 4 0 0 -2
1 2 121.667 4 0 0 4 0 0 -2
1 1 121.667 112 0 1 4 0 0 -1.66
1 1 170 7 0 -1 4 0 0 0 99 0 0 5.6333
1 1 170 8 0 -1 4 0 0 0 99 0 0 14.4333
1 1 170 9 0 -1 4 0 0 0 99 0 0 8.9333
1 1 170 9 0 -1 4 0 0 0 99 0 0 8.9333
1 1 170 10 0 -1 4 0 0 0 99 0 0 11.1333
1 1 170 11 0 -1 4 0 0 0 99 0 0 7.8333
1 1 170 11 0 -1 4 0 0 0 99 0 0 19.9333
1 1 170 12 0 -1 4 0 0 0 99 0 0 15.5333
1 2 170 1 0 -1 4 0 0 0 99 0 0 13.3333
1 2 170 1 0 -1 4 0 0 0 99 0 0 4.5333
1 2 170 2 0 -1 4 0 0 0 99 0 0 14.4333
1 2 170 3 0 -1 4 0 0 0 99 0 0 4.5333
1 2 170 3 0 -1 4 0 0 0 99 0 0 11.1333
1 2 170 4 0 -1 4 0 0 0 99 0 0 3.4333
t 1 170 -3 1 1 0 0 0 0 -2
_00Quinto
1 1 170 7 0 0 4 0 0 -2
1 2 170 4 0 0 4 0 0 -2
1 1 170 111 0 1 4 0 0 -1.66
