#define SVG t 1 1 \n_99%svg%
t 2 10 14 1 1 0 0 0 0 -1.35
_00
8 1 0 0 0 200
8 2 0 -6 0 200
14 1 0 2
14 1 200 2
14 1 0 2 8
3 2 2
3 1 2 0 1
1 2 25 2 0 -1 4 0 0 0 99 0 0 3.19184
1 2 25 3 0 -1 4 0 0 0 99 0 0 3.6211
1 2 25 4 0 -1 4 0 0 0 99 0 0 4.90891
1 2 25 4 0 -1 4 0 0 0 99 0 0 2.76257
1 2 25 5 0 -1 4 0 0 0 99 0 0 16.0699
1 2 25 6 0 -1 4 0 0 0 99 0 0 19.0748
1 2 25 7 0 -1 4 0 0 0 99 0 0 19.9333
1 2 25 7 0 -1 4 0 0 0 99 0 0 3.19184
1 2 25 8 0 -1 4 0 0 0 99 0 0 12.6357
1 2 25 8 0 -1 4 0 0 0 99 0 0 3.6211
1 2 25 9 0 -1 4 0 0 0 99 0 0 14.7821
1 2 25 10 0 -1 4 0 0 0 99 0 0 5.33818
1 2 25 10 0 -1 4 0 0 0 99 0 0 4.05037
1 2 25 11 0 -1 4 0 0 0 99 0 0 4.90891
1 2 25 12 0 -1 4 0 0 0 99 0 0 2.76257
t 1 25 -3 1 1 0 0 0 0 -2
_00Canto I
1 2 25 2 0 0 4 0 0 -2
1 2 25 12 0 0 4 0 0 -2
1 2 25 107 0 1 4 0 0 -1.66
1 2 97.5 1 0 -1 4 0 0 0 99 0 0 3.84187
1 2 97.5 2 0 -1 4 0 0 0 99 0 0 6.85901
1 2 97.5 3 0 -1 4 0 0 0 99 0 0 3.84187
1 2 97.5 3 0 -1 4 0 0 0 99 0 0 7.36187
1 2 97.5 4 0 -1 4 0 0 0 99 0 0 9.87616
1 2 97.5 4 0 -1 4 0 0 0 99 0 0 5.35044
1 2 97.5 5 0 -1 4 0 0 0 99 0 0 19.9333
1 2 97.5 6 0 -1 4 0 0 0 99 0 0 12.8933
1 2 97.5 7 0 -1 4 0 0 0 99 0 0 14.4019
1 2 97.5 8 0 -1 4 0 0 0 99 0 0 12.3904
1 2 97.5 9 0 -1 4 0 0 0 99 0 0 12.3904
1 2 97.5 10 0 -1 4 0 0 0 99 0 0 4.84759
1 2 97.5 10 0 -1 4 0 0 0 99 0 0 4.34473
1 2 97.5 11 0 -1 4 0 0 0 99 0 0 4.34473
t 1 97.5 -3 1 1 0 0 0 0 -2
_00Canto II
1 2 97.5 1 0 0 4 0 0 -2
1 2 97.5 11 0 0 4 0 0 -2
1 2 97.5 106 0 1 4 0 0 -1.66
1 1 170 0 0 -1 4 0 0 0 99 0 0 3.68715
1 1 170 1 0 -1 4 0 0 0 99 0 0 3.68715
1 1 170 2 0 -1 4 0 0 0 99 0 0 3.68715
1 1 170 3 0 -1 4 0 0 0 99 0 0 7.74868
1 1 170 4 0 -1 4 0 0 0 99 0 0 3.68715
1 1 170 5 0 -1 4 0 0 0 99 0 0 10.4564
1 1 170 6 0 -1 4 0 0 0 99 0 0 14.5179
1 1 170 7 0 -1 4 0 0 0 99 0 0 15.8718
1 1 170 8 0 -1 4 0 0 0 99 0 0 10.4564
1 1 170 8 0 -1 4 0 0 0 99 0 0 5.04099
1 1 170 9 0 -1 4 0 0 0 99 0 0 13.1641
1 1 170 9 0 -1 4 0 0 0 99 0 0 5.04099
1 1 170 10 0 -1 4 0 0 0 99 0 0 19.9333
1 1 170 11 0 -1 4 0 0 0 99 0 0 7.74868
1 1 170 12 0 -1 4 0 0 0 99 0 0 7.74868
1 2 170 1 0 -1 4 0 0 0 99 0 0 5.04099
t 1 170 -4 1 1 0 0 0 0 -2
_00Basso continuo
1 1 170 0 0 0 4 0 0 -2
1 2 170 1 0 0 4 0 0 -2
1 1 170 108 0 1 4 0 0 -1.66
