#define SVG t 1 1 \n_99%svg%
t 2 10 14 1 1 0 0 0 0 -1.35
_00
8 1 0 0 0 200
8 2 0 -6 0 200
14 1 0 2
14 1 200 2
14 1 0 2 8
3 2 2
3 1 2 0 1
1 2 25 1 0 -1 4 0 0 0 99 0 0 3.78485
1 2 25 2 0 -1 4 0 0 0 99 0 0 4.69206
1 2 25 3 0 -1 4 0 0 0 99 0 0 11.5869
1 2 25 4 0 -1 4 0 0 0 99 0 0 12.6756
1 2 25 4 0 -1 4 0 0 0 99 0 0 3.78485
1 2 25 5 0 -1 4 0 0 0 99 0 0 15.7601
1 2 25 6 0 -1 4 0 0 0 99 0 0 19.9333
1 2 25 7 0 -1 4 0 0 0 99 0 0 13.7642
1 2 25 8 0 -1 4 0 0 0 99 0 0 11.9498
1 2 25 9 0 -1 4 0 0 0 99 0 0 8.50237
1 2 25 10 0 -1 4 0 0 0 99 0 0 4.87351
1 2 25 10 0 -1 4 0 0 0 99 0 0 4.69206
1 2 25 11 0 -1 4 0 0 0 99 0 0 4.51062
t 1 25 -3 1 1 0 0 0 0 -2
_00?[Canto?]
1 2 25 1 0 0 4 0 0 -2
1 2 25 11 0 0 4 0 0 -2
1 2 25 106 0 1 4 0 0 -1.66
1 1 170 2 0 -1 4 0 0 0 99 0 0 3.09852
1 1 170 3 0 -1 4 0 0 0 99 0 0 5.39417
1 1 170 4 0 -1 4 0 0 0 99 0 0 5.39417
1 1 170 5 0 -1 4 0 0 0 99 0 0 9.98547
1 1 170 5 0 -1 4 0 0 0 99 0 0 3.86373
1 1 170 6 0 -1 4 0 0 0 99 0 0 16.8724
1 1 170 6 0 -1 4 0 0 0 99 0 0 3.09852
1 1 170 7 0 -1 4 0 0 0 99 0 0 19.9333
1 1 170 8 0 -1 4 0 0 0 99 0 0 6.15939
1 1 170 8 0 -1 4 0 0 0 99 0 0 5.39417
1 1 170 9 0 -1 4 0 0 0 99 0 0 17.6376
1 1 170 9 0 -1 4 0 0 0 99 0 0 3.09852
1 1 170 10 0 -1 4 0 0 0 99 0 0 13.8116
1 1 170 11 0 -1 4 0 0 0 99 0 0 4.62895
1 1 170 12 0 -1 4 0 0 0 99 0 0 3.09852
t 1 170 -3 1 1 0 0 0 0 -2
_00?[Basso continuo?]
1 1 170 2 0 0 4 0 0 -2
1 1 170 12 0 0 4 0 0 -2
1 1 170 107 0 1 4 0 0 -1.66
