#define SVG t 1 1 \n_99%svg%
t 2 10 14 1 1 0 0 0 0 -1.35
_00
8 1 0 0 0 200
8 2 0 -6 0 200
14 1 0 2
14 1 200 2
14 1 0 2 8
3 2 2
3 1 2 0 1
1 2 25 2 0 -1 4 0 0 0 99 0 0 3.0373
1 2 25 3 0 -1 4 0 0 0 99 0 0 3.7413
1 2 25 4 0 -1 4 0 0 0 99 0 0 3.0373
1 2 25 5 0 -1 4 0 0 0 99 0 0 9.3733
1 2 25 6 0 -1 4 0 0 0 99 0 0 9.3733
1 2 25 7 0 -1 4 0 0 0 99 0 0 6.5573
1 2 25 8 0 -1 4 0 0 0 99 0 0 19.9333
1 2 25 8 0 -1 4 0 0 0 99 0 0 4.4453
1 2 25 9 0 -1 4 0 0 0 99 0 0 17.1173
1 2 25 10 0 -1 4 0 0 0 99 0 0 17.8213
1 2 25 11 0 -1 4 0 0 0 99 0 0 18.5253
1 2 25 11 0 -1 4 0 0 0 99 0 0 3.0373
1 2 25 12 0 -1 4 0 0 0 99 0 0 6.5573
1 2 25 13 0 -1 4 0 0 0 99 0 0 5.8533
t 1 25 -3 1 1 0 0 0 0 -2
_00Canto
1 2 25 2 0 0 4 0 0 -2
1 2 25 13 0 0 4 0 0 -2
1 2 25 109 0 1 4 0 0 -1.66
1 2 61.25 2 0 -1 4 0 0 0 99 0 0 2.7333
1 2 61.25 3 0 -1 4 0 0 0 99 0 0 4.7333
1 2 61.25 4 0 -1 4 0 0 0 99 0 0 6.3333
1 2 61.25 4 0 -1 4 0 0 0 99 0 0 2.7333
1 2 61.25 5 0 -1 4 0 0 0 99 0 0 7.1333
1 2 61.25 6 0 -1 4 0 0 0 99 0 0 3.1333
1 2 61.25 6 0 -1 4 0 0 0 99 0 0 19.9333
1 2 61.25 7 0 -1 4 0 0 0 99 0 0 4.3333
1 2 61.25 7 0 -1 4 0 0 0 99 0 0 7.5333
1 2 61.25 8 0 -1 4 0 0 0 99 0 0 13.9333
1 2 61.25 8 0 -1 4 0 0 0 99 0 0 3.5333
1 2 61.25 9 0 -1 4 0 0 0 99 0 0 7.9333
1 2 61.25 10 0 -1 4 0 0 0 99 0 0 2.7333
1 2 61.25 11 0 -1 4 0 0 0 99 0 0 2.7333
t 1 61.25 -3 1 1 0 0 0 0 -2
_00Quinto
1 2 61.25 2 0 0 4 0 0 -2
1 2 61.25 11 0 0 4 0 0 -2
1 2 61.25 106 0 1 4 0 0 -1.66
1 1 97.5 11 0 -1 4 0 0 0 99 0 0 7.09006
1 1 97.5 12 0 -1 4 0 0 0 99 0 0 8.04141
1 2 97.5 1 0 -1 4 0 0 0 99 0 0 9.94411
1 2 97.5 1 0 -1 4 0 0 0 99 0 0 4.71168
1 2 97.5 2 0 -1 4 0 0 0 99 0 0 9.94411
1 2 97.5 3 0 -1 4 0 0 0 99 0 0 14.2252
1 2 97.5 4 0 -1 4 0 0 0 99 0 0 13.7495
1 2 97.5 4 0 -1 4 0 0 0 99 0 0 2.80898
1 2 97.5 5 0 -1 4 0 0 0 99 0 0 9.46844
1 2 97.5 6 0 -1 4 0 0 0 99 0 0 5.66303
1 2 97.5 6 0 -1 4 0 0 0 99 0 0 19.9333
1 2 97.5 7 0 -1 4 0 0 0 99 0 0 3.28465
1 2 97.5 8 0 -1 4 0 0 0 99 0 0 2.80898
t 1 97.5 -3 1 1 0 0 0 0 -2
_00Alto
1 1 97.5 11 0 0 4 0 0 -2
1 2 97.5 8 0 0 4 0 0 -2
1 2 97.5 104 0 1 4 0 0 -1.66
1 1 133.75 10 0 -1 4 0 0 0 99 0 0 3.19184
1 1 133.75 11 0 -1 4 0 0 0 99 0 0 7.48452
1 1 133.75 12 0 -1 4 0 0 0 99 0 0 4.05037
1 2 133.75 1 0 -1 4 0 0 0 99 0 0 11.7772
1 2 133.75 1 0 -1 4 0 0 0 99 0 0 2.76257
1 2 133.75 2 0 -1 4 0 0 0 99 0 0 10.4894
1 2 133.75 3 0 -1 4 0 0 0 99 0 0 10.0601
1 2 133.75 4 0 -1 4 0 0 0 99 0 0 19.9333
1 2 133.75 5 0 -1 4 0 0 0 99 0 0 3.6211
1 2 133.75 6 0 -1 4 0 0 0 99 0 0 7.05525
t 1 133.75 -3 1 1 0 0 0 0 -2
_00Tenore
1 1 133.75 10 0 0 4 0 0 -2
1 2 133.75 6 0 0 4 0 0 -2
1 2 133.75 103 0 1 4 0 0 -1.66
1 1 170 4 0 -1 4 0 0 0 99 0 0 2.98515
1 1 170 6 0 -1 4 0 0 0 99 0 0 5.59256
1 1 170 7 0 -1 4 0 0 0 99 0 0 12.7629
1 1 170 8 0 -1 4 0 0 0 99 0 0 13.4148
1 1 170 9 0 -1 4 0 0 0 99 0 0 19.9333
1 1 170 10 0 -1 4 0 0 0 99 0 0 14.0666
1 1 170 11 0 -1 4 0 0 0 99 0 0 14.7185
1 1 170 12 0 -1 4 0 0 0 99 0 0 4.28886
1 2 170 1 0 -1 4 0 0 0 99 0 0 5.59256
1 2 170 1 0 -1 4 0 0 0 99 0 0 4.28886
1 2 170 2 0 -1 4 0 0 0 99 0 0 14.7185
t 1 170 -3 1 1 0 0 0 0 -2
_00Basso
1 1 170 4 0 0 4 0 0 -2
1 2 170 2 0 0 4 0 0 -2
1 1 170 110 0 1 4 0 0 -1.66
