#define SVG t 1 1 \n_99%svg%
t 2 10 14 1 1 0 0 0 0 -1.35
_00
8 1 0 0 0 200
8 2 0 -6 0 200
14 1 0 2
14 1 200 2
14 1 0 2 8
3 2 2
3 1 2 0 1
1 2 25 4 0 -1 4 0 0 0 99 0 0 2.98515
1 2 25 5 0 -1 4 0 0 0 99 0 0 3.637
1 2 25 6 0 -1 4 0 0 0 99 0 0 3.637
1 2 25 6 0 -1 4 0 0 0 99 0 0 16.0222
1 2 25 7 0 -1 4 0 0 0 99 0 0 4.94071
1 2 25 7 0 -1 4 0 0 0 99 0 0 6.24441
1 2 25 8 0 -1 4 0 0 0 99 0 0 16.674
1 2 25 8 0 -1 4 0 0 0 99 0 0 5.59256
1 2 25 9 0 -1 4 0 0 0 99 0 0 19.9333
1 2 25 10 0 -1 4 0 0 0 99 0 0 14.0666
1 2 25 11 0 -1 4 0 0 0 99 0 0 10.1555
1 2 25 12 0 -1 4 0 0 0 99 0 0 3.637
t 1 25 -3 1 1 0 0 0 0 -2
_00Canto
1 2 25 4 0 0 4 0 0 -2
1 2 25 12 0 0 4 0 0 -2
1 2 25 108 0 1 4 0 0 -1.66
1 1 61.25 11 0 -1 4 0 0 0 99 0 0 2.78458
1 1 61.25 12 0 -1 4 0 0 0 99 0 0 2.78458
1 2 61.25 1 0 -1 4 0 0 0 99 0 0 5.04099
1 2 61.25 1 0 -1 4 0 0 0 99 0 0 4.58971
1 2 61.25 2 0 -1 4 0 0 0 99 0 0 5.94356
1 2 61.25 3 0 -1 4 0 0 0 99 0 0 3.68715
1 2 61.25 3 0 -1 4 0 0 0 99 0 0 11.3589
1 2 61.25 4 0 -1 4 0 0 0 99 0 0 7.2974
1 2 61.25 4 0 -1 4 0 0 0 99 0 0 2.78458
1 2 61.25 5 0 -1 4 0 0 0 99 0 0 7.74868
1 2 61.25 6 0 -1 4 0 0 0 99 0 0 3.23586
1 2 61.25 6 0 -1 4 0 0 0 99 0 0 19.9333
1 2 61.25 7 0 -1 4 0 0 0 99 0 0 9.10253
1 2 61.25 7 0 -1 4 0 0 0 99 0 0 2.78458
1 2 61.25 8 0 -1 4 0 0 0 99 0 0 5.49227
1 2 61.25 9 0 -1 4 0 0 0 99 0 0 3.23586
t 1 61.25 -3 1 1 0 0 0 0 -2
_00Alto
1 1 61.25 11 0 0 4 0 0 -2
1 2 61.25 9 0 0 4 0 0 -2
1 2 61.25 105 0 1 4 0 0 -1.66
1 1 97.5 9 0 -1 4 0 0 0 99 0 0 4.4453
1 1 97.5 10 0 -1 4 0 0 0 99 0 0 4.4453
1 1 97.5 11 0 -1 4 0 0 0 99 0 0 19.9333
1 1 97.5 12 0 -1 4 0 0 0 99 0 0 3.7413
1 1 97.5 12 0 -1 4 0 0 0 99 0 0 6.5573
1 2 97.5 1 0 -1 4 0 0 0 99 0 0 12.8933
1 2 97.5 1 0 -1 4 0 0 0 99 0 0 3.7413
1 2 97.5 2 0 -1 4 0 0 0 99 0 0 17.8213
1 2 97.5 3 0 -1 4 0 0 0 99 0 0 15.7093
1 2 97.5 4 0 -1 4 0 0 0 99 0 0 9.3733
1 2 97.5 4 0 -1 4 0 0 0 99 0 0 3.0373
1 2 97.5 5 0 -1 4 0 0 0 99 0 0 9.3733
1 2 97.5 6 0 -1 4 0 0 0 99 0 0 3.0373
t 1 97.5 -3 1 1 0 0 0 0 -2
_00Tenore
1 1 97.5 9 0 0 4 0 0 -2
1 2 97.5 6 0 0 4 0 0 -2
1 2 97.5 102 0 1 4 0 0 -1.66
1 1 133.75 10 0 -1 4 0 0 0 99 0 0 3.1333
1 1 133.75 11 0 -1 4 0 0 0 99 0 0 7.1333
1 1 133.75 12 0 -1 4 0 0 0 99 0 0 8.7333
1 2 133.75 1 0 -1 4 0 0 0 99 0 0 15.1333
1 2 133.75 1 0 -1 4 0 0 0 99 0 0 3.1333
1 2 133.75 2 0 -1 4 0 0 0 99 0 0 11.9333
1 2 133.75 3 0 -1 4 0 0 0 99 0 0 19.1333
1 2 133.75 4 0 -1 4 0 0 0 99 0 0 18.3333
1 2 133.75 4 0 -1 4 0 0 0 99 0 0 3.9333
1 2 133.75 5 0 -1 4 0 0 0 99 0 0 19.9333
1 2 133.75 6 0 -1 4 0 0 0 99 0 0 12.7333
1 2 133.75 7 0 -1 4 0 0 0 99 0 0 4.7333
t 1 133.75 -3 1 1 0 0 0 0 -2
_00Quinto
1 1 133.75 10 0 0 4 0 0 -2
1 2 133.75 7 0 0 4 0 0 -2
1 2 133.75 103 0 1 4 0 0 -1.66
1 1 170 4 0 -1 4 0 0 0 99 0 0 7.68982
1 1 170 5 0 -1 4 0 0 0 99 0 0 4.62895
1 1 170 6 0 -1 4 0 0 0 99 0 0 9.98547
1 1 170 6 0 -1 4 0 0 0 99 0 0 3.86373
1 1 170 7 0 -1 4 0 0 0 99 0 0 16.1072
1 1 170 8 0 -1 4 0 0 0 99 0 0 6.9246
1 1 170 9 0 -1 4 0 0 0 99 0 0 10.7507
1 1 170 10 0 -1 4 0 0 0 99 0 0 15.342
1 1 170 11 0 -1 4 0 0 0 99 0 0 19.9333
1 1 170 12 0 -1 4 0 0 0 99 0 0 8.45504
1 2 170 1 0 -1 4 0 0 0 99 0 0 6.15939
1 2 170 2 0 -1 4 0 0 0 99 0 0 3.86373
t 1 170 -3 1 1 0 0 0 0 -2
_00Basso
1 1 170 4 0 0 4 0 0 -2
1 2 170 2 0 0 4 0 0 -2
1 1 170 109 0 1 4 0 0 -1.66
