#define SVG t 1 1 \n_99%svg%
t 2 10 14 1 1 0 0 0 0 -1.35
_00
8 1 0 0 0 200
8 2 0 -6 0 200
14 1 0 2
14 1 200 2
14 1 0 2 8
3 2 2
3 1 2 0 1
1 2 25 4 0 -1 4 0 0 0 99 0 0 2.9402
1 2 25 4 0 -1 4 0 0 0 99 0 0 2.9402
1 2 25 5 0 -1 4 0 0 0 99 0 0 9.00916
1 2 25 6 0 -1 4 0 0 0 99 0 0 13.8643
1 2 25 7 0 -1 4 0 0 0 99 0 0 3.54709
1 2 25 7 0 -1 4 0 0 0 99 0 0 19.3264
1 2 25 8 0 -1 4 0 0 0 99 0 0 19.9333
1 2 25 9 0 -1 4 0 0 0 99 0 0 4.15399
1 2 25 10 0 -1 4 0 0 0 99 0 0 5.36778
t 1 25 -3 1 1 0 0 0 0 -2
_00Canto
1 2 25 4 0 0 4 0 0 -2
1 2 25 10 0 0 4 0 0 -2
1 2 25 107 0 1 4 0 0 -1.66
1 1 61.25 10 0 -1 4 0 0 0 99 0 0 3.36859
1 1 61.25 11 0 -1 4 0 0 0 99 0 0 3.36859
1 2 61.25 1 0 -1 4 0 0 0 99 0 0 3.88624
1 2 61.25 1 0 -1 4 0 0 0 99 0 0 3.36859
1 2 61.25 2 0 -1 4 0 0 0 99 0 0 6.99212
1 2 61.25 3 0 -1 4 0 0 0 99 0 0 4.40389
1 2 61.25 3 0 -1 4 0 0 0 99 0 0 17.3451
1 2 61.25 4 0 -1 4 0 0 0 99 0 0 6.99212
1 2 61.25 4 0 -1 4 0 0 0 99 0 0 3.36859
1 2 61.25 5 0 -1 4 0 0 0 99 0 0 19.9333
1 2 61.25 6 0 -1 4 0 0 0 99 0 0 3.36859
1 2 61.25 6 0 -1 4 0 0 0 99 0 0 4.92154
t 1 61.25 -3 1 1 0 0 0 0 -2
_00Alto
1 1 61.25 10 0 0 4 0 0 -2
1 2 61.25 6 0 0 4 0 0 -2
1 2 61.25 104 0 1 4 0 0 -1.66
1 1 97.5 7 0 -1 4 0 0 0 99 0 0 3.68715
1 1 97.5 8 0 -1 4 0 0 0 99 0 0 13.1641
1 1 97.5 9 0 -1 4 0 0 0 99 0 0 6.39484
1 1 97.5 9 0 -1 4 0 0 0 99 0 0 7.74868
1 1 97.5 10 0 -1 4 0 0 0 99 0 0 14.5179
1 1 97.5 11 0 -1 4 0 0 0 99 0 0 13.1641
1 1 97.5 12 0 -1 4 0 0 0 99 0 0 14.5179
1 2 97.5 1 0 -1 4 0 0 0 99 0 0 19.9333
1 2 97.5 1 0 -1 4 0 0 0 99 0 0 13.1641
1 2 97.5 2 0 -1 4 0 0 0 99 0 0 9.10253
1 2 97.5 3 0 -1 4 0 0 0 99 0 0 3.68715
1 2 97.5 3 0 -1 4 0 0 0 99 0 0 15.8718
1 2 97.5 4 0 -1 4 0 0 0 99 0 0 3.68715
t 1 97.5 -3 1 1 0 0 0 0 -2
_00Tenore
1 1 97.5 7 0 0 4 0 0 -2
1 2 97.5 4 0 0 4 0 0 -2
1 1 97.5 112 0 1 4 0 0 -1.66
1 1 133.75 7 0 -1 4 0 0 0 99 0 0 3.09852
1 1 133.75 8 0 -1 4 0 0 0 99 0 0 3.09852
1 1 133.75 10 0 -1 4 0 0 0 99 0 0 6.15939
1 1 133.75 11 0 -1 4 0 0 0 99 0 0 13.0463
1 1 133.75 12 0 -1 4 0 0 0 99 0 0 10.7507
1 2 133.75 1 0 -1 4 0 0 0 99 0 0 19.1681
1 2 133.75 1 0 -1 4 0 0 0 99 0 0 3.09852
1 2 133.75 2 0 -1 4 0 0 0 99 0 0 19.9333
1 2 133.75 3 0 -1 4 0 0 0 99 0 0 16.1072
1 2 133.75 4 0 -1 4 0 0 0 99 0 0 6.15939
t 1 133.75 -3 1 1 0 0 0 0 -2
_00Quinto
1 1 133.75 7 0 0 4 0 0 -2
1 2 133.75 4 0 0 4 0 0 -2
1 2 133.75 101 0 1 4 0 0 -1.66
1 1 170 2 0 -1 4 0 0 0 99 0 0 3.59044
1 1 170 3 0 -1 4 0 0 0 99 0 0 4.84759
1 1 170 4 0 -1 4 0 0 0 99 0 0 3.59044
1 1 170 4 0 -1 4 0 0 0 99 0 0 7.36187
1 1 170 5 0 -1 4 0 0 0 99 0 0 14.9047
1 1 170 6 0 -1 4 0 0 0 99 0 0 18.6762
1 1 170 7 0 -1 4 0 0 0 99 0 0 13.6476
1 1 170 8 0 -1 4 0 0 0 99 0 0 12.3904
1 1 170 9 0 -1 4 0 0 0 99 0 0 8.61901
1 1 170 9 0 -1 4 0 0 0 99 0 0 3.59044
1 1 170 10 0 -1 4 0 0 0 99 0 0 19.9333
1 1 170 11 0 -1 4 0 0 0 99 0 0 13.6476
1 2 170 1 0 -1 4 0 0 0 99 0 0 3.59044
t 1 170 -3 1 1 0 0 0 0 -2
_00Basso
1 1 170 2 0 0 4 0 0 -2
1 2 170 1 0 0 4 0 0 -2
1 1 170 107 0 1 4 0 0 -1.66
