#define SVG t 1 1 \n_99%svg%
t 2 10 14 1 1 0 0 0 0 -1.35
_00
8 1 0 0 0 200
8 2 0 -6 0 200
14 1 0 2
14 1 200 2
14 1 0 2 8
3 2 2
3 1 2 0 1
1 1 25 11 0 -1 4 0 0 0 99 0 0 2.90104
1 2 25 1 0 -1 4 0 0 0 99 0 0 4.60427
1 2 25 1 0 -1 4 0 0 0 99 0 0 2.90104
1 2 25 2 0 -1 4 0 0 0 99 0 0 8.01072
1 2 25 3 0 -1 4 0 0 0 99 0 0 9.71395
1 2 25 4 0 -1 4 0 0 0 99 0 0 14.2559
1 2 25 4 0 -1 4 0 0 0 99 0 0 4.60427
1 2 25 5 0 -1 4 0 0 0 99 0 0 15.3914
1 2 25 6 0 -1 4 0 0 0 99 0 0 19.9333
1 2 25 7 0 -1 4 0 0 0 99 0 0 15.3914
1 2 25 7 0 -1 4 0 0 0 99 0 0 4.03653
1 2 25 8 0 -1 4 0 0 0 99 0 0 14.2559
1 2 25 9 0 -1 4 0 0 0 99 0 0 9.1462
1 2 25 10 0 -1 4 0 0 0 99 0 0 5.17201
1 2 25 11 0 -1 4 0 0 0 99 0 0 4.03653
t 1 25 -3 1 1 0 0 0 0 -2
_00Canto
1 1 25 11 0 0 4 0 0 -2
1 2 25 11 0 0 4 0 0 -2
1 2 25 106 0 1 4 0 0 -1.66
1 2 61.25 1 0 -1 4 0 0 0 99 0 0 3.23586
1 2 61.25 2 0 -1 4 0 0 0 99 0 0 3.68715
1 2 61.25 3 0 -1 4 0 0 0 99 0 0 10.4564
1 2 61.25 4 0 -1 4 0 0 0 99 0 0 16.323
1 2 61.25 4 0 -1 4 0 0 0 99 0 0 4.58971
1 2 61.25 5 0 -1 4 0 0 0 99 0 0 19.0307
1 2 61.25 6 0 -1 4 0 0 0 99 0 0 19.9333
1 2 61.25 7 0 -1 4 0 0 0 99 0 0 10.9077
1 2 61.25 8 0 -1 4 0 0 0 99 0 0 10.0051
1 2 61.25 9 0 -1 4 0 0 0 99 0 0 9.10253
1 2 61.25 10 0 -1 4 0 0 0 99 0 0 2.78458
1 2 61.25 11 0 -1 4 0 0 0 99 0 0 3.23586
t 1 61.25 -3 1 1 0 0 0 0 -2
_00Quinto
1 2 61.25 1 0 0 4 0 0 -2
1 2 61.25 11 0 0 4 0 0 -2
1 2 61.25 105 0 1 4 0 0 -1.66
1 1 97.5 9 0 -1 4 0 0 0 99 0 0 5.6333
1 1 97.5 10 0 -1 4 0 0 0 99 0 0 3.4333
1 1 97.5 11 0 -1 4 0 0 0 99 0 0 7.2833
1 1 97.5 12 0 -1 4 0 0 0 99 0 0 11.6833
1 1 97.5 12 0 -1 4 0 0 0 99 0 0 2.8833
1 2 97.5 1 0 -1 4 0 0 0 99 0 0 19.3833
1 2 97.5 2 0 -1 4 0 0 0 99 0 0 18.2833
1 2 97.5 3 0 -1 4 0 0 0 99 0 0 3.9833
1 2 97.5 3 0 -1 4 0 0 0 99 0 0 12.7833
1 2 97.5 4 0 -1 4 0 0 0 99 0 0 19.9333
1 2 97.5 5 0 -1 4 0 0 0 99 0 0 5.6333
1 2 97.5 6 0 -1 4 0 0 0 99 0 0 3.4333
1 2 97.5 7 0 -1 4 0 0 0 99 0 0 2.8833
t 1 97.5 -3 1 1 0 0 0 0 -2
_00Alto
1 1 97.5 9 0 0 4 0 0 -2
1 2 97.5 7 0 0 4 0 0 -2
1 2 97.5 102 0 1 4 0 0 -1.66
1 1 133.75 6 0 -1 4 0 0 0 99 0 0 3.09852
1 1 133.75 7 0 -1 4 0 0 0 99 0 0 3.86373
1 1 133.75 8 0 -1 4 0 0 0 99 0 0 4.62895
1 1 133.75 9 0 -1 4 0 0 0 99 0 0 11.5159
1 1 133.75 10 0 -1 4 0 0 0 99 0 0 12.2811
1 1 133.75 11 0 -1 4 0 0 0 99 0 0 19.9333
1 1 133.75 12 0 -1 4 0 0 0 99 0 0 11.5159
1 2 133.75 1 0 -1 4 0 0 0 99 0 0 9.22026
1 2 133.75 2 0 -1 4 0 0 0 99 0 0 6.9246
1 2 133.75 3 0 -1 4 0 0 0 99 0 0 3.86373
1 2 133.75 4 0 -1 4 0 0 0 99 0 0 6.15939
t 1 133.75 -3 1 1 0 0 0 0 -2
_00Tenore
1 1 133.75 6 0 0 4 0 0 -2
1 2 133.75 4 0 0 4 0 0 -2
1 1 133.75 111 0 1 4 0 0 -1.66
1 1 170 2 0 -1 4 0 0 0 99 0 0 6.03856
1 1 170 4 0 -1 4 0 0 0 99 0 0 4.18593
1 1 170 5 0 -1 4 0 0 0 99 0 0 9.74383
1 1 170 6 0 -1 4 0 0 0 99 0 0 10.6701
1 1 170 7 0 -1 4 0 0 0 99 0 0 9.74383
1 1 170 8 0 -1 4 0 0 0 99 0 0 3.25962
1 1 170 8 0 -1 4 0 0 0 99 0 0 6.03856
1 1 170 9 0 -1 4 0 0 0 99 0 0 19.9333
1 1 170 10 0 -1 4 0 0 0 99 0 0 8.81751
1 1 170 11 0 -1 4 0 0 0 99 0 0 5.11225
1 1 170 12 0 -1 4 0 0 0 99 0 0 3.25962
t 1 170 -3 1 1 0 0 0 0 -2
_00Basso
1 1 170 2 0 0 4 0 0 -2
1 1 170 12 0 0 4 0 0 -2
1 1 170 108 0 1 4 0 0 -1.66
