#define SVG t 1 1 \n_99%svg%
t 2 10 14 1 1 0 0 0 0 -1.35
_00
8 1 0 0 0 200
8 2 0 -6 0 200
14 1 0 2
14 1 200 2
14 1 0 2 8
3 2 2
3 1 2 0 1
1 2 25 3 0 -1 4 0 0 0 99 0 0 4.36407
1 2 25 4 0 -1 4 0 0 0 99 0 0 5.04099
1 2 25 4 0 -1 4 0 0 0 99 0 0 3.68715
1 2 25 5 0 -1 4 0 0 0 99 0 0 15.8718
1 2 25 6 0 -1 4 0 0 0 99 0 0 19.9333
1 2 25 7 0 -1 4 0 0 0 99 0 0 19.2564
1 2 25 8 0 -1 4 0 0 0 99 0 0 15.8718
1 2 25 9 0 -1 4 0 0 0 99 0 0 13.1641
t 1 25 -3 1 1 0 0 0 0 -2
_00Canto
1 2 25 3 0 0 4 0 0 -2
1 2 25 9 0 0 4 0 0 -2
1 2 25 107 0 1 4 0 0 -1.66
1 1 61.25 10 0 -1 4 0 0 0 99 0 0 3.19184
1 1 61.25 11 0 -1 4 0 0 0 99 0 0 5.33818
1 1 61.25 12 0 -1 4 0 0 0 99 0 0 2.76257
1 2 61.25 1 0 -1 4 0 0 0 99 0 0 3.19184
1 2 61.25 2 0 -1 4 0 0 0 99 0 0 12.6357
1 2 61.25 3 0 -1 4 0 0 0 99 0 0 3.19184
1 2 61.25 3 0 -1 4 0 0 0 99 0 0 10.9187
1 2 61.25 4 0 -1 4 0 0 0 99 0 0 9.63086
1 2 61.25 4 0 -1 4 0 0 0 99 0 0 5.33818
1 2 61.25 5 0 -1 4 0 0 0 99 0 0 19.9333
1 2 61.25 6 0 -1 4 0 0 0 99 0 0 2.76257
1 2 61.25 6 0 -1 4 0 0 0 99 0 0 6.62598
1 2 61.25 7 0 -1 4 0 0 0 99 0 0 2.76257
t 1 61.25 -3 1 1 0 0 0 0 -2
_00Alto
1 1 61.25 10 0 0 4 0 0 -2
1 2 61.25 7 0 0 4 0 0 -2
1 2 61.25 104 0 1 4 0 0 -1.66
1 1 97.5 6 0 -1 4 0 0 0 99 0 0 3.36859
1 1 97.5 7 0 -1 4 0 0 0 99 0 0 5.43918
1 1 97.5 8 0 -1 4 0 0 0 99 0 0 4.40389
1 1 97.5 9 0 -1 4 0 0 0 99 0 0 3.36859
1 1 97.5 9 0 -1 4 0 0 0 99 0 0 5.43918
1 1 97.5 10 0 -1 4 0 0 0 99 0 0 19.9333
1 1 97.5 11 0 -1 4 0 0 0 99 0 0 17.8627
1 1 97.5 12 0 -1 4 0 0 0 99 0 0 17.8627
1 2 97.5 1 0 -1 4 0 0 0 99 0 0 16.8274
1 2 97.5 1 0 -1 4 0 0 0 99 0 0 3.36859
1 2 97.5 2 0 -1 4 0 0 0 99 0 0 17.8627
1 2 97.5 3 0 -1 4 0 0 0 99 0 0 6.47448
1 2 97.5 4 0 -1 4 0 0 0 99 0 0 7.50977
t 1 97.5 -3 1 1 0 0 0 0 -2
_00Tenore
1 1 97.5 6 0 0 4 0 0 -2
1 2 97.5 4 0 0 4 0 0 -2
1 1 97.5 112 0 1 4 0 0 -1.66
1 1 133.75 6 0 -1 4 0 0 0 99 0 0 2.90104
1 1 133.75 7 0 -1 4 0 0 0 99 0 0 6.30749
1 1 133.75 9 0 -1 4 0 0 0 99 0 0 2.90104
1 1 133.75 10 0 -1 4 0 0 0 99 0 0 8.57846
1 1 133.75 11 0 -1 4 0 0 0 99 0 0 10.8494
1 1 133.75 12 0 -1 4 0 0 0 99 0 0 13.1204
1 2 133.75 1 0 -1 4 0 0 0 99 0 0 14.2559
1 2 133.75 2 0 -1 4 0 0 0 99 0 0 19.9333
1 2 133.75 3 0 -1 4 0 0 0 99 0 0 8.57846
1 2 133.75 4 0 -1 4 0 0 0 99 0 0 4.03653
1 2 133.75 5 0 -1 4 0 0 0 99 0 0 2.90104
t 1 133.75 -3 1 1 0 0 0 0 -2
_00Quinto
1 1 133.75 6 0 0 4 0 0 -2
1 2 133.75 5 0 0 4 0 0 -2
1 2 133.75 101 0 1 4 0 0 -1.66
1 1 170 3 0 -1 4 0 0 0 99 0 0 6.7333
1 1 170 5 0 -1 4 0 0 0 99 0 0 10.0333
1 1 170 6 0 -1 4 0 0 0 99 0 0 14.4333
1 1 170 7 0 -1 4 0 0 0 99 0 0 16.6333
1 1 170 8 0 -1 4 0 0 0 99 0 0 14.4333
1 1 170 9 0 -1 4 0 0 0 99 0 0 15.5333
1 1 170 10 0 -1 4 0 0 0 99 0 0 19.9333
1 1 170 11 0 -1 4 0 0 0 99 0 0 12.2333
1 1 170 12 0 -1 4 0 0 0 99 0 0 3.4333
1 1 170 12 0 -1 4 0 0 0 99 0 0 3.4333
1 2 170 1 0 -1 4 0 0 0 99 0 0 5.6333
t 1 170 -3 1 1 0 0 0 0 -2
_00Basso
1 1 170 3 0 0 4 0 0 -2
1 2 170 1 0 0 4 0 0 -2
1 1 170 108 0 1 4 0 0 -1.66
