#define SVG t 1 1 \n_99%svg%
t 2 10 14 1 1 0 0 0 0 -1.35
_00
8 1 0 0 0 200
8 2 0 -6 0 200
14 1 0 2
14 1 200 2
14 1 0 2 8
3 2 2
3 1 2 0 1
1 2 25 2 0 -1 4 0 0 0 99 0 0 3.36859
1 2 25 3 0 -1 4 0 0 0 99 0 0 4.92154
1 2 25 4 0 -1 4 0 0 0 99 0 0 5.95683
1 2 25 4 0 -1 4 0 0 0 99 0 0 10.098
1 2 25 5 0 -1 4 0 0 0 99 0 0 19.9333
1 2 25 6 0 -1 4 0 0 0 99 0 0 18.898
1 2 25 7 0 -1 4 0 0 0 99 0 0 13.7215
1 2 25 7 0 -1 4 0 0 0 99 0 0 4.40389
1 2 25 8 0 -1 4 0 0 0 99 0 0 8.54506
1 2 25 9 0 -1 4 0 0 0 99 0 0 10.098
1 2 25 10 0 -1 4 0 0 0 99 0 0 2.85095
1 2 25 10 0 -1 4 0 0 0 99 0 0 4.40389
1 2 25 11 0 -1 4 0 0 0 99 0 0 3.36859
t 1 25 -3 1 1 0 0 0 0 -2
_00Canto
1 2 25 2 0 0 4 0 0 -2
1 2 25 11 0 0 4 0 0 -2
1 2 25 106 0 1 4 0 0 -1.66
1 1 61.25 10 0 -1 4 0 0 0 99 0 0 2.65923
1 1 61.25 11 0 -1 4 0 0 0 99 0 0 4.28886
1 1 61.25 12 0 -1 4 0 0 0 99 0 0 3.637
1 1 61.25 12 0 -1 4 0 0 0 99 0 0 2.65923
1 2 61.25 1 0 -1 4 0 0 0 99 0 0 6.89626
1 2 61.25 1 0 -1 4 0 0 0 99 0 0 2.98515
1 2 61.25 2 0 -1 4 0 0 0 99 0 0 19.9333
1 2 61.25 3 0 -1 4 0 0 0 99 0 0 3.96293
1 2 61.25 3 0 -1 4 0 0 0 99 0 0 7.87404
1 2 61.25 4 0 -1 4 0 0 0 99 0 0 11.1333
1 2 61.25 4 0 -1 4 0 0 0 99 0 0 4.28886
1 2 61.25 5 0 -1 4 0 0 0 99 0 0 13.4148
1 2 61.25 6 0 -1 4 0 0 0 99 0 0 3.637
t 1 61.25 -3 1 1 0 0 0 0 -2
_00Alto
1 1 61.25 10 0 0 4 0 0 -2
1 2 61.25 6 0 0 4 0 0 -2
1 2 61.25 103 0 1 4 0 0 -1.66
1 1 97.5 7 0 -1 4 0 0 0 99 0 0 4.28886
1 1 97.5 8 0 -1 4 0 0 0 99 0 0 3.637
1 1 97.5 9 0 -1 4 0 0 0 99 0 0 6.24441
1 1 97.5 9 0 -1 4 0 0 0 99 0 0 3.637
1 1 97.5 10 0 -1 4 0 0 0 99 0 0 14.7185
1 1 97.5 11 0 -1 4 0 0 0 99 0 0 8.85182
1 1 97.5 12 0 -1 4 0 0 0 99 0 0 10.8074
1 1 97.5 12 0 -1 4 0 0 0 99 0 0 2.98515
1 2 97.5 1 0 -1 4 0 0 0 99 0 0 7.54811
1 2 97.5 1 0 -1 4 0 0 0 99 0 0 5.59256
1 2 97.5 2 0 -1 4 0 0 0 99 0 0 19.9333
1 2 97.5 3 0 -1 4 0 0 0 99 0 0 5.59256
1 2 97.5 3 0 -1 4 0 0 0 99 0 0 3.637
1 2 97.5 4 0 -1 4 0 0 0 99 0 0 3.637
t 1 97.5 -3 1 1 0 0 0 0 -2
_00Tenore
1 1 97.5 7 0 0 4 0 0 -2
1 2 97.5 4 0 0 4 0 0 -2
1 1 97.5 112 0 1 4 0 0 -1.66
1 1 133.75 7 0 -1 4 0 0 0 99 0 0 5.97468
1 1 133.75 8 0 -1 4 0 0 0 99 0 0 2.9402
1 1 133.75 9 0 -1 4 0 0 0 99 0 0 3.54709
1 1 133.75 9 0 -1 4 0 0 0 99 0 0 3.54709
1 1 133.75 10 0 -1 4 0 0 0 99 0 0 12.0436
1 1 133.75 11 0 -1 4 0 0 0 99 0 0 19.9333
1 1 133.75 12 0 -1 4 0 0 0 99 0 0 10.223
1 1 133.75 12 0 -1 4 0 0 0 99 0 0 2.9402
1 2 133.75 1 0 -1 4 0 0 0 99 0 0 9.00916
1 2 133.75 1 0 -1 4 0 0 0 99 0 0 5.97468
1 2 133.75 2 0 -1 4 0 0 0 99 0 0 19.3264
1 2 133.75 3 0 -1 4 0 0 0 99 0 0 2.9402
1 2 133.75 3 0 -1 4 0 0 0 99 0 0 3.54709
1 2 133.75 4 0 -1 4 0 0 0 99 0 0 4.15399
t 1 133.75 -3 1 1 0 0 0 0 -2
_00Quinto
1 1 133.75 7 0 0 4 0 0 -2
1 2 133.75 4 0 0 4 0 0 -2
1 1 133.75 112 0 1 4 0 0 -1.66
1 1 170 3 0 -1 4 0 0 0 99 0 0 5.1493
1 1 170 4 0 -1 4 0 0 0 99 0 0 4.4453
1 1 170 5 0 -1 4 0 0 0 99 0 0 5.8533
1 1 170 6 0 -1 4 0 0 0 99 0 0 7.9653
1 1 170 6 0 -1 4 0 0 0 99 0 0 5.1493
1 1 170 7 0 -1 4 0 0 0 99 0 0 19.9333
1 1 170 8 0 -1 4 0 0 0 99 0 0 7.9653
1 1 170 8 0 -1 4 0 0 0 99 0 0 3.7413
1 1 170 9 0 -1 4 0 0 0 99 0 0 7.9653
1 1 170 9 0 -1 4 0 0 0 99 0 0 3.7413
1 1 170 10 0 -1 4 0 0 0 99 0 0 19.9333
1 1 170 11 0 -1 4 0 0 0 99 0 0 7.2613
1 1 170 12 0 -1 4 0 0 0 99 0 0 7.2613
1 2 170 1 0 -1 4 0 0 0 99 0 0 3.0373
1 2 170 2 0 -1 4 0 0 0 99 0 0 3.0373
t 1 170 -3 1 1 0 0 0 0 -2
_00Basso
1 1 170 3 0 0 4 0 0 -2
1 2 170 2 0 0 4 0 0 -2
1 1 170 108 0 1 4 0 0 -1.66
