#define SVG t 1 1 \n_99%svg%
t 2 10 14 1 1 0 0 0 0 -1.35
_00
8 1 0 0 0 200
8 2 0 -6 0 200
14 1 0 2
14 1 200 2
14 1 0 2 8
3 2 2
3 1 2 0 1
1 2 25 2 0 -1 4 0 0 0 99 0 0 5.04099
1 2 25 3 0 -1 4 0 0 0 99 0 0 11.8102
1 2 25 4 0 -1 4 0 0 0 99 0 0 6.39484
1 2 25 4 0 -1 4 0 0 0 99 0 0 7.74868
1 2 25 5 0 -1 4 0 0 0 99 0 0 19.9333
1 2 25 6 0 -1 4 0 0 0 99 0 0 9.10253
1 2 25 7 0 -1 4 0 0 0 99 0 0 9.77945
1 2 25 7 0 -1 4 0 0 0 99 0 0 4.36407
1 2 25 8 0 -1 4 0 0 0 99 0 0 9.10253
1 2 25 9 0 -1 4 0 0 0 99 0 0 4.36407
1 2 25 10 0 -1 4 0 0 0 99 0 0 3.01022
t 1 25 -3 1 1 0 0 0 0 -2
_00Canto
1 2 25 2 0 0 4 0 0 -2
1 2 25 10 0 0 4 0 0 -2
1 2 25 105 0 1 4 0 0 -1.66
1 1 170 3 0 -1 4 0 0 0 99 0 0 12.8933
1 1 170 4 0 -1 4 0 0 0 99 0 0 5.8533
1 1 170 5 0 -1 4 0 0 0 99 0 0 3.50663
1 1 170 6 0 -1 4 0 0 0 99 0 0 8.19997
1 1 170 7 0 -1 4 0 0 0 99 0 0 19.9333
1 1 170 8 0 -1 4 0 0 0 99 0 0 3.50663
1 1 170 8 0 -1 4 0 0 0 99 0 0 7.02663
1 1 170 9 0 -1 4 0 0 0 99 0 0 5.8533
1 1 170 9 0 -1 4 0 0 0 99 0 0 4.67997
1 1 170 10 0 -1 4 0 0 0 99 0 0 5.8533
t 1 170 -3 1 1 0 0 0 0 -2
_00Basso continuo
1 1 170 3 0 0 4 0 0 -2
1 1 170 10 0 0 4 0 0 -2
1 1 170 107 0 1 4 0 0 -1.66
