#define SVG t 1 1 \n_99%svg%
t 2 10 14 1 1 0 0 0 0 -1.35
_00
8 1 0 0 0 200
8 2 0 -6 0 200
14 1 0 2
14 1 200 2
14 1 0 2 8
3 2 2
3 1 2 0 1
1 2 25 2 0 -1 4 0 0 0 99 0 0 3.05167
1 2 25 3 0 -1 4 0 0 0 99 0 0 4.4884
1 2 25 4 0 -1 4 0 0 0 99 0 0 5.20677
1 2 25 4 0 -1 4 0 0 0 99 0 0 4.4884
1 2 25 5 0 -1 4 0 0 0 99 0 0 11.6721
1 2 25 6 0 -1 4 0 0 0 99 0 0 16.3415
1 2 25 7 0 -1 4 0 0 0 99 0 0 18.8557
1 2 25 8 0 -1 4 0 0 0 99 0 0 19.2149
1 2 25 9 0 -1 4 0 0 0 99 0 0 19.9333
1 2 25 10 0 -1 4 0 0 0 99 0 0 6.6435
1 2 25 10 0 -1 4 0 0 0 99 0 0 3.41085
1 2 25 11 0 -1 4 0 0 0 99 0 0 4.84759
t 1 25 -3 1 1 0 0 0 0 -2
_00?[Canto I?]
1 2 25 2 0 0 4 0 0 -2
1 2 25 11 0 0 4 0 0 -2
1 2 25 107 0 1 4 0 0 -1.66
1 2 73.3333 2 0 -1 4 0 0 0 99 0 0 3.09852
1 2 73.3333 3 0 -1 4 0 0 0 99 0 0 6.9246
1 2 73.3333 4 0 -1 4 0 0 0 99 0 0 12.2811
1 2 73.3333 4 0 -1 4 0 0 0 99 0 0 9.98547
1 2 73.3333 5 0 -1 4 0 0 0 99 0 0 18.7855
1 2 73.3333 6 0 -1 4 0 0 0 99 0 0 19.9333
1 2 73.3333 7 0 -1 4 0 0 0 99 0 0 18.4029
1 2 73.3333 7 0 -1 4 0 0 0 99 0 0 3.09852
1 2 73.3333 8 0 -1 4 0 0 0 99 0 0 12.2811
1 2 73.3333 9 0 -1 4 0 0 0 99 0 0 9.22026
1 2 73.3333 10 0 -1 4 0 0 0 99 0 0 3.86373
1 2 73.3333 10 0 -1 4 0 0 0 99 0 0 2.71591
1 2 73.3333 11 0 -1 4 0 0 0 99 0 0 3.86373
t 1 73.3333 -3 1 1 0 0 0 0 -2
_00?[Canto II?]
1 2 73.3333 2 0 0 4 0 0 -2
1 2 73.3333 11 0 0 4 0 0 -2
1 2 73.3333 106 0 1 4 0 0 -1.66
1 1 121.667 7 0 -1 4 0 0 0 99 0 0 4.61478
1 1 121.667 8 0 -1 4 0 0 0 99 0 0 4.94071
1 1 121.667 9 0 -1 4 0 0 0 99 0 0 9.50367
1 1 121.667 9 0 -1 4 0 0 0 99 0 0 3.637
1 1 121.667 10 0 -1 4 0 0 0 99 0 0 16.674
1 1 121.667 11 0 -1 4 0 0 0 99 0 0 12.7629
1 1 121.667 12 0 -1 4 0 0 0 99 0 0 12.437
1 2 121.667 1 0 -1 4 0 0 0 99 0 0 8.52589
1 2 121.667 2 0 -1 4 0 0 0 99 0 0 19.9333
1 2 121.667 3 0 -1 4 0 0 0 99 0 0 5.26663
1 2 121.667 3 0 -1 4 0 0 0 99 0 0 5.59256
1 2 121.667 4 0 -1 4 0 0 0 99 0 0 7.22219
1 2 121.667 5 0 -1 4 0 0 0 99 0 0 2.98515
t 1 121.667 -3 1 1 0 0 0 0 -2
_00?[Tenore?]
1 1 121.667 7 0 0 4 0 0 -2
1 2 121.667 5 0 0 4 0 0 -2
1 1 121.667 112 0 1 4 0 0 -1.66
1 1 170 0 0 -1 4 0 0 0 99 0 0 3.33901
1 1 170 1 0 -1 4 0 0 0 99 0 0 2.83616
1 1 170 2 0 -1 4 0 0 0 99 0 0 6.85901
1 1 170 3 0 -1 4 0 0 0 99 0 0 12.3904
1 1 170 4 0 -1 4 0 0 0 99 0 0 5.35044
1 1 170 5 0 -1 4 0 0 0 99 0 0 14.4019
1 1 170 6 0 -1 4 0 0 0 99 0 0 14.4019
1 1 170 7 0 -1 4 0 0 0 99 0 0 19.9333
1 1 170 8 0 -1 4 0 0 0 99 0 0 6.85901
1 1 170 8 0 -1 4 0 0 0 99 0 0 6.35616
1 1 170 9 0 -1 4 0 0 0 99 0 0 14.9047
1 1 170 9 0 -1 4 0 0 0 99 0 0 4.34473
1 1 170 10 0 -1 4 0 0 0 99 0 0 17.419
1 1 170 11 0 -1 4 0 0 0 99 0 0 9.87616
1 1 170 12 0 -1 4 0 0 0 99 0 0 12.3904
1 2 170 1 0 -1 4 0 0 0 99 0 0 4.34473
1 2 170 2 0 -1 4 0 0 0 99 0 0 2.83616
t 1 170 -4 1 1 0 0 0 0 -2
_00?[Basso?]
1 1 170 0 0 0 4 0 0 -2
1 2 170 2 0 0 4 0 0 -2
1 1 170 107 0 1 4 0 0 -1.66
