#define SVG t 1 1 \n_99%svg%
t 2 10 14 1 1 0 0 0 0 -1.35
_00
8 1 0 0 0 200
8 2 0 -6 0 200
14 1 0 2
14 1 200 2
14 1 0 2 8
3 2 2
3 1 2 0 1
1 1 25 10 0 -1 4 0 0 0 99 0 0 2.78458
1 1 25 12 0 -1 4 0 0 0 99 0 0 2.78458
1 2 25 1 0 -1 4 0 0 0 99 0 0 3.68715
1 2 25 2 0 -1 4 0 0 0 99 0 0 5.49227
1 2 25 3 0 -1 4 0 0 0 99 0 0 3.23586
1 2 25 3 0 -1 4 0 0 0 99 0 0 6.84612
1 2 25 4 0 -1 4 0 0 0 99 0 0 9.10253
1 2 25 4 0 -1 4 0 0 0 99 0 0 3.68715
1 2 25 5 0 -1 4 0 0 0 99 0 0 19.9333
1 2 25 6 0 -1 4 0 0 0 99 0 0 15.8718
1 2 25 7 0 -1 4 0 0 0 99 0 0 18.1282
1 2 25 8 0 -1 4 0 0 0 99 0 0 11.8102
1 2 25 8 0 -1 4 0 0 0 99 0 0 2.78458
1 2 25 9 0 -1 4 0 0 0 99 0 0 11.8102
1 2 25 10 0 -1 4 0 0 0 99 0 0 5.49227
1 2 25 10 0 -1 4 0 0 0 99 0 0 3.68715
1 2 25 11 0 -1 4 0 0 0 99 0 0 4.13843
t 1 25 -3 1 1 0 0 0 0 -2
_00?[Canto I?]
1 1 25 10 0 0 4 0 0 -2
1 2 25 11 0 0 4 0 0 -2
1 2 25 106 0 1 4 0 0 -1.66
1 2 97.5 1 0 -1 4 0 0 0 99 0 0 4.37981
1 2 97.5 2 0 -1 4 0 0 0 99 0 0 6.01702
1 2 97.5 3 0 -1 4 0 0 0 99 0 0 4.37981
1 2 97.5 3 0 -1 4 0 0 0 99 0 0 4.78911
1 2 97.5 4 0 -1 4 0 0 0 99 0 0 10.5193
1 2 97.5 4 0 -1 4 0 0 0 99 0 0 3.97051
1 2 97.5 5 0 -1 4 0 0 0 99 0 0 19.9333
1 2 97.5 6 0 -1 4 0 0 0 99 0 0 16.2496
1 2 97.5 7 0 -1 4 0 0 0 99 0 0 12.9752
1 2 97.5 8 0 -1 4 0 0 0 99 0 0 10.11
1 2 97.5 9 0 -1 4 0 0 0 99 0 0 7.65423
1 2 97.5 10 0 -1 4 0 0 0 99 0 0 3.56121
1 2 97.5 10 0 -1 4 0 0 0 99 0 0 3.1519
1 2 97.5 11 0 -1 4 0 0 0 99 0 0 3.56121
t 1 97.5 -3 1 1 0 0 0 0 -2
_00?[Canto II?]
1 2 97.5 1 0 0 4 0 0 -2
1 2 97.5 11 0 0 4 0 0 -2
1 2 97.5 106 0 1 4 0 0 -1.66
1 1 170 2 0 -1 4 0 0 0 99 0 0 3.68715
1 1 170 3 0 -1 4 0 0 0 99 0 0 7.74868
1 1 170 4 0 -1 4 0 0 0 99 0 0 3.68715
1 1 170 5 0 -1 4 0 0 0 99 0 0 10.4564
1 1 170 6 0 -1 4 0 0 0 99 0 0 14.5179
1 1 170 7 0 -1 4 0 0 0 99 0 0 18.5795
1 1 170 8 0 -1 4 0 0 0 99 0 0 9.10253
1 1 170 8 0 -1 4 0 0 0 99 0 0 6.39484
1 1 170 9 0 -1 4 0 0 0 99 0 0 15.1948
1 1 170 9 0 -1 4 0 0 0 99 0 0 5.04099
1 1 170 10 0 -1 4 0 0 0 99 0 0 19.9333
1 1 170 11 0 -1 4 0 0 0 99 0 0 7.74868
1 1 170 12 0 -1 4 0 0 0 99 0 0 7.74868
1 2 170 1 0 -1 4 0 0 0 99 0 0 5.04099
t 1 170 -3 1 1 0 0 0 0 -2
_00?[Basso continuo?]
1 1 170 2 0 0 4 0 0 -2
1 2 170 1 0 0 4 0 0 -2
1 1 170 108 0 1 4 0 0 -1.66
