#define SVG t 1 1 \n_99%svg%
t 2 10 14 1 1 0 0 0 0 -1.35
_00
8 1 0 0 0 200
8 2 0 -6 0 200
14 1 0 2
14 1 200 2
14 1 0 2 8
3 2 2
3 1 2 0 1
1 2 25 1 0 -1 4 0 0 0 99 0 0 2.59599
1 2 25 2 0 -1 4 0 0 0 99 0 0 2.85867
1 2 25 3 0 -1 4 0 0 0 99 0 0 3.38405
1 2 25 4 0 -1 4 0 0 0 99 0 0 5.48554
1 2 25 4 0 -1 4 0 0 0 99 0 0 2.59599
1 2 25 5 0 -1 4 0 0 0 99 0 0 8.90046
1 2 25 6 0 -1 4 0 0 0 99 0 0 19.9333
1 2 25 7 0 -1 4 0 0 0 99 0 0 15.7303
1 2 25 8 0 -1 4 0 0 0 99 0 0 15.4676
1 2 25 9 0 -1 4 0 0 0 99 0 0 12.8408
1 2 25 10 0 -1 4 0 0 0 99 0 0 8.1124
1 2 25 10 0 -1 4 0 0 0 99 0 0 3.12136
1 2 25 11 0 -1 4 0 0 0 99 0 0 5.74823
1 2 25 12 0 -1 4 0 0 0 99 0 0 2.85867
t 1 25 -3 1 1 0 0 0 0 -2
_00Canto
1 2 25 1 0 0 4 0 0 -2
1 2 25 12 0 0 4 0 0 -2
1 2 25 107 0 1 4 0 0 -1.66
1 1 170 3 0 -1 4 0 0 0 99 0 0 7.36187
1 1 170 5 0 -1 4 0 0 0 99 0 0 6.10473
1 1 170 6 0 -1 4 0 0 0 99 0 0 13.6476
1 1 170 7 0 -1 4 0 0 0 99 0 0 19.9333
1 1 170 8 0 -1 4 0 0 0 99 0 0 9.87616
1 1 170 8 0 -1 4 0 0 0 99 0 0 5.47616
1 1 170 9 0 -1 4 0 0 0 99 0 0 18.6762
1 1 170 9 0 -1 4 0 0 0 99 0 0 4.84759
1 1 170 10 0 -1 4 0 0 0 99 0 0 14.2762
1 1 170 11 0 -1 4 0 0 0 99 0 0 9.24759
1 1 170 12 0 -1 4 0 0 0 99 0 0 7.36187
t 1 170 -3 1 1 0 0 0 0 -2
_00Basso continuo
1 1 170 3 0 0 4 0 0 -2
1 1 170 12 0 0 4 0 0 -2
1 1 170 108 0 1 4 0 0 -1.66
