#define SVG t 1 1 \n_99%svg%
t 2 10 14 1 1 0 0 0 0 -1.35
_00
8 1 0 0 0 200
8 2 0 -6 0 200
14 1 0 2
14 1 200 2
14 1 0 2 8
3 2 2
3 1 2 0 1
1 2 25 3 0 -1 4 0 0 0 99 0 0 3.79997
1 2 25 4 0 -1 4 0 0 0 99 0 0 5.99997
1 2 25 4 0 -1 4 0 0 0 99 0 0 3.06663
1 2 25 5 0 -1 4 0 0 0 99 0 0 7.46663
1 2 25 6 0 -1 4 0 0 0 99 0 0 19.9333
1 2 25 7 0 -1 4 0 0 0 99 0 0 5.26663
1 2 25 7 0 -1 4 0 0 0 99 0 0 3.79997
1 2 25 8 0 -1 4 0 0 0 99 0 0 4.5333
1 2 25 8 0 -1 4 0 0 0 99 0 0 3.06663
1 2 25 9 0 -1 4 0 0 0 99 0 0 7.46663
1 2 25 10 0 -1 4 0 0 0 99 0 0 13.3333
1 2 25 11 0 -1 4 0 0 0 99 0 0 13.3333
1 2 25 11 0 -1 4 0 0 0 99 0 0 3.06663
1 2 25 12 0 -1 4 0 0 0 99 0 0 12.6
1 2 25 13 0 -1 4 0 0 0 99 0 0 3.06663
1 2 25 13 0 -1 4 0 0 0 99 0 0 5.99997
t 1 25 -3 1 1 0 0 0 0 -2
_00Canto
1 2 25 3 0 0 4 0 0 -2
1 2 25 13 0 0 4 0 0 -2
1 2 25 109 0 1 4 0 0 -1.66
1 2 61.25 1 0 -1 4 0 0 0 99 0 0 3.50663
1 2 61.25 2 0 -1 4 0 0 0 99 0 0 5.8533
1 2 61.25 3 0 -1 4 0 0 0 99 0 0 9.3733
1 2 61.25 4 0 -1 4 0 0 0 99 0 0 5.8533
1 2 61.25 4 0 -1 4 0 0 0 99 0 0 8.19997
1 2 61.25 5 0 -1 4 0 0 0 99 0 0 5.8533
1 2 61.25 6 0 -1 4 0 0 0 99 0 0 3.50663
1 2 61.25 6 0 -1 4 0 0 0 99 0 0 19.9333
1 2 61.25 7 0 -1 4 0 0 0 99 0 0 4.67997
1 2 61.25 8 0 -1 4 0 0 0 99 0 0 12.8933
1 2 61.25 8 0 -1 4 0 0 0 99 0 0 9.3733
1 2 61.25 9 0 -1 4 0 0 0 99 0 0 18.76
1 2 61.25 10 0 -1 4 0 0 0 99 0 0 18.76
1 2 61.25 11 0 -1 4 0 0 0 99 0 0 14.0666
1 2 61.25 11 0 -1 4 0 0 0 99 0 0 3.50663
1 2 61.25 12 0 -1 4 0 0 0 99 0 0 11.72
1 2 61.25 13 0 -1 4 0 0 0 99 0 0 3.50663
1 2 61.25 13 0 -1 4 0 0 0 99 0 0 8.19997
t 1 61.25 -3 1 1 0 0 0 0 -2
_00Quinto
1 2 61.25 1 0 0 4 0 0 -2
1 2 61.25 13 0 0 4 0 0 -2
1 2 61.25 108 0 1 4 0 0 -1.66
1 1 97.5 10 0 -1 4 0 0 0 99 0 0 3.25962
1 1 97.5 12 0 -1 4 0 0 0 99 0 0 4.18593
1 1 97.5 12 0 -1 4 0 0 0 99 0 0 3.25962
1 2 97.5 1 0 -1 4 0 0 0 99 0 0 9.74383
1 2 97.5 1 0 -1 4 0 0 0 99 0 0 6.03856
1 2 97.5 2 0 -1 4 0 0 0 99 0 0 19.9333
1 2 97.5 3 0 -1 4 0 0 0 99 0 0 12.5228
1 2 97.5 4 0 -1 4 0 0 0 99 0 0 15.3017
1 2 97.5 4 0 -1 4 0 0 0 99 0 0 4.18593
1 2 97.5 5 0 -1 4 0 0 0 99 0 0 6.03856
1 2 97.5 6 0 -1 4 0 0 0 99 0 0 3.25962
1 2 97.5 6 0 -1 4 0 0 0 99 0 0 12.5228
1 2 97.5 7 0 -1 4 0 0 0 99 0 0 5.11225
1 2 97.5 8 0 -1 4 0 0 0 99 0 0 16.228
t 1 97.5 -3 1 1 0 0 0 0 -2
_00Alto
1 1 97.5 10 0 0 4 0 0 -2
1 2 97.5 8 0 0 4 0 0 -2
1 2 97.5 104 0 1 4 0 0 -1.66
1 1 133.75 9 0 -1 4 0 0 0 99 0 0 5.1493
1 1 133.75 10 0 -1 4 0 0 0 99 0 0 6.5573
1 1 133.75 11 0 -1 4 0 0 0 99 0 0 3.7413
1 1 133.75 11 0 -1 4 0 0 0 99 0 0 19.9333
1 1 133.75 12 0 -1 4 0 0 0 99 0 0 3.0373
1 1 133.75 12 0 -1 4 0 0 0 99 0 0 5.1493
1 2 133.75 1 0 -1 4 0 0 0 99 0 0 13.5973
1 2 133.75 2 0 -1 4 0 0 0 99 0 0 8.6693
1 2 133.75 3 0 -1 4 0 0 0 99 0 0 10.0773
1 2 133.75 4 0 -1 4 0 0 0 99 0 0 9.3733
1 2 133.75 4 0 -1 4 0 0 0 99 0 0 3.0373
1 2 133.75 5 0 -1 4 0 0 0 99 0 0 5.1493
1 2 133.75 6 0 -1 4 0 0 0 99 0 0 3.0373
1 2 133.75 6 0 -1 4 0 0 0 99 0 0 4.4453
t 1 133.75 -3 1 1 0 0 0 0 -2
_00Tenore
1 1 133.75 9 0 0 4 0 0 -2
1 2 133.75 6 0 0 4 0 0 -2
1 2 133.75 101 0 1 4 0 0 -1.66
1 1 170 4 0 -1 4 0 0 0 99 0 0 3.31108
1 1 170 5 0 -1 4 0 0 0 99 0 0 4.28886
1 1 170 6 0 -1 4 0 0 0 99 0 0 10.1555
1 1 170 7 0 -1 4 0 0 0 99 0 0 19.9333
1 1 170 8 0 -1 4 0 0 0 99 0 0 9.17774
1 1 170 9 0 -1 4 0 0 0 99 0 0 16.0222
1 1 170 9 0 -1 4 0 0 0 99 0 0 3.31108
1 1 170 10 0 -1 4 0 0 0 99 0 0 7.22219
1 1 170 11 0 -1 4 0 0 0 99 0 0 3.31108
1 1 170 11 0 -1 4 0 0 0 99 0 0 16.0222
1 1 170 12 0 -1 4 0 0 0 99 0 0 7.22219
1 1 170 12 0 -1 4 0 0 0 99 0 0 3.31108
1 2 170 1 0 -1 4 0 0 0 99 0 0 8.19997
1 2 170 1 0 -1 4 0 0 0 99 0 0 3.31108
1 2 170 2 0 -1 4 0 0 0 99 0 0 11.1333
1 2 170 3 0 -1 4 0 0 0 99 0 0 5.26663
1 2 170 4 0 -1 4 0 0 0 99 0 0 5.26663
t 1 170 -3 1 1 0 0 0 0 -2
_00Basso
1 1 170 4 0 0 4 0 0 -2
1 2 170 4 0 0 4 0 0 -2
1 1 170 109 0 1 4 0 0 -1.66
