#define SVG t 1 1 \n_99%svg%
t 2 10 14 1 1 0 0 0 0 -1.35
_00
8 1 0 0 0 200
8 2 0 -6 0 200
14 1 0 2
14 1 200 2
14 1 0 2 8
3 2 2
3 1 2 0 1
1 2 25 2 0 -1 4 0 0 0 99 0 0 3.31108
1 2 25 3 0 -1 4 0 0 0 99 0 0 3.79997
1 2 25 4 0 -1 4 0 0 0 99 0 0 5.26663
1 2 25 4 0 -1 4 0 0 0 99 0 0 4.28886
1 2 25 5 0 -1 4 0 0 0 99 0 0 13.5777
1 2 25 6 0 -1 4 0 0 0 99 0 0 17.4889
1 2 25 7 0 -1 4 0 0 0 99 0 0 13.5777
1 2 25 8 0 -1 4 0 0 0 99 0 0 18.9555
1 2 25 9 0 -1 4 0 0 0 99 0 0 19.9333
1 2 25 10 0 -1 4 0 0 0 99 0 0 5.75552
1 2 25 10 0 -1 4 0 0 0 99 0 0 6.24441
1 2 25 11 0 -1 4 0 0 0 99 0 0 12.6
1 2 25 12 0 -1 4 0 0 0 99 0 0 2.82219
t 1 25 -3 1 1 0 0 0 0 -2
_00Canto I
1 2 25 2 0 0 4 0 0 -2
1 2 25 12 0 0 4 0 0 -2
1 2 25 108 0 1 4 0 0 -1.66
1 2 97.5 2 0 -1 4 0 0 0 99 0 0 3.36859
1 2 97.5 3 0 -1 4 0 0 0 99 0 0 4.40389
1 2 97.5 4 0 -1 4 0 0 0 99 0 0 5.43918
1 2 97.5 4 0 -1 4 0 0 0 99 0 0 4.05879
1 2 97.5 5 0 -1 4 0 0 0 99 0 0 12.3411
1 2 97.5 6 0 -1 4 0 0 0 99 0 0 19.9333
1 2 97.5 7 0 -1 4 0 0 0 99 0 0 13.3764
1 2 97.5 8 0 -1 4 0 0 0 99 0 0 11.996
1 2 97.5 9 0 -1 4 0 0 0 99 0 0 13.3764
1 2 97.5 10 0 -1 4 0 0 0 99 0 0 4.05879
1 2 97.5 10 0 -1 4 0 0 0 99 0 0 4.05879
1 2 97.5 11 0 -1 4 0 0 0 99 0 0 4.74899
1 2 97.5 12 0 -1 4 0 0 0 99 0 0 2.6784
t 1 97.5 -3 1 1 0 0 0 0 -2
_00Canto II
1 2 97.5 2 0 0 4 0 0 -2
1 2 97.5 12 0 0 4 0 0 -2
1 2 97.5 107 0 1 4 0 0 -1.66
1 1 170 2 0 -1 4 0 0 0 99 0 0 4.84759
1 1 170 3 0 -1 4 0 0 0 99 0 0 9.87616
1 1 170 4 0 -1 4 0 0 0 99 0 0 4.84759
1 1 170 5 0 -1 4 0 0 0 99 0 0 10.5047
1 1 170 6 0 -1 4 0 0 0 99 0 0 9.87616
1 1 170 7 0 -1 4 0 0 0 99 0 0 17.419
1 1 170 8 0 -1 4 0 0 0 99 0 0 5.47616
1 1 170 9 0 -1 4 0 0 0 99 0 0 19.9333
1 1 170 9 0 -1 4 0 0 0 99 0 0 4.84759
1 1 170 10 0 -1 4 0 0 0 99 0 0 17.419
1 1 170 11 0 -1 4 0 0 0 99 0 0 7.99044
1 1 170 12 0 -1 4 0 0 0 99 0 0 5.47616
t 1 170 -3 1 1 0 0 0 0 -2
_00Basso continuo
1 1 170 2 0 0 4 0 0 -2
1 1 170 12 0 0 4 0 0 -2
1 1 170 108 0 1 4 0 0 -1.66
