#define SVG t 1 1 \n_99%svg%
t 2 10 14 1 1 0 0 0 0 -1.35
_00
8 1 0 0 0 200
8 2 0 -6 0 200
14 1 0 2
14 1 200 2
14 1 0 2 8
3 2 2
3 1 2 0 1
1 1 25 7 0 -1 4 0 0 0 99 0 0 3.05167
1 1 25 8 0 -1 4 0 0 0 99 0 0 3.41085
1 1 25 8 0 -1 4 0 0 0 99 0 0 2.69248
1 1 25 9 0 -1 4 0 0 0 99 0 0 5.20677
1 1 25 10 0 -1 4 0 0 0 99 0 0 8.08024
1 1 25 11 0 -1 4 0 0 0 99 0 0 18.8557
1 1 25 12 0 -1 4 0 0 0 99 0 0 12.3904
1 2 25 1 0 -1 4 0 0 0 99 0 0 11.6721
1 2 25 2 0 -1 4 0 0 0 99 0 0 19.9333
1 2 25 3 0 -1 4 0 0 0 99 0 0 13.1088
1 2 25 3 0 -1 4 0 0 0 99 0 0 5.56595
1 2 25 4 0 -1 4 0 0 0 99 0 0 9.15779
1 2 25 5 0 -1 4 0 0 0 99 0 0 4.84759
1 2 25 6 0 -1 4 0 0 0 99 0 0 3.41085
1 2 25 7 0 -1 4 0 0 0 99 0 0 3.05167
t 1 25 -3 1 1 0 0 0 0 -2
_00?[Tenore?]
1 1 25 7 0 0 4 0 0 -2
1 2 25 7 0 0 4 0 0 -2
1 2 25 101 0 1 4 0 0 -1.66
1 1 170 3 0 -1 4 0 0 0 99 0 0 7.02663
1 1 170 4 0 -1 4 0 0 0 99 0 0 4.67997
1 1 170 5 0 -1 4 0 0 0 99 0 0 9.3733
1 1 170 5 0 -1 4 0 0 0 99 0 0 4.67997
1 1 170 6 0 -1 4 0 0 0 99 0 0 16.4133
1 1 170 6 0 -1 4 0 0 0 99 0 0 4.67997
1 1 170 7 0 -1 4 0 0 0 99 0 0 19.9333
1 1 170 8 0 -1 4 0 0 0 99 0 0 10.5466
1 1 170 8 0 -1 4 0 0 0 99 0 0 4.67997
1 1 170 9 0 -1 4 0 0 0 99 0 0 14.0666
1 1 170 10 0 -1 4 0 0 0 99 0 0 14.0666
1 1 170 11 0 -1 4 0 0 0 99 0 0 5.8533
t 1 170 -3 1 1 0 0 0 0 -2
_00?[Basso continuo?]
1 1 170 3 0 0 4 0 0 -2
1 1 170 11 0 0 4 0 0 -2
1 1 170 107 0 1 4 0 0 -1.66
