#define SVG t 1 1 \n_99%svg%
t 2 10 14 1 1 0 0 0 0 -1.35
_00
8 1 0 0 0 200
8 2 0 -6 0 200
14 1 0 2
14 1 200 2
14 1 0 2 8
3 2 2
3 1 2 0 1
1 1 25 9 0 -1 4 0 0 0 99 0 0 2.98515
1 1 25 10 0 -1 4 0 0 0 99 0 0 6.89626
1 1 25 11 0 -1 4 0 0 0 99 0 0 16.674
1 1 25 12 0 -1 4 0 0 0 99 0 0 12.1111
1 1 25 12 0 -1 4 0 0 0 99 0 0 9.50367
1 2 25 1 0 -1 4 0 0 0 99 0 0 18.6296
1 2 25 1 0 -1 4 0 0 0 99 0 0 6.89626
1 2 25 2 0 -1 4 0 0 0 99 0 0 19.9333
1 2 25 3 0 -1 4 0 0 0 99 0 0 3.637
1 2 25 3 0 -1 4 0 0 0 99 0 0 9.50367
1 2 25 4 0 -1 4 0 0 0 99 0 0 8.19997
1 2 25 4 0 -1 4 0 0 0 99 0 0 4.28886
1 2 25 5 0 -1 4 0 0 0 99 0 0 6.24441
1 2 25 6 0 -1 4 0 0 0 99 0 0 2.98515
t 1 25 -3 1 1 0 0 0 0 -2
_00Canto
1 1 25 9 0 0 4 0 0 -2
1 2 25 6 0 0 4 0 0 -2
1 2 25 101 0 1 4 0 0 -1.66
1 2 97.5 3 0 -1 4 0 0 0 99 0 0 2.91997
1 2 97.5 4 0 -1 4 0 0 0 99 0 0 3.50663
1 2 97.5 4 0 -1 4 0 0 0 99 0 0 4.0933
1 2 97.5 5 0 -1 4 0 0 0 99 0 0 11.72
1 2 97.5 6 0 -1 4 0 0 0 99 0 0 3.50663
1 2 97.5 6 0 -1 4 0 0 0 99 0 0 19.9333
1 2 97.5 7 0 -1 4 0 0 0 99 0 0 15.24
1 2 97.5 7 0 -1 4 0 0 0 99 0 0 5.8533
1 2 97.5 8 0 -1 4 0 0 0 99 0 0 17.5866
1 2 97.5 9 0 -1 4 0 0 0 99 0 0 14.0666
1 2 97.5 10 0 -1 4 0 0 0 99 0 0 4.67997
1 2 97.5 10 0 -1 4 0 0 0 99 0 0 7.02663
1 2 97.5 11 0 -1 4 0 0 0 99 0 0 7.6133
1 2 97.5 11 0 -1 4 0 0 0 99 0 0 4.0933
1 2 97.5 12 0 -1 4 0 0 0 99 0 0 7.6133
1 2 97.5 13 0 -1 4 0 0 0 99 0 0 3.50663
t 1 97.5 -3 1 1 0 0 0 0 -2
_00Tenore
1 2 97.5 3 0 0 4 0 0 -2
1 2 97.5 13 0 0 4 0 0 -2
1 2 97.5 107 0 1 4 0 0 -1.66
1 1 170 9 0 -1 4 0 0 0 99 0 0 5.04099
1 1 170 10 0 -1 4 0 0 0 99 0 0 11.1333
1 1 170 11 0 -1 4 0 0 0 99 0 0 9.10253
1 1 170 12 0 -1 4 0 0 0 99 0 0 9.77945
1 1 170 12 0 -1 4 0 0 0 99 0 0 3.68715
1 2 170 1 0 -1 4 0 0 0 99 0 0 12.4871
1 2 170 1 0 -1 4 0 0 0 99 0 0 3.68715
1 2 170 2 0 -1 4 0 0 0 99 0 0 19.9333
1 2 170 3 0 -1 4 0 0 0 99 0 0 6.39484
1 2 170 3 0 -1 4 0 0 0 99 0 0 13.841
1 2 170 4 0 -1 4 0 0 0 99 0 0 12.4871
1 2 170 4 0 -1 4 0 0 0 99 0 0 9.10253
1 2 170 5 0 -1 4 0 0 0 99 0 0 14.5179
1 2 170 6 0 -1 4 0 0 0 99 0 0 4.36407
t 1 170 -3 1 1 0 0 0 0 -2
_00Basso
1 1 170 9 0 0 4 0 0 -2
1 2 170 6 0 0 4 0 0 -2
1 2 170 102 0 1 4 0 0 -1.66
