#define SVG t 1 1 \n_99%svg%
t 2 10 14 1 1 0 0 0 0 -1.35
_00
8 1 0 0 0 200
8 2 0 -6 0 200
14 1 0 2
14 1 200 2
14 1 0 2 8
3 2 2
3 1 2 0 1
1 2 25 2 0 -1 4 0 0 0 99 0 0 5.43918
1 2 25 3 0 -1 4 0 0 0 99 0 0 2.85095
1 2 25 3 0 -1 4 0 0 0 99 0 0 4.92154
1 2 25 4 0 -1 4 0 0 0 99 0 0 8.02742
1 2 25 4 0 -1 4 0 0 0 99 0 0 3.36859
1 2 25 5 0 -1 4 0 0 0 99 0 0 16.3098
1 2 25 6 0 -1 4 0 0 0 99 0 0 19.9333
1 2 25 7 0 -1 4 0 0 0 99 0 0 13.2039
1 2 25 7 0 -1 4 0 0 0 99 0 0 4.40389
1 2 25 8 0 -1 4 0 0 0 99 0 0 12.1686
1 2 25 9 0 -1 4 0 0 0 99 0 0 8.54506
1 2 25 10 0 -1 4 0 0 0 99 0 0 2.85095
t 1 25 -3 1 1 0 0 0 0 -2
_00Canto
1 2 25 2 0 0 4 0 0 -2
1 2 25 10 0 0 4 0 0 -2
1 2 25 106 0 1 4 0 0 -1.66
1 1 54 12 0 -1 4 0 0 0 99 0 0 5.43918
1 2 54 1 0 -1 4 0 0 0 99 0 0 12.6862
1 2 54 2 0 -1 4 0 0 0 99 0 0 19.9333
1 2 54 3 0 -1 4 0 0 0 99 0 0 14.7568
1 2 54 3 0 -1 4 0 0 0 99 0 0 15.7921
1 2 54 4 0 -1 4 0 0 0 99 0 0 18.898
1 2 54 4 0 -1 4 0 0 0 99 0 0 5.43918
1 2 54 5 0 -1 4 0 0 0 99 0 0 8.54506
t 1 54 -3 1 1 0 0 0 0 -2
_00Alto
1 1 54 12 0 0 4 0 0 -2
1 2 54 5 0 0 4 0 0 -2
1 2 54 103 0 1 4 0 0 -1.66
1 1 83 7 0 -1 4 0 0 0 99 0 0 3.76033
1 1 83 9 0 -1 4 0 0 0 99 0 0 4.71168
1 1 83 10 0 -1 4 0 0 0 99 0 0 9.94411
1 1 83 11 0 -1 4 0 0 0 99 0 0 17.5549
1 1 83 12 0 -1 4 0 0 0 99 0 0 9.46844
1 1 83 12 0 -1 4 0 0 0 99 0 0 3.28465
1 2 83 1 0 -1 4 0 0 0 99 0 0 19.9333
1 2 83 2 0 -1 4 0 0 0 99 0 0 14.2252
1 2 83 3 0 -1 4 0 0 0 99 0 0 3.76033
1 2 83 3 0 -1 4 0 0 0 99 0 0 2.80898
1 2 83 4 0 -1 4 0 0 0 99 0 0 3.76033
t 1 83 -3 1 1 0 0 0 0 -2
_00Quinto
1 1 83 7 0 0 4 0 0 -2
1 2 83 4 0 0 4 0 0 -2
1 1 83 112 0 1 4 0 0 -1.66
1 1 112 6 0 -1 4 0 0 0 99 0 0 2.9402
1 1 112 7 0 -1 4 0 0 0 99 0 0 3.54709
1 1 112 8 0 -1 4 0 0 0 99 0 0 2.9402
1 1 112 9 0 -1 4 0 0 0 99 0 0 5.36778
1 1 112 9 0 -1 4 0 0 0 99 0 0 4.76089
1 1 112 10 0 -1 4 0 0 0 99 0 0 19.9333
1 1 112 11 0 -1 4 0 0 0 99 0 0 16.8988
1 1 112 12 0 -1 4 0 0 0 99 0 0 12.6505
1 1 112 12 0 -1 4 0 0 0 99 0 0 3.54709
1 2 112 1 0 -1 4 0 0 0 99 0 0 8.40227
1 2 112 2 0 -1 4 0 0 0 99 0 0 5.36778
1 2 112 3 0 -1 4 0 0 0 99 0 0 2.9402
1 2 112 3 0 -1 4 0 0 0 99 0 0 3.54709
1 2 112 4 0 -1 4 0 0 0 99 0 0 3.54709
t 1 112 -3 1 1 0 0 0 0 -2
_00Tenore
1 1 112 6 0 0 4 0 0 -2
1 2 112 4 0 0 4 0 0 -2
1 1 112 111 0 1 4 0 0 -1.66
1 1 141 2 0 -1 4 0 0 0 99 0 0 4.5333
1 1 141 3 0 -1 4 0 0 0 99 0 0 5.26663
1 1 141 4 0 -1 4 0 0 0 99 0 0 3.06663
1 1 141 5 0 -1 4 0 0 0 99 0 0 6.7333
1 1 141 6 0 -1 4 0 0 0 99 0 0 14.0666
1 1 141 7 0 -1 4 0 0 0 99 0 0 13.3333
1 1 141 8 0 -1 4 0 0 0 99 0 0 5.26663
1 1 141 8 0 -1 4 0 0 0 99 0 0 4.5333
1 1 141 9 0 -1 4 0 0 0 99 0 0 19.9333
1 1 141 10 0 -1 4 0 0 0 99 0 0 10.4
1 1 141 11 0 -1 4 0 0 0 99 0 0 5.26663
1 1 141 12 0 -1 4 0 0 0 99 0 0 4.5333
t 1 141 -3 1 1 0 0 0 0 -2
_00Basso
1 1 141 2 0 0 4 0 0 -2
1 1 141 12 0 0 4 0 0 -2
1 1 141 108 0 1 4 0 0 -1.66
1 1 170 2 0 -1 4 0 0 0 99 0 0 5.47616
1 1 170 3 0 -1 4 0 0 0 99 0 0 9.87616
1 1 170 4 0 -1 4 0 0 0 99 0 0 4.84759
1 1 170 5 0 -1 4 0 0 0 99 0 0 9.87616
1 1 170 5 0 -1 4 0 0 0 99 0 0 2.96187
1 1 170 6 0 -1 4 0 0 0 99 0 0 15.5333
1 1 170 7 0 -1 4 0 0 0 99 0 0 19.3047
1 1 170 8 0 -1 4 0 0 0 99 0 0 6.7333
1 1 170 8 0 -1 4 0 0 0 99 0 0 4.21901
1 1 170 9 0 -1 4 0 0 0 99 0 0 19.9333
1 1 170 10 0 -1 4 0 0 0 99 0 0 13.6476
1 1 170 11 0 -1 4 0 0 0 99 0 0 5.47616
1 1 170 12 0 -1 4 0 0 0 99 0 0 4.84759
t 1 170 -3 1 1 0 0 0 0 -2
_00Basso continuo
1 1 170 2 0 0 4 0 0 -2
1 1 170 12 0 0 4 0 0 -2
1 1 170 107 0 1 4 0 0 -1.66
