#define SVG t 1 1 \n_99%svg%
t 2 10 14 1 1 0 0 0 0 -1.35
_00
8 1 0 0 0 200
8 2 0 -6 0 200
14 1 0 2
14 1 200 2
14 1 0 2 8
3 2 2
3 1 2 0 1
1 2 25 1 0 -1 4 0 0 0 99 0 0 3.06663
1 2 25 2 0 -1 4 0 0 0 99 0 0 6.7333
1 2 25 3 0 -1 4 0 0 0 99 0 0 11.8666
1 2 25 4 0 -1 4 0 0 0 99 0 0 10.4
1 2 25 4 0 -1 4 0 0 0 99 0 0 3.06663
1 2 25 5 0 -1 4 0 0 0 99 0 0 16.2666
1 2 25 6 0 -1 4 0 0 0 99 0 0 19.9333
1 2 25 7 0 -1 4 0 0 0 99 0 0 12.6
1 2 25 7 0 -1 4 0 0 0 99 0 0 5.99997
1 2 25 8 0 -1 4 0 0 0 99 0 0 8.19997
1 2 25 8 0 -1 4 0 0 0 99 0 0 3.06663
1 2 25 9 0 -1 4 0 0 0 99 0 0 5.99997
t 1 25 -3 1 1 0 0 0 0 -2
_00Canto
1 2 25 1 0 0 4 0 0 -2
1 2 25 9 0 0 4 0 0 -2
1 2 25 106 0 1 4 0 0 -1.66
1 1 54 10 0 -1 4 0 0 0 99 0 0 3.59044
1 1 54 11 0 -1 4 0 0 0 99 0 0 4.21901
1 1 54 12 0 -1 4 0 0 0 99 0 0 2.96187
1 1 54 12 0 -1 4 0 0 0 99 0 0 3.59044
1 2 54 1 0 -1 4 0 0 0 99 0 0 6.7333
1 2 54 1 0 -1 4 0 0 0 99 0 0 7.99044
1 2 54 2 0 -1 4 0 0 0 99 0 0 19.9333
1 2 54 3 0 -1 4 0 0 0 99 0 0 19.9333
1 2 54 4 0 -1 4 0 0 0 99 0 0 10.5047
1 2 54 4 0 -1 4 0 0 0 99 0 0 3.59044
1 2 54 5 0 -1 4 0 0 0 99 0 0 6.7333
1 2 54 6 0 -1 4 0 0 0 99 0 0 2.96187
t 1 54 -3 1 1 0 0 0 0 -2
_00Alto
1 1 54 10 0 0 4 0 0 -2
1 2 54 6 0 0 4 0 0 -2
1 2 54 102 0 1 4 0 0 -1.66
1 1 83 7 0 -1 4 0 0 0 99 0 0 3.1714
1 1 83 8 0 -1 4 0 0 0 99 0 0 5.68568
1 1 83 9 0 -1 4 0 0 0 99 0 0 7.36187
1 1 83 9 0 -1 4 0 0 0 99 0 0 3.1714
1 1 83 10 0 -1 4 0 0 0 99 0 0 8.19997
1 1 83 11 0 -1 4 0 0 0 99 0 0 6.52378
1 1 83 11 0 -1 4 0 0 0 99 0 0 19.9333
1 1 83 12 0 -1 4 0 0 0 99 0 0 14.9047
1 1 83 12 0 -1 4 0 0 0 99 0 0 8.19997
1 2 83 1 0 -1 4 0 0 0 99 0 0 19.9333
1 2 83 2 0 -1 4 0 0 0 99 0 0 12.3904
1 2 83 3 0 -1 4 0 0 0 99 0 0 4.84759
1 2 83 3 0 -1 4 0 0 0 99 0 0 3.1714
1 2 83 4 0 -1 4 0 0 0 99 0 0 4.00949
t 1 83 -3 1 1 0 0 0 0 -2
_00Quinto
1 1 83 7 0 0 4 0 0 -2
1 2 83 4 0 0 4 0 0 -2
1 1 83 112 0 1 4 0 0 -1.66
1 1 112 6 0 -1 4 0 0 0 99 0 0 4.7333
1 1 112 7 0 -1 4 0 0 0 99 0 0 8.7333
1 1 112 8 0 -1 4 0 0 0 99 0 0 8.7333
1 1 112 9 0 -1 4 0 0 0 99 0 0 7.9333
1 1 112 9 0 -1 4 0 0 0 99 0 0 7.1333
1 1 112 10 0 -1 4 0 0 0 99 0 0 19.9333
1 1 112 11 0 -1 4 0 0 0 99 0 0 19.9333
1 1 112 12 0 -1 4 0 0 0 99 0 0 5.5333
1 1 112 12 0 -1 4 0 0 0 99 0 0 7.1333
1 2 112 1 0 -1 4 0 0 0 99 0 0 7.9333
1 2 112 1 0 -1 4 0 0 0 99 0 0 4.7333
1 2 112 2 0 -1 4 0 0 0 99 0 0 3.9333
t 1 112 -3 1 1 0 0 0 0 -2
_00Tenore
1 1 112 6 0 0 4 0 0 -2
1 2 112 2 0 0 4 0 0 -2
1 1 112 110 0 1 4 0 0 -1.66
1 1 141 2 0 -1 4 0 0 0 99 0 0 4.40389
1 1 141 3 0 -1 4 0 0 0 99 0 0 8.54506
1 1 141 4 0 -1 4 0 0 0 99 0 0 14.7568
1 1 141 5 0 -1 4 0 0 0 99 0 0 10.6157
1 1 141 6 0 -1 4 0 0 0 99 0 0 19.9333
1 1 141 7 0 -1 4 0 0 0 99 0 0 15.7921
1 1 141 8 0 -1 4 0 0 0 99 0 0 13.7215
1 1 141 9 0 -1 4 0 0 0 99 0 0 8.54506
1 1 141 10 0 -1 4 0 0 0 99 0 0 8.54506
1 1 141 11 0 -1 4 0 0 0 99 0 0 5.43918
1 1 141 12 0 -1 4 0 0 0 99 0 0 3.36859
t 1 141 -3 1 1 0 0 0 0 -2
_00Basso
1 1 141 2 0 0 4 0 0 -2
1 1 141 12 0 0 4 0 0 -2
1 1 141 106 0 1 4 0 0 -1.66
1 1 170 2 0 -1 4 0 0 0 99 0 0 5.5333
1 1 170 3 0 -1 4 0 0 0 99 0 0 11.1333
1 1 170 4 0 -1 4 0 0 0 99 0 0 13.5333
1 1 170 5 0 -1 4 0 0 0 99 0 0 11.9333
1 1 170 6 0 -1 4 0 0 0 99 0 0 16.7333
1 1 170 7 0 -1 4 0 0 0 99 0 0 19.9333
1 1 170 8 0 -1 4 0 0 0 99 0 0 3.1333
1 1 170 8 0 -1 4 0 0 0 99 0 0 11.9333
1 1 170 9 0 -1 4 0 0 0 99 0 0 9.5333
1 1 170 10 0 -1 4 0 0 0 99 0 0 7.9333
1 1 170 11 0 -1 4 0 0 0 99 0 0 4.7333
1 1 170 12 0 -1 4 0 0 0 99 0 0 3.1333
t 1 170 -3 1 1 0 0 0 0 -2
_00Basso continuo
1 1 170 2 0 0 4 0 0 -2
1 1 170 12 0 0 4 0 0 -2
1 1 170 106 0 1 4 0 0 -1.66
