#define SVG t 1 1 \n_99%svg%
t 2 10 14 1 1 0 0 0 0 -1.35
_00
8 1 0 0 0 200
8 2 0 -6 0 200
14 1 0 2
14 1 200 2
14 1 0 2 8
3 2 2
3 1 2 0 1
1 2 25 2 0 -1 4 0 0 0 99 0 0 3.4333
1 2 25 3 0 -1 4 0 0 0 99 0 0 6.7333
1 2 25 4 0 -1 4 0 0 0 99 0 0 3.06663
1 2 25 4 0 -1 4 0 0 0 99 0 0 9.29997
1 2 25 5 0 -1 4 0 0 0 99 0 0 11.8666
1 2 25 6 0 -1 4 0 0 0 99 0 0 5.6333
1 2 25 6 0 -1 4 0 0 0 99 0 0 17.3666
1 2 25 7 0 -1 4 0 0 0 99 0 0 2.69997
1 2 25 7 0 -1 4 0 0 0 99 0 0 17.3666
1 2 25 8 0 -1 4 0 0 0 99 0 0 13.7
1 2 25 8 0 -1 4 0 0 0 99 0 0 9.66663
1 2 25 9 0 -1 4 0 0 0 99 0 0 19.9333
1 2 25 10 0 -1 4 0 0 0 99 0 0 4.5333
1 2 25 10 0 -1 4 0 0 0 99 0 0 13.7
1 2 25 11 0 -1 4 0 0 0 99 0 0 5.99997
1 2 25 11 0 -1 4 0 0 0 99 0 0 4.89997
1 2 25 12 0 -1 4 0 0 0 99 0 0 4.5333
t 1 25 -3 1 1 0 0 0 0 -2
_00Canto I
1 2 25 2 0 0 4 0 0 -2
1 2 25 12 0 0 4 0 0 -2
1 2 25 108 0 1 4 0 0 -1.66
1 2 97.5 1 0 -1 4 0 0 0 99 0 0 2.6853
1 2 97.5 2 0 -1 4 0 0 0 99 0 0 4.4453
1 2 97.5 3 0 -1 4 0 0 0 99 0 0 3.0373
1 2 97.5 3 0 -1 4 0 0 0 99 0 0 7.6133
1 2 97.5 4 0 -1 4 0 0 0 99 0 0 4.4453
1 2 97.5 4 0 -1 4 0 0 0 99 0 0 10.4293
1 2 97.5 5 0 -1 4 0 0 0 99 0 0 16.7653
1 2 97.5 6 0 -1 4 0 0 0 99 0 0 5.1493
1 2 97.5 6 0 -1 4 0 0 0 99 0 0 16.7653
1 2 97.5 7 0 -1 4 0 0 0 99 0 0 5.8533
1 2 97.5 7 0 -1 4 0 0 0 99 0 0 19.9333
1 2 97.5 8 0 -1 4 0 0 0 99 0 0 14.6533
1 2 97.5 8 0 -1 4 0 0 0 99 0 0 6.9093
1 2 97.5 9 0 -1 4 0 0 0 99 0 0 14.6533
1 2 97.5 10 0 -1 4 0 0 0 99 0 0 3.0373
1 2 97.5 10 0 -1 4 0 0 0 99 0 0 9.3733
1 2 97.5 11 0 -1 4 0 0 0 99 0 0 4.4453
1 2 97.5 11 0 -1 4 0 0 0 99 0 0 3.7413
1 2 97.5 12 0 -1 4 0 0 0 99 0 0 4.0933
t 1 97.5 -3 1 1 0 0 0 0 -2
_00Canto II
1 2 97.5 1 0 0 4 0 0 -2
1 2 97.5 12 0 0 4 0 0 -2
1 2 97.5 107 0 1 4 0 0 -1.66
1 1 170 2 0 -1 4 0 0 0 99 0 0 4.0933
1 1 170 3 0 -1 4 0 0 0 99 0 0 19.9333
1 1 170 4 0 -1 4 0 0 0 99 0 0 3.2133
1 1 170 4 0 -1 4 0 0 0 99 0 0 15.5333
1 1 170 5 0 -1 4 0 0 0 99 0 0 4.0933
1 1 170 5 0 -1 4 0 0 0 99 0 0 12.8933
1 1 170 6 0 -1 4 0 0 0 99 0 0 13.7733
1 1 170 6 0 -1 4 0 0 0 99 0 0 7.6133
1 1 170 7 0 -1 4 0 0 0 99 0 0 18.1733
1 1 170 8 0 -1 4 0 0 0 99 0 0 13.7733
1 1 170 9 0 -1 4 0 0 0 99 0 0 3.2133
1 1 170 9 0 -1 4 0 0 0 99 0 0 8.4933
1 1 170 10 0 -1 4 0 0 0 99 0 0 6.7333
1 1 170 11 0 -1 4 0 0 0 99 0 0 3.2133
1 1 170 11 0 -1 4 0 0 0 99 0 0 8.4933
t 1 170 -3 1 1 0 0 0 0 -2
_00Basso continuo
1 1 170 2 0 0 4 0 0 -2
1 1 170 11 0 0 4 0 0 -2
1 1 170 106 0 1 4 0 0 -1.66
