#define SVG t 1 1 \n_99%svg%
t 2 10 14 1 1 0 0 0 0 -1.35
_00
8 1 0 0 0 200
8 2 0 -6 0 200
14 1 0 2
14 1 200 2
14 1 0 2 8
3 2 2
3 1 2 0 1
1 2 25 2 0 -1 4 0 0 0 99 0 0 7.68982
1 2 25 3 0 -1 4 0 0 0 99 0 0 3.86373
1 2 25 3 0 -1 4 0 0 0 99 0 0 14.5768
1 2 25 4 0 -1 4 0 0 0 99 0 0 13.0463
1 2 25 4 0 -1 4 0 0 0 99 0 0 3.86373
1 2 25 5 0 -1 4 0 0 0 99 0 0 19.9333
1 2 25 6 0 -1 4 0 0 0 99 0 0 12.2811
1 2 25 7 0 -1 4 0 0 0 99 0 0 11.5159
1 2 25 7 0 -1 4 0 0 0 99 0 0 3.09852
1 2 25 8 0 -1 4 0 0 0 99 0 0 11.5159
1 2 25 8 0 -1 4 0 0 0 99 0 0 3.09852
1 2 25 9 0 -1 4 0 0 0 99 0 0 9.98547
1 2 25 10 0 -1 4 0 0 0 99 0 0 3.86373
1 2 25 11 0 -1 4 0 0 0 99 0 0 4.62895
t 1 25 -3 1 1 0 0 0 0 -2
_00?[Canto?]
1 2 25 2 0 0 4 0 0 -2
1 2 25 11 0 0 4 0 0 -2
1 2 25 105 0 1 4 0 0 -1.66
1 1 170 0 0 -1 4 0 0 0 99 0 0 6.7333
1 1 170 1 0 -1 4 0 0 0 99 0 0 3.79997
1 1 170 2 0 -1 4 0 0 0 99 0 0 9.66663
1 1 170 3 0 -1 4 0 0 0 99 0 0 12.6
1 1 170 4 0 -1 4 0 0 0 99 0 0 12.6
1 1 170 5 0 -1 4 0 0 0 99 0 0 19.9333
1 1 170 5 0 -1 4 0 0 0 99 0 0 5.26663
1 1 170 6 0 -1 4 0 0 0 99 0 0 19.9333
1 1 170 7 0 -1 4 0 0 0 99 0 0 19.9333
1 1 170 8 0 -1 4 0 0 0 99 0 0 5.26663
1 1 170 9 0 -1 4 0 0 0 99 0 0 8.19997
1 1 170 10 0 -1 4 0 0 0 99 0 0 11.1333
t 1 170 -4 1 1 0 0 0 0 -2
_00?[Basso continuo?]
1 1 170 0 0 0 4 0 0 -2
1 1 170 10 0 0 4 0 0 -2
1 1 170 105 0 1 4 0 0 -1.66
