#define SVG t 1 1 \n_99%svg%
t 2 10 14 1 1 0 0 0 0 -1.35
_00
8 1 0 0 0 200
8 2 0 -6 0 200
14 1 0 2
14 1 200 2
14 1 0 2 8
3 2 2
3 1 2 0 1
1 2 25 3 0 -1 4 0 0 0 99 0 0 3.0373
1 2 25 4 0 -1 4 0 0 0 99 0 0 5.1493
1 2 25 4 0 -1 4 0 0 0 99 0 0 3.0373
1 2 25 5 0 -1 4 0 0 0 99 0 0 7.9653
1 2 25 6 0 -1 4 0 0 0 99 0 0 10.0773
1 2 25 7 0 -1 4 0 0 0 99 0 0 12.1893
1 2 25 8 0 -1 4 0 0 0 99 0 0 19.9333
1 2 25 9 0 -1 4 0 0 0 99 0 0 19.5813
1 2 25 10 0 -1 4 0 0 0 99 0 0 4.7973
1 2 25 10 0 -1 4 0 0 0 99 0 0 5.1493
1 2 25 11 0 -1 4 0 0 0 99 0 0 6.5573
t 1 25 -3 1 1 0 0 0 0 -2
_00?[Canto I?]
1 2 25 3 0 0 4 0 0 -2
1 2 25 11 0 0 4 0 0 -2
1 2 25 108 0 1 4 0 0 -1.66
1 2 97.5 3 0 -1 4 0 0 0 99 0 0 2.63675
1 2 97.5 4 0 -1 4 0 0 0 99 0 0 7.49192
1 2 97.5 4 0 -1 4 0 0 0 99 0 0 4.45744
1 2 97.5 5 0 -1 4 0 0 0 99 0 0 13.2574
1 2 97.5 6 0 -1 4 0 0 0 99 0 0 19.9333
1 2 97.5 7 0 -1 4 0 0 0 99 0 0 13.2574
1 2 97.5 8 0 -1 4 0 0 0 99 0 0 9.31261
1 2 97.5 9 0 -1 4 0 0 0 99 0 0 8.09882
1 2 97.5 10 0 -1 4 0 0 0 99 0 0 3.24364
1 2 97.5 10 0 -1 4 0 0 0 99 0 0 3.54709
1 2 97.5 11 0 -1 4 0 0 0 99 0 0 4.15399
t 1 97.5 -3 1 1 0 0 0 0 -2
_00?[Canto II?]
1 2 97.5 3 0 0 4 0 0 -2
1 2 97.5 11 0 0 4 0 0 -2
1 2 97.5 106 0 1 4 0 0 -1.66
1 1 170 2 0 -1 4 0 0 0 99 0 0 4.84759
1 1 170 3 0 -1 4 0 0 0 99 0 0 9.87616
1 1 170 4 0 -1 4 0 0 0 99 0 0 4.84759
1 1 170 5 0 -1 4 0 0 0 99 0 0 12.3904
1 1 170 6 0 -1 4 0 0 0 99 0 0 9.87616
1 1 170 7 0 -1 4 0 0 0 99 0 0 17.419
1 1 170 8 0 -1 4 0 0 0 99 0 0 4.84759
1 1 170 9 0 -1 4 0 0 0 99 0 0 19.9333
1 1 170 9 0 -1 4 0 0 0 99 0 0 4.84759
1 1 170 10 0 -1 4 0 0 0 99 0 0 17.419
1 1 170 11 0 -1 4 0 0 0 99 0 0 7.36187
1 1 170 12 0 -1 4 0 0 0 99 0 0 4.84759
t 1 170 -3 1 1 0 0 0 0 -2
_00?[Basso continuo?]
1 1 170 2 0 0 4 0 0 -2
1 1 170 12 0 0 4 0 0 -2
1 1 170 107 0 1 4 0 0 -1.66
