#define SVG t 1 1 \n_99%svg%
t 2 10 14 1 1 0 0 0 0 -1.35
_00
8 1 0 0 0 200
8 2 0 -6 0 200
14 1 0 2
14 1 200 2
14 1 0 2 8
3 2 2
3 1 2 0 1
1 2 25 5 0 -1 4 0 0 0 99 0 0 3.68715
1 2 25 6 0 -1 4 0 0 0 99 0 0 10.4564
1 2 25 7 0 -1 4 0 0 0 99 0 0 3.68715
1 2 25 8 0 -1 4 0 0 0 99 0 0 13.1641
1 2 25 8 0 -1 4 0 0 0 99 0 0 3.68715
1 2 25 9 0 -1 4 0 0 0 99 0 0 18.5795
1 2 25 10 0 -1 4 0 0 0 99 0 0 19.9333
1 2 25 11 0 -1 4 0 0 0 99 0 0 17.2256
1 2 25 12 0 -1 4 0 0 0 99 0 0 9.77945
1 2 25 13 0 -1 4 0 0 0 99 0 0 3.68715
t 1 25 -3 1 1 0 0 0 0 -2
_00Canto
1 2 25 5 0 0 4 0 0 -2
1 2 25 13 0 0 4 0 0 -2
1 2 25 110 0 1 4 0 0 -1.66
1 2 61.25 4 0 -1 4 0 0 0 99 0 0 8.01072
1 2 61.25 5 0 -1 4 0 0 0 99 0 0 8.57846
1 2 61.25 6 0 -1 4 0 0 0 99 0 0 17.0946
1 2 61.25 7 0 -1 4 0 0 0 99 0 0 9.1462
1 2 61.25 7 0 -1 4 0 0 0 99 0 0 4.03653
1 2 61.25 8 0 -1 4 0 0 0 99 0 0 19.9333
1 2 61.25 8 0 -1 4 0 0 0 99 0 0 4.60427
1 2 61.25 9 0 -1 4 0 0 0 99 0 0 8.57846
1 2 61.25 10 0 -1 4 0 0 0 99 0 0 2.90104
1 2 61.25 11 0 -1 4 0 0 0 99 0 0 3.46878
t 1 61.25 -3 1 1 0 0 0 0 -2
_00Quinto
1 2 61.25 4 0 0 4 0 0 -2
1 2 61.25 11 0 0 4 0 0 -2
1 2 61.25 107 0 1 4 0 0 -1.66
1 2 97.5 1 0 -1 4 0 0 0 99 0 0 5.68568
1 2 97.5 2 0 -1 4 0 0 0 99 0 0 19.9333
1 2 97.5 3 0 -1 4 0 0 0 99 0 0 12.3904
1 2 97.5 4 0 -1 4 0 0 0 99 0 0 19.0952
1 2 97.5 5 0 -1 4 0 0 0 99 0 0 15.7428
1 2 97.5 6 0 -1 4 0 0 0 99 0 0 15.7428
1 2 97.5 7 0 -1 4 0 0 0 99 0 0 6.52378
1 2 97.5 8 0 -1 4 0 0 0 99 0 0 4.00949
t 1 97.5 -3 1 1 0 0 0 0 -2
_00Alto
1 2 97.5 1 0 0 4 0 0 -2
1 2 97.5 8 0 0 4 0 0 -2
1 2 97.5 104 0 1 4 0 0 -1.66
1 1 133.75 10 0 -1 4 0 0 0 99 0 0 5.5333
1 1 133.75 11 0 -1 4 0 0 0 99 0 0 16.7333
1 1 133.75 12 0 -1 4 0 0 0 99 0 0 4.7333
1 2 133.75 1 0 -1 4 0 0 0 99 0 0 19.9333
1 2 133.75 2 0 -1 4 0 0 0 99 0 0 13.5333
1 2 133.75 3 0 -1 4 0 0 0 99 0 0 15.1333
1 2 133.75 4 0 -1 4 0 0 0 99 0 0 15.9333
1 2 133.75 5 0 -1 4 0 0 0 99 0 0 11.9333
1 2 133.75 6 0 -1 4 0 0 0 99 0 0 7.9333
1 2 133.75 7 0 -1 4 0 0 0 99 0 0 3.1333
t 1 133.75 -3 1 1 0 0 0 0 -2
_00Tenore
1 1 133.75 10 0 0 4 0 0 -2
1 2 133.75 7 0 0 4 0 0 -2
1 2 133.75 102 0 1 4 0 0 -1.66
1 1 170 6 0 -1 4 0 0 0 99 0 0 16.0222
1 1 170 7 0 -1 4 0 0 0 99 0 0 17.9777
1 1 170 8 0 -1 4 0 0 0 99 0 0 5.26663
1 1 170 9 0 -1 4 0 0 0 99 0 0 15.0444
1 1 170 10 0 -1 4 0 0 0 99 0 0 14.0666
1 1 170 11 0 -1 4 0 0 0 99 0 0 19.9333
1 1 170 12 0 -1 4 0 0 0 99 0 0 11.1333
1 2 170 1 0 -1 4 0 0 0 99 0 0 8.19997
1 2 170 2 0 -1 4 0 0 0 99 0 0 15.0444
t 1 170 -3 1 1 0 0 0 0 -2
_00Basso
1 1 170 6 0 0 4 0 0 -2
1 2 170 2 0 0 4 0 0 -2
1 1 170 110 0 1 4 0 0 -1.66
