#define SVG t 1 1 \n_99%svg%
t 2 10 14 1 1 0 0 0 0 -1.35
_00
8 1 0 0 0 200
8 2 0 -6 0 200
14 1 0 2
14 1 200 2
14 1 0 2 8
3 2 2
3 1 2 0 1
1 2 25 2 0 -1 4 0 0 0 99 0 0 2.96187
1 2 25 3 0 -1 4 0 0 0 99 0 0 2.96187
1 2 25 4 0 -1 4 0 0 0 99 0 0 2.96187
1 2 25 5 0 -1 4 0 0 0 99 0 0 4.21901
1 2 25 6 0 -1 4 0 0 0 99 0 0 4.21901
1 2 25 7 0 -1 4 0 0 0 99 0 0 3.59044
1 2 25 8 0 -1 4 0 0 0 99 0 0 9.24759
1 2 25 8 0 -1 4 0 0 0 99 0 0 6.10473
1 2 25 9 0 -1 4 0 0 0 99 0 0 10.5047
1 2 25 10 0 -1 4 0 0 0 99 0 0 19.9333
1 2 25 11 0 -1 4 0 0 0 99 0 0 18.6762
1 2 25 12 0 -1 4 0 0 0 99 0 0 10.5047
1 2 25 13 0 -1 4 0 0 0 99 0 0 7.99044
t 1 25 -3 1 1 0 0 0 0 -2
_00Canto
1 2 25 2 0 0 4 0 0 -2
1 2 25 13 0 0 4 0 0 -2
1 2 25 110 0 1 4 0 0 -1.66
1 1 61.25 12 0 -1 4 0 0 0 99 0 0 3.0373
1 2 61.25 1 0 -1 4 0 0 0 99 0 0 5.1493
1 2 61.25 2 0 -1 4 0 0 0 99 0 0 7.9653
1 2 61.25 3 0 -1 4 0 0 0 99 0 0 3.7413
1 2 61.25 4 0 -1 4 0 0 0 99 0 0 11.4853
1 2 61.25 4 0 -1 4 0 0 0 99 0 0 7.9653
1 2 61.25 5 0 -1 4 0 0 0 99 0 0 8.6693
1 2 61.25 6 0 -1 4 0 0 0 99 0 0 17.8213
1 2 61.25 7 0 -1 4 0 0 0 99 0 0 3.0373
1 2 61.25 7 0 -1 4 0 0 0 99 0 0 6.5573
1 2 61.25 8 0 -1 4 0 0 0 99 0 0 19.9333
1 2 61.25 8 0 -1 4 0 0 0 99 0 0 12.1893
1 2 61.25 9 0 -1 4 0 0 0 99 0 0 8.6693
1 2 61.25 10 0 -1 4 0 0 0 99 0 0 7.2613
1 2 61.25 11 0 -1 4 0 0 0 99 0 0 3.0373
t 1 61.25 -3 1 1 0 0 0 0 -2
_00Qvinto
1 1 61.25 12 0 0 4 0 0 -2
1 2 61.25 11 0 0 4 0 0 -2
1 2 61.25 106 0 1 4 0 0 -1.66
1 1 97.5 10 0 -1 4 0 0 0 99 0 0 3.56121
1 1 97.5 11 0 -1 4 0 0 0 99 0 0 4.37981
1 1 97.5 12 0 -1 4 0 0 0 99 0 0 2.7426
1 1 97.5 12 0 -1 4 0 0 0 99 0 0 3.1519
1 2 97.5 1 0 -1 4 0 0 0 99 0 0 3.97051
1 2 97.5 2 0 -1 4 0 0 0 99 0 0 5.19842
1 2 97.5 3 0 -1 4 0 0 0 99 0 0 9.29144
1 2 97.5 4 0 -1 4 0 0 0 99 0 0 8.88214
1 2 97.5 4 0 -1 4 0 0 0 99 0 0 2.7426
1 2 97.5 5 0 -1 4 0 0 0 99 0 0 10.5193
1 2 97.5 6 0 -1 4 0 0 0 99 0 0 19.9333
1 2 97.5 7 0 -1 4 0 0 0 99 0 0 2.7426
1 2 97.5 8 0 -1 4 0 0 0 99 0 0 6.01702
t 1 97.5 -3 1 1 0 0 0 0 -2
_00Alto
1 1 97.5 10 0 0 4 0 0 -2
1 2 97.5 8 0 0 4 0 0 -2
1 2 97.5 105 0 1 4 0 0 -1.66
1 1 133.75 8 0 -1 4 0 0 0 99 0 0 3.68715
1 1 133.75 9 0 -1 4 0 0 0 99 0 0 5.04099
1 1 133.75 10 0 -1 4 0 0 0 99 0 0 5.04099
1 1 133.75 11 0 -1 4 0 0 0 99 0 0 7.74868
1 1 133.75 12 0 -1 4 0 0 0 99 0 0 6.39484
1 1 133.75 12 0 -1 4 0 0 0 99 0 0 5.71792
1 2 133.75 1 0 -1 4 0 0 0 99 0 0 15.8718
1 2 133.75 1 0 -1 4 0 0 0 99 0 0 3.01022
1 2 133.75 2 0 -1 4 0 0 0 99 0 0 18.5795
1 2 133.75 3 0 -1 4 0 0 0 99 0 0 19.9333
1 2 133.75 4 0 -1 4 0 0 0 99 0 0 9.10253
1 2 133.75 5 0 -1 4 0 0 0 99 0 0 13.841
1 2 133.75 6 0 -1 4 0 0 0 99 0 0 8.42561
t 1 133.75 -3 1 1 0 0 0 0 -2
_00Tenore
1 1 133.75 8 0 0 4 0 0 -2
1 2 133.75 6 0 0 4 0 0 -2
1 2 133.75 102 0 1 4 0 0 -1.66
1 1 170 6 0 -1 4 0 0 0 99 0 0 9.24759
1 1 170 7 0 -1 4 0 0 0 99 0 0 7.99044
1 1 170 8 0 -1 4 0 0 0 99 0 0 6.7333
1 1 170 9 0 -1 4 0 0 0 99 0 0 11.7619
1 1 170 10 0 -1 4 0 0 0 99 0 0 4.21901
1 1 170 11 0 -1 4 0 0 0 99 0 0 19.9333
1 1 170 12 0 -1 4 0 0 0 99 0 0 3.59044
1 1 170 12 0 -1 4 0 0 0 99 0 0 3.59044
1 2 170 1 0 -1 4 0 0 0 99 0 0 11.7619
1 2 170 1 0 -1 4 0 0 0 99 0 0 4.84759
1 2 170 2 0 -1 4 0 0 0 99 0 0 9.24759
1 2 170 3 0 -1 4 0 0 0 99 0 0 3.59044
t 1 170 -3 1 1 0 0 0 0 -2
_00Basso
1 1 170 6 0 0 4 0 0 -2
1 2 170 3 0 0 4 0 0 -2
1 1 170 111 0 1 4 0 0 -1.66
