#define SVG t 1 1 \n_99%svg%
t 2 10 14 1 1 0 0 0 0 -1.35
_00
8 1 0 0 0 200
8 2 0 -6 0 200
14 1 0 2
14 1 200 2
14 1 0 2 8
3 2 2
3 1 2 0 1
1 2 25 2 0 -1 4 0 0 0 99 0 0 3.5333
1 2 25 3 0 -1 4 0 0 0 99 0 0 7.5333
1 2 25 4 0 -1 4 0 0 0 99 0 0 5.1333
1 2 25 4 0 -1 4 0 0 0 99 0 0 3.1333
1 2 25 5 0 -1 4 0 0 0 99 0 0 12.7333
1 2 25 6 0 -1 4 0 0 0 99 0 0 5.9333
1 2 25 6 0 -1 4 0 0 0 99 0 0 19.9333
1 2 25 7 0 -1 4 0 0 0 99 0 0 4.3333
1 2 25 7 0 -1 4 0 0 0 99 0 0 12.7333
1 2 25 8 0 -1 4 0 0 0 99 0 0 9.5333
1 2 25 9 0 -1 4 0 0 0 99 0 0 5.5333
t 1 25 -3 1 1 0 0 0 0 -2
_00Canto
1 2 25 2 0 0 4 0 0 -2
1 2 25 9 0 0 4 0 0 -2
1 2 25 106 0 1 4 0 0 -1.66
1 1 73.3333 10 0 -1 4 0 0 0 99 0 0 3.09852
1 1 73.3333 11 0 -1 4 0 0 0 99 0 0 5.01156
1 1 73.3333 12 0 -1 4 0 0 0 99 0 0 3.09852
1 1 73.3333 12 0 -1 4 0 0 0 99 0 0 5.01156
1 2 73.3333 1 0 -1 4 0 0 0 99 0 0 6.542
1 2 73.3333 1 0 -1 4 0 0 0 99 0 0 3.86373
1 2 73.3333 2 0 -1 4 0 0 0 99 0 0 13.429
1 2 73.3333 3 0 -1 4 0 0 0 99 0 0 19.9333
1 2 73.3333 4 0 -1 4 0 0 0 99 0 0 11.5159
1 2 73.3333 4 0 -1 4 0 0 0 99 0 0 4.62895
1 2 73.3333 5 0 -1 4 0 0 0 99 0 0 11.8985
1 2 73.3333 6 0 -1 4 0 0 0 99 0 0 4.24634
1 2 73.3333 6 0 -1 4 0 0 0 99 0 0 6.15939
t 1 73.3333 -3 1 1 0 0 0 0 -2
_00Alto
1 1 73.3333 10 0 0 4 0 0 -2
1 2 73.3333 6 0 0 4 0 0 -2
1 2 73.3333 103 0 1 4 0 0 -1.66
1 1 121.667 7 0 -1 4 0 0 0 99 0 0 3.46878
1 1 121.667 8 0 -1 4 0 0 0 99 0 0 4.60427
1 1 121.667 9 0 -1 4 0 0 0 99 0 0 3.46878
1 1 121.667 9 0 -1 4 0 0 0 99 0 0 3.46878
1 1 121.667 10 0 -1 4 0 0 0 99 0 0 11.9849
1 1 121.667 11 0 -1 4 0 0 0 99 0 0 3.46878
1 1 121.667 11 0 -1 4 0 0 0 99 0 0 14.2559
1 1 121.667 12 0 -1 4 0 0 0 99 0 0 2.90104
1 1 121.667 12 0 -1 4 0 0 0 99 0 0 16.5268
1 2 121.667 1 0 -1 4 0 0 0 99 0 0 19.9333
1 2 121.667 1 0 -1 4 0 0 0 99 0 0 4.03653
1 2 121.667 2 0 -1 4 0 0 0 99 0 0 18.2301
1 2 121.667 3 0 -1 4 0 0 0 99 0 0 2.90104
1 2 121.667 3 0 -1 4 0 0 0 99 0 0 12.5527
1 2 121.667 4 0 -1 4 0 0 0 99 0 0 4.03653
t 1 121.667 -3 1 1 0 0 0 0 -2
_00Tenore
1 1 121.667 7 0 0 4 0 0 -2
1 2 121.667 4 0 0 4 0 0 -2
1 2 121.667 101 0 1 4 0 0 -1.66
1 1 170 7 0 -1 4 0 0 0 99 0 0 4.36407
1 1 170 8 0 -1 4 0 0 0 99 0 0 7.74868
1 1 170 9 0 -1 4 0 0 0 99 0 0 5.04099
1 1 170 9 0 -1 4 0 0 0 99 0 0 4.36407
1 1 170 10 0 -1 4 0 0 0 99 0 0 10.4564
1 1 170 11 0 -1 4 0 0 0 99 0 0 15.8718
1 1 170 12 0 -1 4 0 0 0 99 0 0 14.5179
1 2 170 1 0 -1 4 0 0 0 99 0 0 19.9333
1 2 170 1 0 -1 4 0 0 0 99 0 0 4.36407
1 2 170 2 0 -1 4 0 0 0 99 0 0 15.8718
1 2 170 3 0 -1 4 0 0 0 99 0 0 15.8718
1 2 170 4 0 -1 4 0 0 0 99 0 0 3.01022
t 1 170 -3 1 1 0 0 0 0 -2
_00Quinto
1 1 170 7 0 0 4 0 0 -2
1 2 170 4 0 0 4 0 0 -2
1 2 170 101 0 1 4 0 0 -1.66
