#define SVG t 1 1 \n_99%svg%
t 2 10 14 1 1 0 0 0 0 -1.35
_00
8 1 0 0 0 200
8 2 0 -6 0 200
14 1 0 2
14 1 200 2
14 1 0 2 8
3 2 2
3 1 2 0 1
1 2 25 3 0 -1 4 0 0 0 99 0 0 5.47616
1 2 25 4 0 -1 4 0 0 0 99 0 0 3.59044
1 2 25 4 0 -1 4 0 0 0 99 0 0 4.21901
1 2 25 5 0 -1 4 0 0 0 99 0 0 8.61901
1 2 25 6 0 -1 4 0 0 0 99 0 0 6.10473
1 2 25 6 0 -1 4 0 0 0 99 0 0 19.9333
1 2 25 7 0 -1 4 0 0 0 99 0 0 5.47616
1 2 25 7 0 -1 4 0 0 0 99 0 0 18.0476
1 2 25 8 0 -1 4 0 0 0 99 0 0 16.1619
1 2 25 9 0 -1 4 0 0 0 99 0 0 7.99044
1 2 25 10 0 -1 4 0 0 0 99 0 0 2.96187
t 1 25 -3 1 1 0 0 0 0 -2
_00Canto
1 2 25 3 0 0 4 0 0 -2
1 2 25 10 0 0 4 0 0 -2
1 2 25 107 0 1 4 0 0 -1.66
1 1 73.3333 11 0 -1 4 0 0 0 99 0 0 3.1333
1 1 73.3333 12 0 -1 4 0 0 0 99 0 0 3.1333
1 2 73.3333 1 0 -1 4 0 0 0 99 0 0 2.7333
1 2 73.3333 1 0 -1 4 0 0 0 99 0 0 3.1333
1 2 73.3333 2 0 -1 4 0 0 0 99 0 0 8.3333
1 2 73.3333 3 0 -1 4 0 0 0 99 0 0 3.5333
1 2 73.3333 3 0 -1 4 0 0 0 99 0 0 19.9333
1 2 73.3333 4 0 -1 4 0 0 0 99 0 0 8.3333
1 2 73.3333 4 0 -1 4 0 0 0 99 0 0 4.7333
1 2 73.3333 5 0 -1 4 0 0 0 99 0 0 15.9333
1 2 73.3333 6 0 -1 4 0 0 0 99 0 0 3.1333
1 2 73.3333 6 0 -1 4 0 0 0 99 0 0 3.9333
t 1 73.3333 -3 1 1 0 0 0 0 -2
_00Alto
1 1 73.3333 11 0 0 4 0 0 -2
1 2 73.3333 6 0 0 4 0 0 -2
1 2 73.3333 103 0 1 4 0 0 -1.66
1 1 121.667 8 0 -1 4 0 0 0 99 0 0 6.96488
1 1 121.667 9 0 -1 4 0 0 0 99 0 0 4.18593
1 1 121.667 9 0 -1 4 0 0 0 99 0 0 6.03856
1 1 121.667 10 0 -1 4 0 0 0 99 0 0 12.5228
1 1 121.667 11 0 -1 4 0 0 0 99 0 0 6.03856
1 1 121.667 11 0 -1 4 0 0 0 99 0 0 19.9333
1 1 121.667 12 0 -1 4 0 0 0 99 0 0 3.25962
1 1 121.667 12 0 -1 4 0 0 0 99 0 0 17.1544
1 2 121.667 1 0 -1 4 0 0 0 99 0 0 19.007
1 2 121.667 1 0 -1 4 0 0 0 99 0 0 5.11225
1 2 121.667 2 0 -1 4 0 0 0 99 0 0 16.228
1 2 121.667 3 0 -1 4 0 0 0 99 0 0 14.3754
1 2 121.667 4 0 -1 4 0 0 0 99 0 0 3.25962
t 1 121.667 -3 1 1 0 0 0 0 -2
_00Tenore
1 1 121.667 8 0 0 4 0 0 -2
1 2 121.667 4 0 0 4 0 0 -2
1 1 121.667 112 0 1 4 0 0 -1.66
1 1 170 7 0 -1 4 0 0 0 99 0 0 3.31108
1 1 170 8 0 -1 4 0 0 0 99 0 0 5.26663
1 1 170 9 0 -1 4 0 0 0 99 0 0 9.17774
1 1 170 9 0 -1 4 0 0 0 99 0 0 5.26663
1 1 170 10 0 -1 4 0 0 0 99 0 0 17.9777
1 1 170 11 0 -1 4 0 0 0 99 0 0 5.26663
1 1 170 11 0 -1 4 0 0 0 99 0 0 19.9333
1 1 170 12 0 -1 4 0 0 0 99 0 0 3.31108
1 1 170 12 0 -1 4 0 0 0 99 0 0 17
1 2 170 1 0 -1 4 0 0 0 99 0 0 17.9777
1 2 170 1 0 -1 4 0 0 0 99 0 0 8.19997
1 2 170 2 0 -1 4 0 0 0 99 0 0 19.9333
1 2 170 3 0 -1 4 0 0 0 99 0 0 12.1111
t 1 170 -3 1 1 0 0 0 0 -2
_00Quinto
1 1 170 7 0 0 4 0 0 -2
1 2 170 3 0 0 4 0 0 -2
1 1 170 112 0 1 4 0 0 -1.66
