#define SVG t 1 1 \n_99%svg%
t 2 10 14 1 1 0 0 0 0 -1.35
_00
8 1 0 0 0 200
8 2 0 -6 0 200
14 1 0 2
14 1 200 2
14 1 0 2 8
3 2 2
3 1 2 0 1
1 2 25 1 0 -1 4 0 0 0 99 0 0 3.6211
1 2 25 2 0 -1 4 0 0 0 99 0 0 2.9772
1 2 25 3 0 -1 4 0 0 0 99 0 0 2.76257
1 2 25 3 0 -1 4 0 0 0 99 0 0 3.40647
1 2 25 4 0 -1 4 0 0 0 99 0 0 7.48452
1 2 25 4 0 -1 4 0 0 0 99 0 0 2.9772
1 2 25 5 0 -1 4 0 0 0 99 0 0 13.065
1 2 25 6 0 -1 4 0 0 0 99 0 0 19.9333
1 2 25 7 0 -1 4 0 0 0 99 0 0 19.504
1 2 25 8 0 -1 4 0 0 0 99 0 0 19.2894
1 2 25 9 0 -1 4 0 0 0 99 0 0 15.2113
1 2 25 10 0 -1 4 0 0 0 99 0 0 7.05525
1 2 25 10 0 -1 4 0 0 0 99 0 0 4.90891
1 2 25 11 0 -1 4 0 0 0 99 0 0 5.76745
1 2 25 12 0 -1 4 0 0 0 99 0 0 2.9772
t 1 25 -3 1 1 0 0 0 0 -2
_00?[Canto?]
1 2 25 1 0 0 4 0 0 -2
1 2 25 12 0 0 4 0 0 -2
1 2 25 107 0 1 4 0 0 -1.66
1 1 170 2 0 -1 4 0 0 0 99 0 0 5.1493
1 1 170 3 0 -1 4 0 0 0 99 0 0 10.7813
1 1 170 4 0 -1 4 0 0 0 99 0 0 5.1493
1 1 170 5 0 -1 4 0 0 0 99 0 0 5.1493
1 1 170 6 0 -1 4 0 0 0 99 0 0 10.7813
1 1 170 7 0 -1 4 0 0 0 99 0 0 19.2293
1 1 170 8 0 -1 4 0 0 0 99 0 0 10.7813
1 1 170 9 0 -1 4 0 0 0 99 0 0 19.9333
1 1 170 9 0 -1 4 0 0 0 99 0 0 5.1493
1 1 170 10 0 -1 4 0 0 0 99 0 0 16.4133
1 1 170 11 0 -1 4 0 0 0 99 0 0 10.7813
1 1 170 12 0 -1 4 0 0 0 99 0 0 7.9653
t 1 170 -3 1 1 0 0 0 0 -2
_00?[Basso continuo?]
1 1 170 2 0 0 4 0 0 -2
1 1 170 12 0 0 4 0 0 -2
1 1 170 108 0 1 4 0 0 -1.66
