#define SVG t 1 1 \n_99%svg%
t 2 10 14 1 1 0 0 0 0 -1.35
_00
8 1 0 0 0 200
8 2 0 -6 0 200
14 1 0 2
14 1 200 2
14 1 0 2 8
3 2 2
3 1 2 0 1
1 1 25 11 0 -1 4 0 0 0 99 0 0 2.63161
1 1 25 11 0 -1 4 0 0 0 99 0 0 3.22822
1 1 25 12 0 -1 4 0 0 0 99 0 0 2.92991
1 2 25 1 0 -1 4 0 0 0 99 0 0 4.71974
1 2 25 2 0 -1 4 0 0 0 99 0 0 5.91296
1 2 25 3 0 -1 4 0 0 0 99 0 0 19.9333
1 2 25 4 0 -1 4 0 0 0 99 0 0 7.10618
1 2 25 4 0 -1 4 0 0 0 99 0 0 3.82483
1 2 25 5 0 -1 4 0 0 0 99 0 0 10.3875
1 2 25 6 0 -1 4 0 0 0 99 0 0 3.82483
1 2 25 6 0 -1 4 0 0 0 99 0 0 4.42144
t 1 25 -3 1 1 0 0 0 0 -2
_00Alto
1 1 25 11 0 0 4 0 0 -2
1 2 25 6 0 0 4 0 0 -2
1 2 25 103 0 1 4 0 0 -1.66
1 1 97.5 8 0 -1 4 0 0 0 99 0 0 4.7333
1 1 97.5 10 0 -1 4 0 0 0 99 0 0 7.1333
1 1 97.5 11 0 -1 4 0 0 0 99 0 0 6.3333
1 1 97.5 11 0 -1 4 0 0 0 99 0 0 19.9333
1 1 97.5 12 0 -1 4 0 0 0 99 0 0 19.9333
1 2 97.5 1 0 -1 4 0 0 0 99 0 0 17.5333
1 2 97.5 1 0 -1 4 0 0 0 99 0 0 13.5333
1 2 97.5 2 0 -1 4 0 0 0 99 0 0 17.5333
1 2 97.5 3 0 -1 4 0 0 0 99 0 0 13.5333
1 2 97.5 4 0 -1 4 0 0 0 99 0 0 3.1333
t 1 97.5 -3 1 1 0 0 0 0 -2
_00Tenore
1 1 97.5 8 0 0 4 0 0 -2
1 2 97.5 4 0 0 4 0 0 -2
1 2 97.5 101 0 1 4 0 0 -1.66
1 1 170 3 0 -1 4 0 0 0 99 0 0 4.84759
1 1 170 4 0 -1 4 0 0 0 99 0 0 11.1333
1 1 170 5 0 -1 4 0 0 0 99 0 0 4.84759
1 1 170 6 0 -1 4 0 0 0 99 0 0 11.1333
1 1 170 7 0 -1 4 0 0 0 99 0 0 13.019
1 1 170 8 0 -1 4 0 0 0 99 0 0 19.9333
1 1 170 9 0 -1 4 0 0 0 99 0 0 6.7333
1 1 170 9 0 -1 4 0 0 0 99 0 0 2.96187
1 1 170 10 0 -1 4 0 0 0 99 0 0 9.24759
1 1 170 11 0 -1 4 0 0 0 99 0 0 2.96187
1 1 170 11 0 -1 4 0 0 0 99 0 0 7.36187
t 1 170 -3 1 1 0 0 0 0 -2
_00Basso
1 1 170 3 0 0 4 0 0 -2
1 1 170 11 0 0 4 0 0 -2
1 1 170 108 0 1 4 0 0 -1.66
