#define SVG t 1 1 \n_99%svg%
t 2 10 14 1 1 0 0 0 0 -1.35
_00
8 1 0 0 0 200
8 2 0 -6 0 200
14 1 0 2
14 1 200 2
14 1 0 2 8
3 2 2
3 1 2 0 1
1 2 25 2 0 -1 4 0 0 0 99 0 0 4.92154
1 2 25 3 0 -1 4 0 0 0 99 0 0 3.88624
1 2 25 4 0 -1 4 0 0 0 99 0 0 5.95683
1 2 25 4 0 -1 4 0 0 0 99 0 0 5.95683
1 2 25 5 0 -1 4 0 0 0 99 0 0 13.7215
1 2 25 6 0 -1 4 0 0 0 99 0 0 19.9333
1 2 25 7 0 -1 4 0 0 0 99 0 0 12.1686
1 2 25 7 0 -1 4 0 0 0 99 0 0 5.43918
1 2 25 8 0 -1 4 0 0 0 99 0 0 14.7568
1 2 25 8 0 -1 4 0 0 0 99 0 0 3.88624
1 2 25 9 0 -1 4 0 0 0 99 0 0 13.2039
1 2 25 10 0 -1 4 0 0 0 99 0 0 2.85095
t 1 25 -3 1 1 0 0 0 0 -2
_00Canto
1 2 25 2 0 0 4 0 0 -2
1 2 25 10 0 0 4 0 0 -2
1 2 25 106 0 1 4 0 0 -1.66
1 1 61.25 10 0 -1 4 0 0 0 99 0 0 2.85095
1 1 61.25 11 0 -1 4 0 0 0 99 0 0 4.92154
1 2 61.25 1 0 -1 4 0 0 0 99 0 0 3.36859
1 2 61.25 2 0 -1 4 0 0 0 99 0 0 11.6509
1 2 61.25 3 0 -1 4 0 0 0 99 0 0 11.1333
1 2 61.25 4 0 -1 4 0 0 0 99 0 0 19.9333
1 2 61.25 4 0 -1 4 0 0 0 99 0 0 4.92154
1 2 61.25 5 0 -1 4 0 0 0 99 0 0 17.3451
1 2 61.25 6 0 -1 4 0 0 0 99 0 0 11.6509
1 2 61.25 7 0 -1 4 0 0 0 99 0 0 2.85095
t 1 61.25 -3 1 1 0 0 0 0 -2
_00Alto
1 1 61.25 10 0 0 4 0 0 -2
1 2 61.25 7 0 0 4 0 0 -2
1 2 61.25 104 0 1 4 0 0 -1.66
1 1 97.5 7 0 -1 4 0 0 0 99 0 0 4.60427
1 1 97.5 8 0 -1 4 0 0 0 99 0 0 4.60427
1 1 97.5 9 0 -1 4 0 0 0 99 0 0 8.01072
1 1 97.5 10 0 -1 4 0 0 0 99 0 0 12.5527
1 1 97.5 11 0 -1 4 0 0 0 99 0 0 2.90104
1 1 97.5 11 0 -1 4 0 0 0 99 0 0 11.9849
1 1 97.5 12 0 -1 4 0 0 0 99 0 0 13.1204
1 1 97.5 12 0 -1 4 0 0 0 99 0 0 2.90104
1 2 97.5 1 0 -1 4 0 0 0 99 0 0 10.8494
1 2 97.5 1 0 -1 4 0 0 0 99 0 0 2.90104
1 2 97.5 2 0 -1 4 0 0 0 99 0 0 19.9333
1 2 97.5 3 0 -1 4 0 0 0 99 0 0 5.73975
1 2 97.5 4 0 -1 4 0 0 0 99 0 0 4.60427
t 1 97.5 -3 1 1 0 0 0 0 -2
_00Tenore
1 1 97.5 7 0 0 4 0 0 -2
1 2 97.5 4 0 0 4 0 0 -2
1 1 97.5 112 0 1 4 0 0 -1.66
1 1 133.75 6 0 -1 4 0 0 0 99 0 0 3.46878
1 1 133.75 7 0 -1 4 0 0 0 99 0 0 4.03653
1 1 133.75 8 0 -1 4 0 0 0 99 0 0 4.60427
1 1 133.75 9 0 -1 4 0 0 0 99 0 0 9.1462
1 1 133.75 9 0 -1 4 0 0 0 99 0 0 2.90104
1 1 133.75 10 0 -1 4 0 0 0 99 0 0 11.9849
1 1 133.75 11 0 -1 4 0 0 0 99 0 0 18.7978
1 1 133.75 12 0 -1 4 0 0 0 99 0 0 9.71395
1 2 133.75 1 0 -1 4 0 0 0 99 0 0 13.1204
1 2 133.75 2 0 -1 4 0 0 0 99 0 0 19.9333
1 2 133.75 3 0 -1 4 0 0 0 99 0 0 4.60427
1 2 133.75 4 0 -1 4 0 0 0 99 0 0 3.46878
t 1 133.75 -3 1 1 0 0 0 0 -2
_00Quinto
1 1 133.75 6 0 0 4 0 0 -2
1 2 133.75 4 0 0 4 0 0 -2
1 1 133.75 112 0 1 4 0 0 -1.66
1 1 170 2 0 -1 4 0 0 0 99 0 0 3.0373
1 1 170 3 0 -1 4 0 0 0 99 0 0 4.4453
1 1 170 4 0 -1 4 0 0 0 99 0 0 4.4453
1 1 170 5 0 -1 4 0 0 0 99 0 0 6.5573
1 1 170 6 0 -1 4 0 0 0 99 0 0 7.9653
1 1 170 7 0 -1 4 0 0 0 99 0 0 19.9333
1 1 170 8 0 -1 4 0 0 0 99 0 0 6.5573
1 1 170 9 0 -1 4 0 0 0 99 0 0 14.3013
1 1 170 9 0 -1 4 0 0 0 99 0 0 3.0373
1 1 170 10 0 -1 4 0 0 0 99 0 0 12.1893
1 1 170 11 0 -1 4 0 0 0 99 0 0 5.8533
1 1 170 12 0 -1 4 0 0 0 99 0 0 3.7413
t 1 170 -3 1 1 0 0 0 0 -2
_00Basso
1 1 170 2 0 0 4 0 0 -2
1 1 170 12 0 0 4 0 0 -2
1 1 170 107 0 1 4 0 0 -1.66
