#define SVG t 1 1 \n_99%svg%
t 2 10 14 1 1 0 0 0 0 -1.35
_00
8 1 0 0 0 200
8 2 0 -6 0 200
14 1 0 2
14 1 200 2
14 1 0 2 8
3 2 2
3 1 2 0 1
1 2 25 2 0 -1 4 0 0 0 99 0 0 2.83616
1 2 25 3 0 -1 4 0 0 0 99 0 0 5.35044
1 2 25 4 0 -1 4 0 0 0 99 0 0 6.85901
1 2 25 5 0 -1 4 0 0 0 99 0 0 12.3904
1 2 25 6 0 -1 4 0 0 0 99 0 0 15.9104
1 2 25 7 0 -1 4 0 0 0 99 0 0 2.83616
1 2 25 7 0 -1 4 0 0 0 99 0 0 10.8819
1 2 25 8 0 -1 4 0 0 0 99 0 0 9.87616
1 2 25 8 0 -1 4 0 0 0 99 0 0 4.84759
1 2 25 9 0 -1 4 0 0 0 99 0 0 10.379
1 2 25 10 0 -1 4 0 0 0 99 0 0 19.9333
1 2 25 11 0 -1 4 0 0 0 99 0 0 9.87616
1 2 25 11 0 -1 4 0 0 0 99 0 0 2.83616
1 2 25 12 0 -1 4 0 0 0 99 0 0 8.36759
1 2 25 13 0 -1 4 0 0 0 99 0 0 11.3847
t 1 25 -3 1 1 0 0 0 0 -2
_00Canto
1 2 25 2 0 0 4 0 0 -2
1 2 25 13 0 0 4 0 0 -2
1 2 25 108 0 1 4 0 0 -1.66
1 2 61.25 2 0 -1 4 0 0 0 99 0 0 8.19997
1 2 61.25 3 0 -1 4 0 0 0 99 0 0 12.6
1 2 61.25 4 0 -1 4 0 0 0 99 0 0 8.19997
1 2 61.25 4 0 -1 4 0 0 0 99 0 0 7.46663
1 2 61.25 5 0 -1 4 0 0 0 99 0 0 14.8
1 2 61.25 6 0 -1 4 0 0 0 99 0 0 17
1 2 61.25 7 0 -1 4 0 0 0 99 0 0 3.79997
1 2 61.25 7 0 -1 4 0 0 0 99 0 0 5.99997
1 2 61.25 8 0 -1 4 0 0 0 99 0 0 19.9333
1 2 61.25 8 0 -1 4 0 0 0 99 0 0 7.46663
1 2 61.25 9 0 -1 4 0 0 0 99 0 0 17.7333
1 2 61.25 10 0 -1 4 0 0 0 99 0 0 15.5333
1 2 61.25 11 0 -1 4 0 0 0 99 0 0 17.7333
1 2 61.25 12 0 -1 4 0 0 0 99 0 0 5.99997
1 2 61.25 13 0 -1 4 0 0 0 99 0 0 4.5333
t 1 61.25 -3 1 1 0 0 0 0 -2
_00Quinto
1 2 61.25 2 0 0 4 0 0 -2
1 2 61.25 13 0 0 4 0 0 -2
1 2 61.25 108 0 1 4 0 0 -1.66
1 1 97.5 11 0 -1 4 0 0 0 99 0 0 6.81957
1 1 97.5 12 0 -1 4 0 0 0 99 0 0 3.0235
1 2 97.5 1 0 -1 4 0 0 0 99 0 0 7.16467
1 2 97.5 1 0 -1 4 0 0 0 99 0 0 5.78428
1 2 97.5 2 0 -1 4 0 0 0 99 0 0 11.996
1 2 97.5 3 0 -1 4 0 0 0 99 0 0 16.1372
1 2 97.5 4 0 -1 4 0 0 0 99 0 0 11.6509
1 2 97.5 4 0 -1 4 0 0 0 99 0 0 2.6784
1 2 97.5 5 0 -1 4 0 0 0 99 0 0 6.81957
1 2 97.5 6 0 -1 4 0 0 0 99 0 0 3.0235
1 2 97.5 6 0 -1 4 0 0 0 99 0 0 19.9333
1 2 97.5 7 0 -1 4 0 0 0 99 0 0 3.36859
1 2 97.5 8 0 -1 4 0 0 0 99 0 0 5.43918
1 2 97.5 9 0 -1 4 0 0 0 99 0 0 3.0235
t 1 97.5 -3 1 1 0 0 0 0 -2
_00Alto
1 1 97.5 11 0 0 4 0 0 -2
1 2 97.5 9 0 0 4 0 0 -2
1 2 97.5 104 0 1 4 0 0 -1.66
1 1 133.75 9 0 -1 4 0 0 0 99 0 0 6.7333
1 1 133.75 10 0 -1 4 0 0 0 99 0 0 8.3833
1 1 133.75 11 0 -1 4 0 0 0 99 0 0 12.7833
1 1 133.75 12 0 -1 4 0 0 0 99 0 0 2.8833
1 1 133.75 12 0 -1 4 0 0 0 99 0 0 6.1833
1 2 133.75 1 0 -1 4 0 0 0 99 0 0 19.9333
1 2 133.75 1 0 -1 4 0 0 0 99 0 0 3.4333
1 2 133.75 2 0 -1 4 0 0 0 99 0 0 11.6833
1 2 133.75 3 0 -1 4 0 0 0 99 0 0 13.3333
1 2 133.75 4 0 -1 4 0 0 0 99 0 0 8.9333
1 2 133.75 5 0 -1 4 0 0 0 99 0 0 5.6333
1 2 133.75 6 0 -1 4 0 0 0 99 0 0 14.9833
t 1 133.75 -3 1 1 0 0 0 0 -2
_00Tenore
1 1 133.75 9 0 0 4 0 0 -2
1 2 133.75 6 0 0 4 0 0 -2
1 2 133.75 101 0 1 4 0 0 -1.66
1 1 170 4 0 -1 4 0 0 0 99 0 0 2.98515
1 1 170 6 0 -1 4 0 0 0 99 0 0 12.7629
1 1 170 7 0 -1 4 0 0 0 99 0 0 19.9333
1 1 170 8 0 -1 4 0 0 0 99 0 0 11.4592
1 1 170 9 0 -1 4 0 0 0 99 0 0 10.8074
1 1 170 9 0 -1 4 0 0 0 99 0 0 2.98515
1 1 170 10 0 -1 4 0 0 0 99 0 0 5.59256
1 1 170 11 0 -1 4 0 0 0 99 0 0 15.3703
1 1 170 12 0 -1 4 0 0 0 99 0 0 3.637
1 1 170 12 0 -1 4 0 0 0 99 0 0 2.98515
1 2 170 1 0 -1 4 0 0 0 99 0 0 4.94071
1 2 170 2 0 -1 4 0 0 0 99 0 0 8.19997
t 1 170 -3 1 1 0 0 0 0 -2
_00Basso
1 1 170 4 0 0 4 0 0 -2
1 2 170 2 0 0 4 0 0 -2
1 1 170 108 0 1 4 0 0 -1.66
