#define SVG t 1 1 \n_99%svg%
t 2 10 14 1 1 0 0 0 0 -1.35
_00
8 1 0 0 0 200
8 2 0 -6 0 200
14 1 0 2
14 1 200 2
14 1 0 2 8
3 2 2
3 1 2 0 1
1 2 25 3 0 -1 4 0 0 0 99 0 0 3.19184
1 2 25 4 0 -1 4 0 0 0 99 0 0 4.47964
1 2 25 5 0 -1 4 0 0 0 99 0 0 5.76745
1 2 25 6 0 -1 4 0 0 0 99 0 0 19.9333
1 2 25 7 0 -1 4 0 0 0 99 0 0 6.19671
1 2 25 8 0 -1 4 0 0 0 99 0 0 11.3479
1 2 25 8 0 -1 4 0 0 0 99 0 0 2.76257
1 2 25 9 0 -1 4 0 0 0 99 0 0 12.6357
1 2 25 10 0 -1 4 0 0 0 99 0 0 13.065
1 2 25 11 0 -1 4 0 0 0 99 0 0 10.4894
1 2 25 12 0 -1 4 0 0 0 99 0 0 9.20159
1 2 25 13 0 -1 4 0 0 0 99 0 0 4.05037
t 1 25 -3 1 1 0 0 0 0 -2
_00Canto
1 2 25 3 0 0 4 0 0 -2
1 2 25 13 0 0 4 0 0 -2
1 2 25 109 0 1 4 0 0 -1.66
1 2 61.25 2 0 -1 4 0 0 0 99 0 0 3.9833
1 2 61.25 3 0 -1 4 0 0 0 99 0 0 5.0833
1 2 61.25 4 0 -1 4 0 0 0 99 0 0 12.2333
1 2 61.25 5 0 -1 4 0 0 0 99 0 0 6.7333
1 2 61.25 6 0 -1 4 0 0 0 99 0 0 3.4333
1 2 61.25 6 0 -1 4 0 0 0 99 0 0 19.9333
1 2 61.25 7 0 -1 4 0 0 0 99 0 0 3.4333
1 2 61.25 7 0 -1 4 0 0 0 99 0 0 6.7333
1 2 61.25 8 0 -1 4 0 0 0 99 0 0 18.2833
1 2 61.25 8 0 -1 4 0 0 0 99 0 0 6.7333
1 2 61.25 9 0 -1 4 0 0 0 99 0 0 9.4833
1 2 61.25 10 0 -1 4 0 0 0 99 0 0 7.2833
1 2 61.25 11 0 -1 4 0 0 0 99 0 0 7.2833
1 2 61.25 12 0 -1 4 0 0 0 99 0 0 6.1833
t 1 61.25 -3 1 1 0 0 0 0 -2
_00Qvinto
1 2 61.25 2 0 0 4 0 0 -2
1 2 61.25 12 0 0 4 0 0 -2
1 2 61.25 107 0 1 4 0 0 -1.66
1 1 97.5 10 0 -1 4 0 0 0 99 0 0 2.91997
1 1 97.5 11 0 -1 4 0 0 0 99 0 0 2.91997
1 1 97.5 12 0 -1 4 0 0 0 99 0 0 2.91997
1 1 97.5 12 0 -1 4 0 0 0 99 0 0 3.50663
1 2 97.5 1 0 -1 4 0 0 0 99 0 0 12.3066
1 2 97.5 2 0 -1 4 0 0 0 99 0 0 15.24
1 2 97.5 3 0 -1 4 0 0 0 99 0 0 9.3733
1 2 97.5 4 0 -1 4 0 0 0 99 0 0 13.48
1 2 97.5 5 0 -1 4 0 0 0 99 0 0 11.1333
1 2 97.5 6 0 -1 4 0 0 0 99 0 0 19.9333
1 2 97.5 7 0 -1 4 0 0 0 99 0 0 2.91997
1 2 97.5 7 0 -1 4 0 0 0 99 0 0 2.91997
1 2 97.5 8 0 -1 4 0 0 0 99 0 0 8.19997
t 1 97.5 -3 1 1 0 0 0 0 -2
_00Alto
1 1 97.5 10 0 0 4 0 0 -2
1 2 97.5 8 0 0 4 0 0 -2
1 2 97.5 104 0 1 4 0 0 -1.66
1 1 133.75 9 0 -1 4 0 0 0 99 0 0 3.1714
1 1 133.75 10 0 -1 4 0 0 0 99 0 0 5.68568
1 1 133.75 11 0 -1 4 0 0 0 99 0 0 17.419
1 1 133.75 12 0 -1 4 0 0 0 99 0 0 6.52378
1 2 133.75 1 0 -1 4 0 0 0 99 0 0 16.5809
1 2 133.75 1 0 -1 4 0 0 0 99 0 0 3.1714
1 2 133.75 2 0 -1 4 0 0 0 99 0 0 19.9333
1 2 133.75 3 0 -1 4 0 0 0 99 0 0 17.419
1 2 133.75 4 0 -1 4 0 0 0 99 0 0 9.03806
1 2 133.75 5 0 -1 4 0 0 0 99 0 0 13.2285
1 2 133.75 6 0 -1 4 0 0 0 99 0 0 10.7143
t 1 133.75 -3 1 1 0 0 0 0 -2
_00Tenore
1 1 133.75 9 0 0 4 0 0 -2
1 2 133.75 6 0 0 4 0 0 -2
1 2 133.75 102 0 1 4 0 0 -1.66
1 1 170 5 0 -1 4 0 0 0 99 0 0 3.1714
1 1 170 6 0 -1 4 0 0 0 99 0 0 10.7143
1 1 170 7 0 -1 4 0 0 0 99 0 0 16.5809
1 1 170 8 0 -1 4 0 0 0 99 0 0 7.36187
1 1 170 9 0 -1 4 0 0 0 99 0 0 19.9333
1 1 170 10 0 -1 4 0 0 0 99 0 0 12.3904
1 1 170 11 0 -1 4 0 0 0 99 0 0 16.5809
1 1 170 12 0 -1 4 0 0 0 99 0 0 3.1714
1 2 170 1 0 -1 4 0 0 0 99 0 0 9.03806
1 2 170 2 0 -1 4 0 0 0 99 0 0 9.03806
1 2 170 4 0 -1 4 0 0 0 99 0 0 3.1714
t 1 170 -3 1 1 0 0 0 0 -2
_00Basso
1 1 170 5 0 0 4 0 0 -2
1 2 170 4 0 0 4 0 0 -2
1 1 170 109 0 1 4 0 0 -1.66
