#define SVG t 1 1 \n_99%svg%
t 2 10 14 1 1 0 0 0 0 -1.35
_00
8 1 0 0 0 200
8 2 0 -6 0 200
14 1 0 2
14 1 200 2
14 1 0 2 8
3 2 2
3 1 2 0 1
1 2 25 1 0 -1 4 0 0 0 99 0 0 2.6853
1 2 25 2 0 -1 4 0 0 0 99 0 0 4.7973
1 2 25 3 0 -1 4 0 0 0 99 0 0 7.9653
1 2 25 4 0 -1 4 0 0 0 99 0 0 8.6693
1 2 25 4 0 -1 4 0 0 0 99 0 0 2.6853
1 2 25 5 0 -1 4 0 0 0 99 0 0 17.1173
1 2 25 6 0 -1 4 0 0 0 99 0 0 3.0373
1 2 25 6 0 -1 4 0 0 0 99 0 0 19.9333
1 2 25 7 0 -1 4 0 0 0 99 0 0 12.5413
1 2 25 8 0 -1 4 0 0 0 99 0 0 12.5413
1 2 25 9 0 -1 4 0 0 0 99 0 0 5.5013
1 2 25 10 0 -1 4 0 0 0 99 0 0 3.0373
t 1 25 -3 1 1 0 0 0 0 -2
_00Canto
1 2 25 1 0 0 4 0 0 -2
1 2 25 10 0 0 4 0 0 -2
1 2 25 106 0 1 4 0 0 -1.66
1 1 54 11 0 -1 4 0 0 0 99 0 0 2.8833
1 1 54 12 0 -1 4 0 0 0 99 0 0 3.1583
1 2 54 1 0 -1 4 0 0 0 99 0 0 7.0083
1 2 54 1 0 -1 4 0 0 0 99 0 0 3.4333
1 2 54 2 0 -1 4 0 0 0 99 0 0 16.6333
1 2 54 3 0 -1 4 0 0 0 99 0 0 19.9333
1 2 54 4 0 -1 4 0 0 0 99 0 0 11.9583
1 2 54 4 0 -1 4 0 0 0 99 0 0 2.8833
1 2 54 5 0 -1 4 0 0 0 99 0 0 8.1083
t 1 54 -3 1 1 0 0 0 0 -2
_00Alto
1 1 54 11 0 0 4 0 0 -2
1 2 54 5 0 0 4 0 0 -2
1 2 54 103 0 1 4 0 0 -1.66
1 1 83 7 0 -1 4 0 0 0 99 0 0 3.01022
1 1 83 8 0 -1 4 0 0 0 99 0 0 3.01022
1 1 83 9 0 -1 4 0 0 0 99 0 0 3.01022
1 1 83 10 0 -1 4 0 0 0 99 0 0 6.39484
1 1 83 11 0 -1 4 0 0 0 99 0 0 14.1795
1 1 83 12 0 -1 4 0 0 0 99 0 0 4.02561
1 1 83 12 0 -1 4 0 0 0 99 0 0 17.5641
1 2 83 1 0 -1 4 0 0 0 99 0 0 19.9333
1 2 83 1 0 -1 4 0 0 0 99 0 0 3.01022
1 2 83 2 0 -1 4 0 0 0 99 0 0 15.1948
1 2 83 3 0 -1 4 0 0 0 99 0 0 6.05638
1 2 83 4 0 -1 4 0 0 0 99 0 0 2.67176
t 1 83 -3 1 1 0 0 0 0 -2
_00Quinto
1 1 83 7 0 0 4 0 0 -2
1 2 83 4 0 0 4 0 0 -2
1 2 83 101 0 1 4 0 0 -1.66
1 1 112 6 0 -1 4 0 0 0 99 0 0 3.33901
1 1 112 7 0 -1 4 0 0 0 99 0 0 3.84187
1 1 112 8 0 -1 4 0 0 0 99 0 0 7.86473
1 1 112 9 0 -1 4 0 0 0 99 0 0 6.35616
1 1 112 9 0 -1 4 0 0 0 99 0 0 3.33901
1 1 112 10 0 -1 4 0 0 0 99 0 0 16.4133
1 1 112 11 0 -1 4 0 0 0 99 0 0 5.8533
1 1 112 11 0 -1 4 0 0 0 99 0 0 19.9333
1 1 112 12 0 -1 4 0 0 0 99 0 0 3.33901
1 1 112 12 0 -1 4 0 0 0 99 0 0 14.9047
1 2 112 1 0 -1 4 0 0 0 99 0 0 16.9162
1 2 112 1 0 -1 4 0 0 0 99 0 0 3.84187
1 2 112 2 0 -1 4 0 0 0 99 0 0 14.9047
1 2 112 3 0 -1 4 0 0 0 99 0 0 6.85901
1 2 112 4 0 -1 4 0 0 0 99 0 0 2.83616
t 1 112 -3 1 1 0 0 0 0 -2
_00Tenore
1 1 112 6 0 0 4 0 0 -2
1 2 112 4 0 0 4 0 0 -2
1 1 112 111 0 1 4 0 0 -1.66
1 1 141 2 0 -1 4 0 0 0 99 0 0 2.98515
1 1 141 3 0 -1 4 0 0 0 99 0 0 6.24441
1 1 141 4 0 -1 4 0 0 0 99 0 0 8.19997
1 1 141 5 0 -1 4 0 0 0 99 0 0 3.637
1 1 141 5 0 -1 4 0 0 0 99 0 0 4.94071
1 1 141 6 0 -1 4 0 0 0 99 0 0 15.3703
1 1 141 7 0 -1 4 0 0 0 99 0 0 13.4148
1 1 141 8 0 -1 4 0 0 0 99 0 0 15.3703
1 1 141 9 0 -1 4 0 0 0 99 0 0 16.0222
1 1 141 10 0 -1 4 0 0 0 99 0 0 19.9333
1 1 141 11 0 -1 4 0 0 0 99 0 0 10.1555
t 1 141 -3 1 1 0 0 0 0 -2
_00Basso
1 1 141 2 0 0 4 0 0 -2
1 1 141 11 0 0 4 0 0 -2
1 1 141 108 0 1 4 0 0 -1.66
1 1 170 2 0 -1 4 0 0 0 99 0 0 4.76089
1 1 170 3 0 -1 4 0 0 0 99 0 0 9.00916
1 1 170 4 0 -1 4 0 0 0 99 0 0 12.6505
1 1 170 5 0 -1 4 0 0 0 99 0 0 4.15399
1 1 170 5 0 -1 4 0 0 0 99 0 0 4.15399
1 1 170 6 0 -1 4 0 0 0 99 0 0 18.1126
1 1 170 7 0 -1 4 0 0 0 99 0 0 18.1126
1 1 170 8 0 -1 4 0 0 0 99 0 0 12.6505
1 1 170 9 0 -1 4 0 0 0 99 0 0 12.0436
1 1 170 10 0 -1 4 0 0 0 99 0 0 19.9333
1 1 170 11 0 -1 4 0 0 0 99 0 0 12.6505
1 1 170 12 0 -1 4 0 0 0 99 0 0 5.36778
1 1 170 12 0 -1 4 0 0 0 99 0 0 2.9402
1 2 170 1 0 -1 4 0 0 0 99 0 0 4.76089
1 2 170 2 0 -1 4 0 0 0 99 0 0 2.9402
t 1 170 -3 1 1 0 0 0 0 -2
_00Basso continuo
1 1 170 2 0 0 4 0 0 -2
1 2 170 2 0 0 4 0 0 -2
1 1 170 108 0 1 4 0 0 -1.66
