#define SVG t 1 1 \n_99%svg%
t 2 10 14 1 1 0 0 0 0 -1.35
_00
8 1 0 0 0 200
8 2 0 -6 0 200
14 1 0 2
14 1 200 2
14 1 0 2 8
3 2 2
3 1 2 0 1
1 2 25 2 0 -1 4 0 0 0 99 0 0 3.31108
1 2 25 3 0 -1 4 0 0 0 99 0 0 7.71108
1 2 25 4 0 -1 4 0 0 0 99 0 0 8.68886
1 2 25 4 0 -1 4 0 0 0 99 0 0 4.77774
1 2 25 5 0 -1 4 0 0 0 99 0 0 15.0444
1 2 25 6 0 -1 4 0 0 0 99 0 0 2.82219
1 2 25 6 0 -1 4 0 0 0 99 0 0 19.9333
1 2 25 7 0 -1 4 0 0 0 99 0 0 4.77774
1 2 25 7 0 -1 4 0 0 0 99 0 0 16.0222
1 2 25 8 0 -1 4 0 0 0 99 0 0 16.5111
1 2 25 9 0 -1 4 0 0 0 99 0 0 8.19997
1 2 25 10 0 -1 4 0 0 0 99 0 0 4.77774
t 1 25 -3 1 1 0 0 0 0 -2
_00Canto
1 2 25 2 0 0 4 0 0 -2
1 2 25 10 0 0 4 0 0 -2
1 2 25 106 0 1 4 0 0 -1.66
1 1 54 10 0 -1 4 0 0 0 99 0 0 2.76257
1 1 54 11 0 -1 4 0 0 0 99 0 0 3.6211
1 1 54 12 0 -1 4 0 0 0 99 0 0 4.05037
1 2 54 1 0 -1 4 0 0 0 99 0 0 5.33818
1 2 54 1 0 -1 4 0 0 0 99 0 0 4.47964
1 2 54 2 0 -1 4 0 0 0 99 0 0 19.0748
1 2 54 3 0 -1 4 0 0 0 99 0 0 19.9333
1 2 54 4 0 -1 4 0 0 0 99 0 0 16.4992
1 2 54 4 0 -1 4 0 0 0 99 0 0 4.90891
1 2 54 5 0 -1 4 0 0 0 99 0 0 17.3577
1 2 54 6 0 -1 4 0 0 0 99 0 0 7.05525
t 1 54 -3 1 1 0 0 0 0 -2
_00Alto
1 1 54 10 0 0 4 0 0 -2
1 2 54 6 0 0 4 0 0 -2
1 2 54 103 0 1 4 0 0 -1.66
1 1 83 6 0 -1 4 0 0 0 99 0 0 2.72441
1 1 83 7 0 -1 4 0 0 0 99 0 0 4.28886
1 1 83 8 0 -1 4 0 0 0 99 0 0 3.89774
1 1 83 9 0 -1 4 0 0 0 99 0 0 3.89774
1 1 83 10 0 -1 4 0 0 0 99 0 0 7.80886
1 1 83 11 0 -1 4 0 0 0 99 0 0 3.50663
1 1 83 11 0 -1 4 0 0 0 99 0 0 14.4577
1 1 83 12 0 -1 4 0 0 0 99 0 0 4.28886
1 1 83 12 0 -1 4 0 0 0 99 0 0 16.0222
1 2 83 1 0 -1 4 0 0 0 99 0 0 19.9333
1 2 83 1 0 -1 4 0 0 0 99 0 0 3.11552
1 2 83 2 0 -1 4 0 0 0 99 0 0 17.1955
1 2 83 3 0 -1 4 0 0 0 99 0 0 12.1111
1 2 83 4 0 -1 4 0 0 0 99 0 0 3.50663
t 1 83 -3 1 1 0 0 0 0 -2
_00Quinto
1 1 83 6 0 0 4 0 0 -2
1 2 83 4 0 0 4 0 0 -2
1 2 83 101 0 1 4 0 0 -1.66
1 1 112 6 0 -1 4 0 0 0 99 0 0 3.5333
1 1 112 7 0 -1 4 0 0 0 99 0 0 5.1333
1 1 112 8 0 -1 4 0 0 0 99 0 0 5.5333
1 1 112 9 0 -1 4 0 0 0 99 0 0 7.1333
1 1 112 9 0 -1 4 0 0 0 99 0 0 4.7333
1 1 112 10 0 -1 4 0 0 0 99 0 0 12.7333
1 1 112 11 0 -1 4 0 0 0 99 0 0 3.9333
1 1 112 11 0 -1 4 0 0 0 99 0 0 19.9333
1 1 112 12 0 -1 4 0 0 0 99 0 0 3.5333
1 1 112 12 0 -1 4 0 0 0 99 0 0 11.5333
1 2 112 1 0 -1 4 0 0 0 99 0 0 10.7333
1 2 112 1 0 -1 4 0 0 0 99 0 0 3.5333
1 2 112 2 0 -1 4 0 0 0 99 0 0 8.7333
1 2 112 3 0 -1 4 0 0 0 99 0 0 5.1333
t 1 112 -3 1 1 0 0 0 0 -2
_00Tenore
1 1 112 6 0 0 4 0 0 -2
1 2 112 3 0 0 4 0 0 -2
1 1 112 111 0 1 4 0 0 -1.66
1 1 141 2 0 -1 4 0 0 0 99 0 0 4.0933
1 1 141 3 0 -1 4 0 0 0 99 0 0 8.4933
1 1 141 4 0 -1 4 0 0 0 99 0 0 12.0133
1 1 141 5 0 -1 4 0 0 0 99 0 0 3.2133
1 1 141 5 0 -1 4 0 0 0 99 0 0 6.7333
1 1 141 6 0 -1 4 0 0 0 99 0 0 12.0133
1 1 141 6 0 -1 4 0 0 0 99 0 0 3.2133
1 1 141 7 0 -1 4 0 0 0 99 0 0 17.2933
1 1 141 8 0 -1 4 0 0 0 99 0 0 15.5333
1 1 141 9 0 -1 4 0 0 0 99 0 0 14.6533
1 1 141 9 0 -1 4 0 0 0 99 0 0 8.4933
1 1 141 10 0 -1 4 0 0 0 99 0 0 19.9333
1 1 141 11 0 -1 4 0 0 0 99 0 0 11.1333
1 1 141 12 0 -1 4 0 0 0 99 0 0 4.0933
1 2 141 1 0 -1 4 0 0 0 99 0 0 7.6133
t 1 141 -3 1 1 0 0 0 0 -2
_00Basso
1 1 141 2 0 0 4 0 0 -2
1 2 141 1 0 0 4 0 0 -2
1 1 141 108 0 1 4 0 0 -1.66
1 1 170 2 0 -1 4 0 0 0 99 0 0 3.637
1 1 170 3 0 -1 4 0 0 0 99 0 0 8.19997
1 1 170 4 0 -1 4 0 0 0 99 0 0 11.4592
1 1 170 5 0 -1 4 0 0 0 99 0 0 5.59256
1 1 170 5 0 -1 4 0 0 0 99 0 0 6.89626
1 1 170 6 0 -1 4 0 0 0 99 0 0 14.7185
1 1 170 6 0 -1 4 0 0 0 99 0 0 2.98515
1 1 170 7 0 -1 4 0 0 0 99 0 0 19.9333
1 1 170 8 0 -1 4 0 0 0 99 0 0 17.3259
1 1 170 9 0 -1 4 0 0 0 99 0 0 14.7185
1 1 170 9 0 -1 4 0 0 0 99 0 0 4.94071
1 1 170 10 0 -1 4 0 0 0 99 0 0 19.2814
1 1 170 11 0 -1 4 0 0 0 99 0 0 10.1555
1 1 170 12 0 -1 4 0 0 0 99 0 0 3.637
t 1 170 -3 1 1 0 0 0 0 -2
_00Basso continuo
1 1 170 2 0 0 4 0 0 -2
1 1 170 12 0 0 4 0 0 -2
1 1 170 108 0 1 4 0 0 -1.66
