#define SVG t 1 1 \n_99%svg%
t 2 10 14 1 1 0 0 0 0 -1.35
_00
8 1 0 0 0 200
8 2 0 -6 0 200
14 1 0 2
14 1 200 2
14 1 0 2 8
3 2 2
3 1 2 0 1
1 2 25 2 0 -1 4 0 0 0 99 0 0 4.34473
1 2 25 3 0 -1 4 0 0 0 99 0 0 6.35616
1 2 25 4 0 -1 4 0 0 0 99 0 0 6.35616
1 2 25 4 0 -1 4 0 0 0 99 0 0 4.84759
1 2 25 5 0 -1 4 0 0 0 99 0 0 18.9276
1 2 25 6 0 -1 4 0 0 0 99 0 0 19.9333
1 2 25 7 0 -1 4 0 0 0 99 0 0 5.8533
1 2 25 7 0 -1 4 0 0 0 99 0 0 15.9104
1 2 25 8 0 -1 4 0 0 0 99 0 0 13.899
1 2 25 9 0 -1 4 0 0 0 99 0 0 12.3904
1 2 25 10 0 -1 4 0 0 0 99 0 0 4.34473
t 1 25 -3 1 1 0 0 0 0 -2
_00Canto
1 2 25 2 0 0 4 0 0 -2
1 2 25 10 0 0 4 0 0 -2
1 2 25 106 0 1 4 0 0 -1.66
1 1 54 10 0 -1 4 0 0 0 99 0 0 3.50663
1 1 54 11 0 -1 4 0 0 0 99 0 0 4.67997
1 1 54 12 0 -1 4 0 0 0 99 0 0 5.26663
1 2 54 1 0 -1 4 0 0 0 99 0 0 7.6133
1 2 54 1 0 -1 4 0 0 0 99 0 0 3.50663
1 2 54 2 0 -1 4 0 0 0 99 0 0 19.9333
1 2 54 3 0 -1 4 0 0 0 99 0 0 17
1 2 54 4 0 -1 4 0 0 0 99 0 0 8.78663
1 2 54 4 0 -1 4 0 0 0 99 0 0 5.8533
1 2 54 5 0 -1 4 0 0 0 99 0 0 17.5866
1 2 54 6 0 -1 4 0 0 0 99 0 0 4.67997
t 1 54 -3 1 1 0 0 0 0 -2
_00Alto
1 1 54 10 0 0 4 0 0 -2
1 2 54 6 0 0 4 0 0 -2
1 2 54 103 0 1 4 0 0 -1.66
1 1 83 6 0 -1 4 0 0 0 99 0 0 2.91997
1 1 83 7 0 -1 4 0 0 0 99 0 0 3.50663
1 1 83 8 0 -1 4 0 0 0 99 0 0 5.26663
1 1 83 9 0 -1 4 0 0 0 99 0 0 4.67997
1 1 83 9 0 -1 4 0 0 0 99 0 0 3.50663
1 1 83 10 0 -1 4 0 0 0 99 0 0 9.3733
1 1 83 11 0 -1 4 0 0 0 99 0 0 14.6533
1 1 83 12 0 -1 4 0 0 0 99 0 0 4.0933
1 1 83 12 0 -1 4 0 0 0 99 0 0 15.24
1 2 83 1 0 -1 4 0 0 0 99 0 0 19.9333
1 2 83 1 0 -1 4 0 0 0 99 0 0 2.91997
1 2 83 2 0 -1 4 0 0 0 99 0 0 18.1733
1 2 83 3 0 -1 4 0 0 0 99 0 0 9.3733
1 2 83 4 0 -1 4 0 0 0 99 0 0 4.67997
t 1 83 -3 1 1 0 0 0 0 -2
_00Quinto
1 1 83 6 0 0 4 0 0 -2
1 2 83 4 0 0 4 0 0 -2
1 2 83 101 0 1 4 0 0 -1.66
1 1 112 7 0 -1 4 0 0 0 99 0 0 5.04099
1 1 112 8 0 -1 4 0 0 0 99 0 0 5.04099
1 1 112 9 0 -1 4 0 0 0 99 0 0 3.68715
1 1 112 9 0 -1 4 0 0 0 99 0 0 5.04099
1 1 112 10 0 -1 4 0 0 0 99 0 0 14.5179
1 1 112 11 0 -1 4 0 0 0 99 0 0 6.39484
1 1 112 11 0 -1 4 0 0 0 99 0 0 19.9333
1 1 112 12 0 -1 4 0 0 0 99 0 0 17.2256
1 2 112 1 0 -1 4 0 0 0 99 0 0 15.1948
1 2 112 2 0 -1 4 0 0 0 99 0 0 8.42561
1 2 112 3 0 -1 4 0 0 0 99 0 0 4.36407
1 2 112 4 0 -1 4 0 0 0 99 0 0 3.01022
t 1 112 -3 1 1 0 0 0 0 -2
_00Tenore
1 1 112 7 0 0 4 0 0 -2
1 2 112 4 0 0 4 0 0 -2
1 1 112 111 0 1 4 0 0 -1.66
1 1 141 3 0 -1 4 0 0 0 99 0 0 5.68568
1 1 141 4 0 -1 4 0 0 0 99 0 0 6.52378
1 1 141 5 0 -1 4 0 0 0 99 0 0 3.1714
1 1 141 5 0 -1 4 0 0 0 99 0 0 4.00949
1 1 141 6 0 -1 4 0 0 0 99 0 0 14.9047
1 1 141 7 0 -1 4 0 0 0 99 0 0 16.5809
1 1 141 8 0 -1 4 0 0 0 99 0 0 17.419
1 1 141 9 0 -1 4 0 0 0 99 0 0 13.2285
1 1 141 9 0 -1 4 0 0 0 99 0 0 5.68568
1 1 141 10 0 -1 4 0 0 0 99 0 0 19.9333
1 1 141 11 0 -1 4 0 0 0 99 0 0 6.52378
t 1 141 -3 1 1 0 0 0 0 -2
_00Basso
1 1 141 3 0 0 4 0 0 -2
1 1 141 11 0 0 4 0 0 -2
1 1 141 108 0 1 4 0 0 -1.66
1 1 170 3 0 -1 4 0 0 0 99 0 0 10.2817
1 1 170 4 0 -1 4 0 0 0 99 0 0 9.71395
1 1 170 5 0 -1 4 0 0 0 99 0 0 2.90104
1 1 170 5 0 -1 4 0 0 0 99 0 0 3.46878
1 1 170 6 0 -1 4 0 0 0 99 0 0 15.9591
1 1 170 7 0 -1 4 0 0 0 99 0 0 19.9333
1 1 170 8 0 -1 4 0 0 0 99 0 0 15.3914
1 1 170 9 0 -1 4 0 0 0 99 0 0 9.71395
1 1 170 9 0 -1 4 0 0 0 99 0 0 4.03653
1 1 170 10 0 -1 4 0 0 0 99 0 0 14.8236
1 1 170 11 0 -1 4 0 0 0 99 0 0 6.30749
t 1 170 -3 1 1 0 0 0 0 -2
_00Basso continuo
1 1 170 3 0 0 4 0 0 -2
1 1 170 11 0 0 4 0 0 -2
1 1 170 107 0 1 4 0 0 -1.66
