#define SVG t 1 1 \n_99%svg%
t 2 10 14 1 1 0 0 0 0 -1.35
_00
8 1 0 0 0 200
8 2 0 -6 0 200
14 1 0 2
14 1 200 2
14 1 0 2 8
3 2 2
3 1 2 0 1
1 2 25 2 0 -1 4 0 0 0 99 0 0 3.9333
1 2 25 3 0 -1 4 0 0 0 99 0 0 8.7333
1 2 25 4 0 -1 4 0 0 0 99 0 0 6.06663
1 2 25 4 0 -1 4 0 0 0 99 0 0 4.46663
1 2 25 5 0 -1 4 0 0 0 99 0 0 19.4
1 2 25 6 0 -1 4 0 0 0 99 0 0 19.9333
1 2 25 7 0 -1 4 0 0 0 99 0 0 2.86663
1 2 25 7 0 -1 4 0 0 0 99 0 0 15.1333
1 2 25 8 0 -1 4 0 0 0 99 0 0 13
1 2 25 9 0 -1 4 0 0 0 99 0 0 8.19997
t 1 25 -3 1 1 0 0 0 0 -2
_00Canto
1 2 25 2 0 0 4 0 0 -2
1 2 25 9 0 0 4 0 0 -2
1 2 25 106 0 1 4 0 0 -1.66
1 1 54 10 0 -1 4 0 0 0 99 0 0 3.2133
1 1 54 11 0 -1 4 0 0 0 99 0 0 5.4133
1 1 54 12 0 -1 4 0 0 0 99 0 0 6.7333
1 2 54 1 0 -1 4 0 0 0 99 0 0 5.4133
1 2 54 1 0 -1 4 0 0 0 99 0 0 3.2133
1 2 54 2 0 -1 4 0 0 0 99 0 0 17.2933
1 2 54 3 0 -1 4 0 0 0 99 0 0 19.9333
1 2 54 4 0 -1 4 0 0 0 99 0 0 16.4133
1 2 54 4 0 -1 4 0 0 0 99 0 0 3.2133
1 2 54 5 0 -1 4 0 0 0 99 0 0 8.4933
1 2 54 6 0 -1 4 0 0 0 99 0 0 3.2133
t 1 54 -3 1 1 0 0 0 0 -2
_00Alto
1 1 54 10 0 0 4 0 0 -2
1 2 54 6 0 0 4 0 0 -2
1 2 54 103 0 1 4 0 0 -1.66
1 1 83 6 0 -1 4 0 0 0 99 0 0 2.82219
1 1 83 8 0 -1 4 0 0 0 99 0 0 3.31108
1 1 83 9 0 -1 4 0 0 0 99 0 0 3.31108
1 1 83 9 0 -1 4 0 0 0 99 0 0 3.79997
1 1 83 10 0 -1 4 0 0 0 99 0 0 10.1555
1 1 83 11 0 -1 4 0 0 0 99 0 0 10.6444
1 1 83 12 0 -1 4 0 0 0 99 0 0 2.82219
1 1 83 12 0 -1 4 0 0 0 99 0 0 19.9333
1 2 83 1 0 -1 4 0 0 0 99 0 0 18.9555
1 2 83 1 0 -1 4 0 0 0 99 0 0 4.28886
1 2 83 2 0 -1 4 0 0 0 99 0 0 15.5333
1 2 83 3 0 -1 4 0 0 0 99 0 0 6.24441
t 1 83 -3 1 1 0 0 0 0 -2
_00Quinto
1 1 83 6 0 0 4 0 0 -2
1 2 83 3 0 0 4 0 0 -2
1 1 83 112 0 1 4 0 0 -1.66
1 1 112 6 0 -1 4 0 0 0 99 0 0 2.9402
1 1 112 7 0 -1 4 0 0 0 99 0 0 3.54709
1 1 112 8 0 -1 4 0 0 0 99 0 0 2.9402
1 1 112 9 0 -1 4 0 0 0 99 0 0 3.54709
1 1 112 9 0 -1 4 0 0 0 99 0 0 4.76089
1 1 112 10 0 -1 4 0 0 0 99 0 0 16.8988
1 1 112 11 0 -1 4 0 0 0 99 0 0 7.18847
1 1 112 11 0 -1 4 0 0 0 99 0 0 19.9333
1 1 112 12 0 -1 4 0 0 0 99 0 0 2.9402
1 1 112 12 0 -1 4 0 0 0 99 0 0 18.1126
1 2 112 1 0 -1 4 0 0 0 99 0 0 13.8643
1 2 112 1 0 -1 4 0 0 0 99 0 0 2.9402
1 2 112 2 0 -1 4 0 0 0 99 0 0 10.223
1 2 112 3 0 -1 4 0 0 0 99 0 0 3.54709
t 1 112 -3 1 1 0 0 0 0 -2
_00Tenore
1 1 112 6 0 0 4 0 0 -2
1 2 112 3 0 0 4 0 0 -2
1 1 112 111 0 1 4 0 0 -1.66
1 1 141 3 0 -1 4 0 0 0 99 0 0 5.35044
1 1 141 4 0 -1 4 0 0 0 99 0 0 3.84187
1 1 141 5 0 -1 4 0 0 0 99 0 0 3.84187
1 1 141 6 0 -1 4 0 0 0 99 0 0 8.36759
1 1 141 7 0 -1 4 0 0 0 99 0 0 9.87616
1 1 141 8 0 -1 4 0 0 0 99 0 0 15.9104
1 1 141 9 0 -1 4 0 0 0 99 0 0 12.8933
1 1 141 9 0 -1 4 0 0 0 99 0 0 4.84759
1 1 141 10 0 -1 4 0 0 0 99 0 0 19.9333
1 1 141 11 0 -1 4 0 0 0 99 0 0 5.8533
t 1 141 -3 1 1 0 0 0 0 -2
_00Basso
1 1 141 3 0 0 4 0 0 -2
1 1 141 11 0 0 4 0 0 -2
1 1 141 109 0 1 4 0 0 -1.66
1 1 170 2 0 -1 4 0 0 0 99 0 0 2.86663
1 1 170 3 0 -1 4 0 0 0 99 0 0 6.06663
1 1 170 4 0 -1 4 0 0 0 99 0 0 6.59997
1 1 170 5 0 -1 4 0 0 0 99 0 0 3.39997
1 1 170 5 0 -1 4 0 0 0 99 0 0 4.46663
1 1 170 6 0 -1 4 0 0 0 99 0 0 14.0666
1 1 170 7 0 -1 4 0 0 0 99 0 0 12.4666
1 1 170 8 0 -1 4 0 0 0 99 0 0 15.1333
1 1 170 9 0 -1 4 0 0 0 99 0 0 13
1 1 170 9 0 -1 4 0 0 0 99 0 0 2.86663
1 1 170 10 0 -1 4 0 0 0 99 0 0 19.9333
1 1 170 11 0 -1 4 0 0 0 99 0 0 6.06663
1 1 170 12 0 -1 4 0 0 0 99 0 0 2.86663
1 2 170 1 0 -1 4 0 0 0 99 0 0 2.86663
t 1 170 -3 1 1 0 0 0 0 -2
_00Basso continuo
1 1 170 2 0 0 4 0 0 -2
1 2 170 1 0 0 4 0 0 -2
1 1 170 108 0 1 4 0 0 -1.66
