#define SVG t 1 1 \n_99%svg%
t 2 10 14 1 1 0 0 0 0 -1.35
_00
8 1 0 0 0 200
8 2 0 -6 0 200
14 1 0 2
14 1 200 2
14 1 0 2 8
3 2 2
3 1 2 0 1
1 2 25 1 0 -1 4 0 0 0 99 0 0 3.4333
1 2 25 2 0 -1 4 0 0 0 99 0 0 3.9833
1 2 25 3 0 -1 4 0 0 0 99 0 0 7.2833
1 2 25 4 0 -1 4 0 0 0 99 0 0 4.5333
1 2 25 4 0 -1 4 0 0 0 99 0 0 3.9833
1 2 25 5 0 -1 4 0 0 0 99 0 0 12.7833
1 2 25 6 0 -1 4 0 0 0 99 0 0 2.8833
1 2 25 6 0 -1 4 0 0 0 99 0 0 19.9333
1 2 25 7 0 -1 4 0 0 0 99 0 0 3.4333
1 2 25 7 0 -1 4 0 0 0 99 0 0 16.6333
1 2 25 8 0 -1 4 0 0 0 99 0 0 16.6333
1 2 25 9 0 -1 4 0 0 0 99 0 0 11.6833
1 2 25 10 0 -1 4 0 0 0 99 0 0 3.4333
t 1 25 -3 1 1 0 0 0 0 -2
_00Canto
1 2 25 1 0 0 4 0 0 -2
1 2 25 10 0 0 4 0 0 -2
1 2 25 106 0 1 4 0 0 -1.66
1 1 54 11 0 -1 4 0 0 0 99 0 0 3.25962
1 1 54 12 0 -1 4 0 0 0 99 0 0 2.79646
1 2 54 1 0 -1 4 0 0 0 99 0 0 6.03856
1 2 54 1 0 -1 4 0 0 0 99 0 0 3.25962
1 2 54 2 0 -1 4 0 0 0 99 0 0 14.8386
1 2 54 3 0 -1 4 0 0 0 99 0 0 19.9333
1 2 54 4 0 -1 4 0 0 0 99 0 0 14.8386
1 2 54 5 0 -1 4 0 0 0 99 0 0 14.3754
1 2 54 6 0 -1 4 0 0 0 99 0 0 2.79646
1 2 54 6 0 -1 4 0 0 0 99 0 0 6.03856
t 1 54 -3 1 1 0 0 0 0 -2
_00Alto
1 1 54 11 0 0 4 0 0 -2
1 2 54 6 0 0 4 0 0 -2
1 2 54 103 0 1 4 0 0 -1.66
1 1 83 7 0 -1 4 0 0 0 99 0 0 4.13843
1 1 83 8 0 -1 4 0 0 0 99 0 0 5.04099
1 1 83 9 0 -1 4 0 0 0 99 0 0 3.23586
1 1 83 9 0 -1 4 0 0 0 99 0 0 2.78458
1 1 83 10 0 -1 4 0 0 0 99 0 0 5.04099
1 1 83 11 0 -1 4 0 0 0 99 0 0 8.65125
1 1 83 12 0 -1 4 0 0 0 99 0 0 18.5795
1 2 83 1 0 -1 4 0 0 0 99 0 0 19.9333
1 2 83 2 0 -1 4 0 0 0 99 0 0 14.0666
1 2 83 3 0 -1 4 0 0 0 99 0 0 8.65125
t 1 83 -3 1 1 0 0 0 0 -2
_00Quinto
1 1 83 7 0 0 4 0 0 -2
1 2 83 3 0 0 4 0 0 -2
1 2 83 101 0 1 4 0 0 -1.66
1 1 112 7 0 -1 4 0 0 0 99 0 0 4.40389
1 1 112 8 0 -1 4 0 0 0 99 0 0 5.95683
1 1 112 9 0 -1 4 0 0 0 99 0 0 4.40389
1 1 112 9 0 -1 4 0 0 0 99 0 0 6.99212
1 1 112 10 0 -1 4 0 0 0 99 0 0 19.4157
1 1 112 11 0 -1 4 0 0 0 99 0 0 3.88624
1 1 112 11 0 -1 4 0 0 0 99 0 0 19.9333
1 1 112 12 0 -1 4 0 0 0 99 0 0 15.7921
1 2 112 1 0 -1 4 0 0 0 99 0 0 8.02742
1 2 112 2 0 -1 4 0 0 0 99 0 0 4.40389
t 1 112 -3 1 1 0 0 0 0 -2
_00Tenore
1 1 112 7 0 0 4 0 0 -2
1 2 112 2 0 0 4 0 0 -2
1 1 112 111 0 1 4 0 0 -1.66
1 1 141 2 0 -1 4 0 0 0 99 0 0 3.1333
1 1 141 3 0 -1 4 0 0 0 99 0 0 11.9333
1 1 141 4 0 -1 4 0 0 0 99 0 0 11.1333
1 1 141 5 0 -1 4 0 0 0 99 0 0 10.3333
1 1 141 6 0 -1 4 0 0 0 99 0 0 15.9333
1 1 141 7 0 -1 4 0 0 0 99 0 0 18.3333
1 1 141 8 0 -1 4 0 0 0 99 0 0 19.9333
1 1 141 9 0 -1 4 0 0 0 99 0 0 15.9333
1 1 141 10 0 -1 4 0 0 0 99 0 0 15.9333
1 1 141 11 0 -1 4 0 0 0 99 0 0 7.9333
t 1 141 -3 1 1 0 0 0 0 -2
_00Basso
1 1 141 2 0 0 4 0 0 -2
1 1 141 11 0 0 4 0 0 -2
1 1 141 107 0 1 4 0 0 -1.66
1 1 170 2 0 -1 4 0 0 0 99 0 0 3.1333
1 1 170 3 0 -1 4 0 0 0 99 0 0 17.5333
1 1 170 4 0 -1 4 0 0 0 99 0 0 17.5333
1 1 170 5 0 -1 4 0 0 0 99 0 0 9.5333
1 1 170 6 0 -1 4 0 0 0 99 0 0 17.5333
1 1 170 7 0 -1 4 0 0 0 99 0 0 19.9333
1 1 170 8 0 -1 4 0 0 0 99 0 0 17.5333
1 1 170 9 0 -1 4 0 0 0 99 0 0 12.7333
1 1 170 10 0 -1 4 0 0 0 99 0 0 15.1333
1 1 170 11 0 -1 4 0 0 0 99 0 0 7.1333
t 1 170 -3 1 1 0 0 0 0 -2
_00Basso continuo
1 1 170 2 0 0 4 0 0 -2
1 1 170 11 0 0 4 0 0 -2
1 1 170 107 0 1 4 0 0 -1.66
