#define SVG t 1 1 \n_99%svg%
t 2 10 14 1 1 0 0 0 0 -1.35
_00
8 1 0 0 0 200
8 2 0 -6 0 200
14 1 0 2
14 1 200 2
14 1 0 2 8
3 2 2
3 1 2 0 1
1 1 25 11 0 -1 4 0 0 0 99 0 0 3.28465
1 1 25 12 0 -1 4 0 0 0 99 0 0 2.80898
1 2 25 1 0 -1 4 0 0 0 99 0 0 4.236
1 2 25 2 0 -1 4 0 0 0 99 0 0 5.18735
1 2 25 3 0 -1 4 0 0 0 99 0 0 7.56573
1 2 25 4 0 -1 4 0 0 0 99 0 0 8.51708
1 2 25 4 0 -1 4 0 0 0 99 0 0 2.80898
1 2 25 5 0 -1 4 0 0 0 99 0 0 13.7495
1 2 25 6 0 -1 4 0 0 0 99 0 0 2.80898
1 2 25 6 0 -1 4 0 0 0 99 0 0 19.9333
1 2 25 7 0 -1 4 0 0 0 99 0 0 14.2252
1 2 25 8 0 -1 4 0 0 0 99 0 0 11.8468
1 2 25 9 0 -1 4 0 0 0 99 0 0 5.66303
1 2 25 10 0 -1 4 0 0 0 99 0 0 3.76033
t 1 25 -3 1 1 0 0 0 0 -2
_00Canto
1 1 25 11 0 0 4 0 0 -2
1 2 25 10 0 0 4 0 0 -2
1 2 25 106 0 1 4 0 0 -1.66
1 1 54 11 0 -1 4 0 0 0 99 0 0 3.6133
1 1 54 12 0 -1 4 0 0 0 99 0 0 3.2933
1 2 54 1 0 -1 4 0 0 0 99 0 0 7.7733
1 2 54 1 0 -1 4 0 0 0 99 0 0 2.6533
1 2 54 2 0 -1 4 0 0 0 99 0 0 16.7333
1 2 54 3 0 -1 4 0 0 0 99 0 0 2.9733
1 2 54 3 0 -1 4 0 0 0 99 0 0 19.9333
1 2 54 4 0 -1 4 0 0 0 99 0 0 15.4533
1 2 54 4 0 -1 4 0 0 0 99 0 0 2.9733
1 2 54 5 0 -1 4 0 0 0 99 0 0 8.0933
1 2 54 6 0 -1 4 0 0 0 99 0 0 3.6133
t 1 54 -3 1 1 0 0 0 0 -2
_00Alto
1 1 54 11 0 0 4 0 0 -2
1 2 54 6 0 0 4 0 0 -2
1 2 54 103 0 1 4 0 0 -1.66
1 1 83 7 0 -1 4 0 0 0 99 0 0 3.48113
1 1 83 8 0 -1 4 0 0 0 99 0 0 3.48113
1 1 83 9 0 -1 4 0 0 0 99 0 0 4.24634
1 1 83 9 0 -1 4 0 0 0 99 0 0 3.48113
1 1 83 10 0 -1 4 0 0 0 99 0 0 10.3681
1 1 83 11 0 -1 4 0 0 0 99 0 0 2.71591
1 1 83 11 0 -1 4 0 0 0 99 0 0 17.255
1 1 83 12 0 -1 4 0 0 0 99 0 0 3.48113
1 1 83 12 0 -1 4 0 0 0 99 0 0 17.6376
1 2 83 1 0 -1 4 0 0 0 99 0 0 19.9333
1 2 83 1 0 -1 4 0 0 0 99 0 0 3.48113
1 2 83 2 0 -1 4 0 0 0 99 0 0 9.60287
1 2 83 3 0 -1 4 0 0 0 99 0 0 4.62895
1 2 83 4 0 -1 4 0 0 0 99 0 0 3.09852
t 1 83 -3 1 1 0 0 0 0 -2
_00Quinto
1 1 83 7 0 0 4 0 0 -2
1 2 83 4 0 0 4 0 0 -2
1 1 83 112 0 1 4 0 0 -1.66
1 1 112 6 0 -1 4 0 0 0 99 0 0 4.18593
1 1 112 7 0 -1 4 0 0 0 99 0 0 5.57541
1 1 112 8 0 -1 4 0 0 0 99 0 0 6.50172
1 1 112 9 0 -1 4 0 0 0 99 0 0 4.64909
1 1 112 9 0 -1 4 0 0 0 99 0 0 5.11225
1 1 112 10 0 -1 4 0 0 0 99 0 0 10.207
1 1 112 11 0 -1 4 0 0 0 99 0 0 5.11225
1 1 112 11 0 -1 4 0 0 0 99 0 0 19.9333
1 1 112 12 0 -1 4 0 0 0 99 0 0 9.74383
1 2 112 1 0 -1 4 0 0 0 99 0 0 10.6701
1 2 112 2 0 -1 4 0 0 0 99 0 0 7.42804
1 2 112 3 0 -1 4 0 0 0 99 0 0 4.64909
t 1 112 -3 1 1 0 0 0 0 -2
_00Tenore
1 1 112 6 0 0 4 0 0 -2
1 2 112 3 0 0 4 0 0 -2
1 1 112 111 0 1 4 0 0 -1.66
1 1 141 3 0 -1 4 0 0 0 99 0 0 3.7413
1 1 141 4 0 -1 4 0 0 0 99 0 0 7.2613
1 1 141 5 0 -1 4 0 0 0 99 0 0 4.4453
1 1 141 5 0 -1 4 0 0 0 99 0 0 5.8533
1 1 141 6 0 -1 4 0 0 0 99 0 0 14.3013
1 1 141 6 0 -1 4 0 0 0 99 0 0 3.0373
1 1 141 7 0 -1 4 0 0 0 99 0 0 19.9333
1 1 141 8 0 -1 4 0 0 0 99 0 0 17.8213
1 1 141 9 0 -1 4 0 0 0 99 0 0 19.9333
1 1 141 10 0 -1 4 0 0 0 99 0 0 12.8933
1 1 141 11 0 -1 4 0 0 0 99 0 0 9.3733
1 1 141 12 0 -1 4 0 0 0 99 0 0 3.7413
1 2 141 1 0 -1 4 0 0 0 99 0 0 3.0373
t 1 141 -3 1 1 0 0 0 0 -2
_00Basso
1 1 141 3 0 0 4 0 0 -2
1 2 141 1 0 0 4 0 0 -2
1 1 141 108 0 1 4 0 0 -1.66
1 1 170 3 0 -1 4 0 0 0 99 0 0 5.47616
1 1 170 4 0 -1 4 0 0 0 99 0 0 10.5047
1 1 170 5 0 -1 4 0 0 0 99 0 0 3.59044
1 1 170 5 0 -1 4 0 0 0 99 0 0 8.61901
1 1 170 6 0 -1 4 0 0 0 99 0 0 16.7904
1 1 170 6 0 -1 4 0 0 0 99 0 0 2.96187
1 1 170 7 0 -1 4 0 0 0 99 0 0 19.9333
1 1 170 8 0 -1 4 0 0 0 99 0 0 18.0476
1 1 170 9 0 -1 4 0 0 0 99 0 0 16.1619
1 1 170 10 0 -1 4 0 0 0 99 0 0 14.2762
1 1 170 11 0 -1 4 0 0 0 99 0 0 9.87616
1 1 170 12 0 -1 4 0 0 0 99 0 0 2.96187
1 2 170 1 0 -1 4 0 0 0 99 0 0 3.59044
t 1 170 -3 1 1 0 0 0 0 -2
_00Basso continuo
1 1 170 3 0 0 4 0 0 -2
1 2 170 1 0 0 4 0 0 -2
1 1 170 107 0 1 4 0 0 -1.66
