#define SVG t 1 1 \n_99%svg%
t 2 10 14 1 1 0 0 0 0 -1.35
_00
8 1 0 0 0 200
8 2 0 -6 0 200
14 1 0 2
14 1 200 2
14 1 0 2 8
3 2 2
3 1 2 0 1
1 2 25 1 0 -1 4 0 0 0 99 0 0 3.76033
1 2 25 2 0 -1 4 0 0 0 99 0 0 3.76033
1 2 25 3 0 -1 4 0 0 0 99 0 0 2.80898
1 2 25 4 0 -1 4 0 0 0 99 0 0 7.56573
1 2 25 4 0 -1 4 0 0 0 99 0 0 2.80898
1 2 25 5 0 -1 4 0 0 0 99 0 0 11.8468
1 2 25 6 0 -1 4 0 0 0 99 0 0 11.8468
1 2 25 7 0 -1 4 0 0 0 99 0 0 9.94411
1 2 25 8 0 -1 4 0 0 0 99 0 0 19.9333
1 2 25 9 0 -1 4 0 0 0 99 0 0 17.5549
1 2 25 10 0 -1 4 0 0 0 99 0 0 5.18735
1 2 25 10 0 -1 4 0 0 0 99 0 0 4.71168
1 2 25 11 0 -1 4 0 0 0 99 0 0 9.46844
t 1 25 -3 1 1 0 0 0 0 -2
_00?[Canto I?]
1 2 25 1 0 0 4 0 0 -2
1 2 25 11 0 0 4 0 0 -2
1 2 25 108 0 1 4 0 0 -1.66
1 2 73.3333 1 0 -1 4 0 0 0 99 0 0 3.88624
1 2 73.3333 2 0 -1 4 0 0 0 99 0 0 6.99212
1 2 73.3333 3 0 -1 4 0 0 0 99 0 0 3.88624
1 2 73.3333 3 0 -1 4 0 0 0 99 0 0 3.36859
1 2 73.3333 4 0 -1 4 0 0 0 99 0 0 8.54506
1 2 73.3333 4 0 -1 4 0 0 0 99 0 0 5.95683
1 2 73.3333 5 0 -1 4 0 0 0 99 0 0 16.8274
1 2 73.3333 6 0 -1 4 0 0 0 99 0 0 19.9333
1 2 73.3333 7 0 -1 4 0 0 0 99 0 0 11.1333
1 2 73.3333 8 0 -1 4 0 0 0 99 0 0 12.6862
1 2 73.3333 9 0 -1 4 0 0 0 99 0 0 9.06271
1 2 73.3333 10 0 -1 4 0 0 0 99 0 0 3.88624
1 2 73.3333 10 0 -1 4 0 0 0 99 0 0 4.40389
1 2 73.3333 11 0 -1 4 0 0 0 99 0 0 7.50977
t 1 73.3333 -3 1 1 0 0 0 0 -2
_00?[Canto II?]
1 2 73.3333 1 0 0 4 0 0 -2
1 2 73.3333 11 0 0 4 0 0 -2
1 2 73.3333 106 0 1 4 0 0 -1.66
1 1 121.667 12 0 -1 4 0 0 0 99 0 0 4.28886
1 2 121.667 1 0 -1 4 0 0 0 99 0 0 4.28886
1 2 121.667 2 0 -1 4 0 0 0 99 0 0 11.4592
1 2 121.667 3 0 -1 4 0 0 0 99 0 0 6.24441
1 2 121.667 3 0 -1 4 0 0 0 99 0 0 3.637
1 2 121.667 4 0 -1 4 0 0 0 99 0 0 19.9333
1 2 121.667 4 0 -1 4 0 0 0 99 0 0 4.28886
1 2 121.667 5 0 -1 4 0 0 0 99 0 0 19.9333
1 2 121.667 6 0 -1 4 0 0 0 99 0 0 16.0222
1 2 121.667 7 0 -1 4 0 0 0 99 0 0 14.0666
1 2 121.667 8 0 -1 4 0 0 0 99 0 0 12.1111
1 2 121.667 9 0 -1 4 0 0 0 99 0 0 7.54811
1 2 121.667 10 0 -1 4 0 0 0 99 0 0 4.28886
1 2 121.667 11 0 -1 4 0 0 0 99 0 0 3.637
t 1 121.667 -3 1 1 0 0 0 0 -2
_00?[Canto III?]
1 1 121.667 12 0 0 4 0 0 -2
1 2 121.667 11 0 0 4 0 0 -2
1 2 121.667 105 0 1 4 0 0 -1.66
1 1 170 2 0 -1 4 0 0 0 99 0 0 4.84759
1 1 170 3 0 -1 4 0 0 0 99 0 0 9.87616
1 1 170 4 0 -1 4 0 0 0 99 0 0 4.84759
1 1 170 5 0 -1 4 0 0 0 99 0 0 12.3904
1 1 170 6 0 -1 4 0 0 0 99 0 0 9.87616
1 1 170 7 0 -1 4 0 0 0 99 0 0 17.419
1 1 170 8 0 -1 4 0 0 0 99 0 0 4.84759
1 1 170 9 0 -1 4 0 0 0 99 0 0 19.9333
1 1 170 9 0 -1 4 0 0 0 99 0 0 4.84759
1 1 170 10 0 -1 4 0 0 0 99 0 0 17.419
1 1 170 11 0 -1 4 0 0 0 99 0 0 7.36187
1 1 170 12 0 -1 4 0 0 0 99 0 0 4.84759
t 1 170 -3 1 1 0 0 0 0 -2
_00?[Basso continuo?]
1 1 170 2 0 0 4 0 0 -2
1 1 170 12 0 0 4 0 0 -2
1 1 170 107 0 1 4 0 0 -1.66
