#define SVG t 1 1 \n_99%svg%
t 2 10 14 1 1 0 0 0 0 -1.35
_00
8 1 0 0 0 200
8 2 0 -6 0 200
14 1 0 2
14 1 200 2
14 1 0 2 8
3 2 2
3 1 2 0 1
1 2 25 1 0 -1 4 0 0 0 99 0 0 3.06663
1 2 25 2 0 -1 4 0 0 0 99 0 0 5.26663
1 2 25 3 0 -1 4 0 0 0 99 0 0 5.99997
1 2 25 4 0 -1 4 0 0 0 99 0 0 4.5333
1 2 25 4 0 -1 4 0 0 0 99 0 0 5.99997
1 2 25 5 0 -1 4 0 0 0 99 0 0 18.4666
1 2 25 6 0 -1 4 0 0 0 99 0 0 3.79997
1 2 25 6 0 -1 4 0 0 0 99 0 0 17.7333
1 2 25 7 0 -1 4 0 0 0 99 0 0 17.7333
1 2 25 8 0 -1 4 0 0 0 99 0 0 19.9333
1 2 25 9 0 -1 4 0 0 0 99 0 0 8.19997
1 2 25 10 0 -1 4 0 0 0 99 0 0 3.79997
t 1 25 -3 1 1 0 0 0 0 -2
_00Canto
1 2 25 1 0 0 4 0 0 -2
1 2 25 10 0 0 4 0 0 -2
1 2 25 106 0 1 4 0 0 -1.66
1 1 54 11 0 -1 4 0 0 0 99 0 0 2.85095
1 1 54 12 0 -1 4 0 0 0 99 0 0 3.36859
1 2 54 1 0 -1 4 0 0 0 99 0 0 3.88624
1 2 54 1 0 -1 4 0 0 0 99 0 0 4.92154
1 2 54 2 0 -1 4 0 0 0 99 0 0 19.9333
1 2 54 3 0 -1 4 0 0 0 99 0 0 17.8627
1 2 54 4 0 -1 4 0 0 0 99 0 0 11.6509
1 2 54 5 0 -1 4 0 0 0 99 0 0 10.6157
1 2 54 6 0 -1 4 0 0 0 99 0 0 2.85095
1 2 54 6 0 -1 4 0 0 0 99 0 0 5.43918
t 1 54 -3 1 1 0 0 0 0 -2
_00Alto
1 1 54 11 0 0 4 0 0 -2
1 2 54 6 0 0 4 0 0 -2
1 2 54 103 0 1 4 0 0 -1.66
1 1 83 6 0 -1 4 0 0 0 99 0 0 2.91997
1 1 83 7 0 -1 4 0 0 0 99 0 0 4.67997
1 1 83 8 0 -1 4 0 0 0 99 0 0 6.43997
1 1 83 9 0 -1 4 0 0 0 99 0 0 5.8533
1 1 83 9 0 -1 4 0 0 0 99 0 0 2.91997
1 1 83 10 0 -1 4 0 0 0 99 0 0 10.5466
1 1 83 11 0 -1 4 0 0 0 99 0 0 19.9333
1 1 83 12 0 -1 4 0 0 0 99 0 0 4.0933
1 1 83 12 0 -1 4 0 0 0 99 0 0 18.76
1 2 83 1 0 -1 4 0 0 0 99 0 0 19.9333
1 2 83 1 0 -1 4 0 0 0 99 0 0 4.0933
1 2 83 2 0 -1 4 0 0 0 99 0 0 13.48
1 2 83 3 0 -1 4 0 0 0 99 0 0 10.5466
t 1 83 -3 1 1 0 0 0 0 -2
_00Quinto
1 1 83 6 0 0 4 0 0 -2
1 2 83 3 0 0 4 0 0 -2
1 1 83 112 0 1 4 0 0 -1.66
1 1 112 6 0 -1 4 0 0 0 99 0 0 3.59044
1 1 112 7 0 -1 4 0 0 0 99 0 0 4.21901
1 1 112 8 0 -1 4 0 0 0 99 0 0 5.47616
1 1 112 9 0 -1 4 0 0 0 99 0 0 4.21901
1 1 112 9 0 -1 4 0 0 0 99 0 0 3.59044
1 1 112 10 0 -1 4 0 0 0 99 0 0 16.1619
1 1 112 11 0 -1 4 0 0 0 99 0 0 16.7904
1 1 112 12 0 -1 4 0 0 0 99 0 0 2.96187
1 1 112 12 0 -1 4 0 0 0 99 0 0 13.019
1 2 112 1 0 -1 4 0 0 0 99 0 0 19.9333
1 2 112 2 0 -1 4 0 0 0 99 0 0 13.6476
1 2 112 3 0 -1 4 0 0 0 99 0 0 10.5047
1 2 112 4 0 -1 4 0 0 0 99 0 0 3.59044
t 1 112 -3 1 1 0 0 0 0 -2
_00Tenore
1 1 112 6 0 0 4 0 0 -2
1 2 112 4 0 0 4 0 0 -2
1 1 112 112 0 1 4 0 0 -1.66
1 1 141 3 0 -1 4 0 0 0 99 0 0 7.8333
1 1 141 4 0 -1 4 0 0 0 99 0 0 8.9333
1 1 141 5 0 -1 4 0 0 0 99 0 0 5.6333
1 1 141 6 0 -1 4 0 0 0 99 0 0 14.4333
1 1 141 7 0 -1 4 0 0 0 99 0 0 19.9333
1 1 141 8 0 -1 4 0 0 0 99 0 0 16.6333
1 1 141 9 0 -1 4 0 0 0 99 0 0 19.9333
1 1 141 9 0 -1 4 0 0 0 99 0 0 3.4333
1 1 141 10 0 -1 4 0 0 0 99 0 0 17.7333
1 1 141 11 0 -1 4 0 0 0 99 0 0 11.1333
1 2 141 1 0 -1 4 0 0 0 99 0 0 4.5333
t 1 141 -3 1 1 0 0 0 0 -2
_00Basso
1 1 141 3 0 0 4 0 0 -2
1 2 141 1 0 0 4 0 0 -2
1 1 141 108 0 1 4 0 0 -1.66
1 1 170 2 0 -1 4 0 0 0 99 0 0 3.01022
1 1 170 3 0 -1 4 0 0 0 99 0 0 7.74868
1 1 170 4 0 -1 4 0 0 0 99 0 0 9.10253
1 1 170 5 0 -1 4 0 0 0 99 0 0 4.36407
1 1 170 5 0 -1 4 0 0 0 99 0 0 4.36407
1 1 170 6 0 -1 4 0 0 0 99 0 0 19.9333
1 1 170 7 0 -1 4 0 0 0 99 0 0 19.9333
1 1 170 8 0 -1 4 0 0 0 99 0 0 17.9025
1 1 170 9 0 -1 4 0 0 0 99 0 0 17.2256
1 1 170 9 0 -1 4 0 0 0 99 0 0 3.01022
1 1 170 10 0 -1 4 0 0 0 99 0 0 16.5487
1 1 170 11 0 -1 4 0 0 0 99 0 0 8.42561
t 1 170 -3 1 1 0 0 0 0 -2
_00Basso continuo
1 1 170 2 0 0 4 0 0 -2
1 1 170 11 0 0 4 0 0 -2
1 1 170 107 0 1 4 0 0 -1.66
